2490 1
2491 1
2501 1
2502 1
2503 1
2504 1
2614 1
2616 1
2617 1
2618 1
2619 1
2620 1
2628 1
2629 1
2630 1
2631 1
2632 1
2633 1
2634 1
2635 1
2636 1
2738 1
2739 1
2740 1
2741 1
2742 1
2743 1
2744 1
2745 1
2746 1
2747 1
2748 1
2749 1
2754 1
2755 1
2756 1
2757 1
2758 1
2759 1
2760 1
2761 1
2762 1
2763 1
2764 1
2765 1
2766 1
2767 1
2865 1
2866 1
2867 1
2868 1
2869 1
2870 1
2871 1
2872 1
2873 1
2874 1
2875 1
2876 1
2877 1
2878 1
2881 1
2882 1
2883 1
2884 1
2885 1
2886 1
2887 1
2888 1
2889 1
2890 1
2891 1
2892 1
2893 1
2894 1
2895 1
2896 1
2993 1
2994 1
2995 1
2996 1
2997 1
2998 1
2999 1
3000 1
3001 1
3002 1
3003 1
3004 1
3005 1
3006 1
3007 1
3008 1
3009 1
3010 1
3011 1
3012 1
3013 1
3014 1
3015 1
3016 1
3017 1
3018 1
3019 1
3020 1
3022 1
3023 1
3024 1
3025 1
3026 1
3027 1
3116 1
3117 1
3118 1
3119 1
3120 1
3121 1
3122 1
3123 1
3124 1
3125 1
3126 1
3127 1
3128 1
3129 1
3130 1
3131 1
3132 1
3133 1
3134 1
3135 1
3136 1
3137 1
3138 1
3139 1
3140 1
3141 1
3142 1
3143 1
3144 1
3145 1
3146 1
3147 1
3148 1
3150 1
3151 1
3152 1
3153 1
3154 1
3155 1
3156 1
3243 1
3244 1
3245 1
3246 1
3247 1
3248 1
3249 1
3250 1
3251 1
3252 1
3253 1
3254 1
3255 1
3258 1
3259 1
3260 1
3261 1
3262 1
3263 1
3265 1
3266 1
3267 1
3268 1
3271 1
3272 1
3273 1
3274 1
3275 1
3276 1
3279 1
3280 1
3281 1
3282 1
3283 1
3284 1
3370 1
3371 1
3372 1
3373 1
3374 1
3375 1
3376 1
3377 1
3378 1
3379 1
3380 1
3381 1
3382 1
3386 1
3387 1
3388 1
3389 1
3390 1
3393 1
3394 1
3395 1
3396 1
3401 1
3402 1
3403 1
3404 1
3407 1
3408 1
3409 1
3411 1
3412 1
3413 1
3497 1
3498 1
3499 1
3500 1
3501 1
3502 1
3503 1
3504 1
3505 1
3506 1
3507 1
3508 1
3515 1
3516 1
3517 1
3518 1
3521 1
3522 1
3523 1
3524 1
3525 1
3529 1
3530 1
3531 1
3535 1
3536 1
3537 1
3540 1
3541 1
3624 1
3625 1
3626 1
3627 1
3628 1
3629 1
3630 1
3631 1
3632 1
3633 1
3634 1
3635 1
3636 1
3643 1
3644 1
3645 1
3646 1
3647 1
3648 1
3649 1
3650 1
3651 1
3652 1
3653 1
3654 1
3658 1
3659 1
3663 1
3664 1
3667 1
3668 1
3669 1
3752 1
3753 1
3754 1
3755 1
3756 1
3757 1
3758 1
3759 1
3760 1
3761 1
3762 1
3763 1
3764 1
3771 1
3772 1
3773 1
3774 1
3775 1
3776 1
3777 1
3778 1
3779 1
3780 1
3781 1
3782 1
3786 1
3787 1
3788 1
3789 1
3790 1
3791 1
3794 1
3795 1
3796 1
3797 1
3799 1
3800 1
3879 1
3880 1
3881 1
3882 1
3883 1
3884 1
3885 1
3886 1
3887 1
3888 1
3889 1
3890 1
3891 1
3892 1
3899 1
3900 1
3901 1
3902 1
3903 1
3904 1
3905 1
3906 1
3907 1
3908 1
3909 1
3914 1
3915 1
3916 1
3917 1
3918 1
3921 1
3922 1
3923 1
3924 1
3925 1
3926 1
3927 1
3928 1
3929 1
4007 1
4008 1
4009 1
4010 1
4011 1
4012 1
4013 1
4015 1
4016 1
4017 1
4018 1
4019 1
4020 1
4026 1
4027 1
4028 1
4029 1
4030 1
4031 1
4032 1
4033 1
4034 1
4035 1
4036 1
4037 1
4038 1
4042 1
4043 1
4044 1
4045 1
4046 1
4048 1
4049 1
4050 1
4051 1
4052 1
4053 1
4054 1
4055 1
4056 1
4057 1
4058 1
4134 1
4135 1
4136 1
4137 1
4144 1
4145 1
4146 1
4147 1
4153 1
4154 1
4155 1
4156 1
4157 1
4158 1
4159 1
4160 1
4161 1
4162 1
4163 1
4164 1
4165 1
4166 1
4171 1
4172 1
4173 1
4174 1
4176 1
4177 1
4178 1
4179 1
4180 1
4181 1
4182 1
4183 1
4184 1
4185 1
4186 1
4261 1
4262 1
4263 1
4264 1
4265 1
4272 1
4273 1
4274 1
4282 1
4283 1
4284 1
4285 1
4286 1
4287 1
4288 1
4289 1
4290 1
4293 1
4300 1
4301 1
4302 1
4305 1
4306 1
4309 1
4310 1
4311 1
4312 1
4313 1
4314 1
4315 1
4316 1
4389 1
4390 1
4391 1
4392 1
4393 1
4394 1
4410 1
4411 1
4412 1
4413 1
4414 1
4415 1
4416 1
4417 1
4418 1
4437 1
4438 1
4439 1
4440 1
4441 1
4442 1
4443 1
4444 1
4516 1
4517 1
4518 1
4519 1
4520 1
4521 1
4522 1
4523 1
4538 1
4539 1
4540 1
4541 1
4542 1
4543 1
4544 1
4545 1
4546 1
4547 1
4548 1
4568 1
4569 1
4570 1
4571 1
4572 1
4644 1
4645 1
4646 1
4647 1
4648 1
4649 1
4650 1
4651 1
4652 1
4667 1
4668 1
4671 1
4672 1
4673 1
4674 1
4675 1
4676 1
4677 1
4678 1
4696 1
4697 1
4698 1
4699 1
4700 1
4771 1
4772 1
4773 1
4774 1
4775 1
4777 1
4778 1
4779 1
4780 1
4781 1
4798 1
4799 1
4800 1
4801 1
4802 1
4803 1
4804 1
4805 1
4806 1
4822 1
4823 1
4824 1
4825 1
4826 1
4827 1
4828 1
4829 1
4830 1
4898 1
4899 1
4900 1
4901 1
4902 1
4910 1
4926 1
4927 1
4928 1
4929 1
4930 1
4931 1
4932 1
4933 1
4949 1
4950 1
4951 1
4952 1
4953 1
4954 1
4955 1
4956 1
4957 1
4958 1
5026 1
5027 1
5028 1
5029 1
5030 1
5054 1
5055 1
5056 1
5057 1
5058 1
5077 1
5078 1
5079 1
5080 1
5081 1
5082 1
5083 1
5084 1
5085 1
5086 1
5153 1
5154 1
5155 1
5156 1
5157 1
5158 1
5159 1
5160 1
5179 1
5180 1
5181 1
5182 1
5183 1
5184 1
5185 1
5186 1
5204 1
5205 1
5206 1
5207 1
5208 1
5209 1
5210 1
5211 1
5212 1
5213 1
5214 1
5280 1
5281 1
5282 1
5283 1
5284 1
5285 1
5286 1
5287 1
5288 1
5289 1
5290 1
5311 1
5312 1
5313 1
5314 1
5315 1
5331 1
5332 1
5333 1
5334 1
5335 1
5336 1
5337 1
5338 1
5339 1
5340 1
5341 1
5342 1
5343 1
5409 1
5410 1
5411 1
5412 1
5413 1
5414 1
5415 1
5416 1
5417 1
5418 1
5419 1
5420 1
5421 1
5422 1
5439 1
5440 1
5441 1
5442 1
5443 1
5445 1
5455 1
5456 1
5460 1
5461 1
5462 1
5463 1
5464 1
5465 1
5466 1
5467 1
5468 1
5469 1
5470 1
5471 1
5538 1
5539 1
5540 1
5541 1
5542 1
5543 1
5544 1
5545 1
5546 1
5547 1
5548 1
5549 1
5550 1
5551 1
5552 1
5553 1
5567 1
5568 1
5569 1
5570 1
5571 1
5583 1
5584 1
5585 1
5589 1
5590 1
5591 1
5593 1
5594 1
5595 1
5597 1
5598 1
5599 1
5666 1
5667 1
5668 1
5669 1
5670 1
5671 1
5678 1
5679 1
5680 1
5681 1
5682 1
5695 1
5696 1
5697 1
5698 1
5699 1
5711 1
5712 1
5713 1
5714 1
5722 1
5723 1
5724 1
5725 1
5726 1
5727 1
5728 1
5729 1
5793 1
5794 1
5795 1
5796 1
5797 1
5798 1
5799 1
5800 1
5805 1
5806 1
5807 1
5808 1
5809 1
5810 1
5824 1
5825 1
5826 1
5827 1
5840 1
5841 1
5842 1
5843 1
5850 1
5851 1
5852 1
5853 1
5854 1
5855 1
5856 1
5857 1
5921 1
5922 1
5923 1
5924 1
5925 1
5926 1
5927 1
5928 1
5929 1
5930 1
5931 1
5932 1
5933 1
5934 1
5935 1
5936 1
5937 1
5938 1
5952 1
5953 1
5954 1
5968 1
5969 1
5970 1
5971 1
5972 1
5973 1
5974 1
5975 1
5980 1
5981 1
5982 1
5983 1
5984 1
5985 1
6048 1
6049 1
6050 1
6055 1
6056 1
6057 1
6058 1
6059 1
6060 1
6061 1
6062 1
6063 1
6064 1
6065 1
6066 1
6080 1
6081 1
6082 1
6096 1
6097 1
6098 1
6099 1
6100 1
6101 1
6102 1
6109 1
6110 1
6111 1
6112 1
6113 1
6177 1
6179 1
6180 1
6186 1
6189 1
6190 1
6191 1
6192 1
6193 1
6194 1
6208 1
6209 1
6210 1
6225 1
6226 1
6227 1
6228 1
6234 1
6235 1
6236 1
6237 1
6238 1
6239 1
6240 1
6305 1
6306 1
6307 1
6308 1
6309 1
6317 1
6318 1
6319 1
6320 1
6321 1
6336 1
6337 1
6338 1
6361 1
6362 1
6363 1
6364 1
6365 1
6366 1
6367 1
6368 1
6431 1
6432 1
6433 1
6434 1
6435 1
6436 1
6437 1
6445 1
6446 1
6447 1
6448 1
6449 1
6465 1
6482 1
6483 1
6484 1
6485 1
6489 1
6490 1
6491 1
6492 1
6493 1
6494 1
6495 1
6557 1
6558 1
6559 1
6560 1
6561 1
6562 1
6563 1
6564 1
6565 1
6566 1
6573 1
6574 1
6575 1
6576 1
6577 1
6610 1
6611 1
6612 1
6613 1
6614 1
6615 1
6618 1
6619 1
6620 1
6621 1
6622 1
6623 1
6624 1
6625 1
6626 1
6685 1
6686 1
6687 1
6690 1
6691 1
6692 1
6693 1
6694 1
6695 1
6696 1
6700 1
6701 1
6702 1
6703 1
6728 1
6738 1
6741 1
6742 1
6743 1
6747 1
6748 1
6749 1
6750 1
6752 1
6753 1
6754 1
6755 1
6812 1
6813 1
6814 1
6818 1
6819 1
6820 1
6821 1
6822 1
6823 1
6824 1
6826 1
6827 1
6828 1
6829 1
6830 1
6849 1
6869 1
6870 1
6874 1
6875 1
6876 1
6877 1
6880 1
6881 1
6882 1
6883 1
6940 1
6941 1
6942 1
6947 1
6948 1
6951 1
6952 1
6953 1
6954 1
6955 1
6956 1
6976 1
6977 1
6996 1
6997 1
6998 1
7001 1
7002 1
7003 1
7004 1
7007 1
7008 1
7009 1
7010 1
7011 1
7068 1
7069 1
7081 1
7082 1
7083 1
7084 1
7105 1
7124 1
7125 1
7126 1
7127 1
7129 1
7130 1
7131 1
7135 1
7136 1
7137 1
7138 1
7139 1
7197 1
7198 1
7211 1
7212 1
7213 1
7242 1
7253 1
7263 1
7264 1
7265 1
7266 1
7267 1
7318 1
7323 1
7325 1
7326 1
7327 1
7328 1
7332 1
7340 1
7341 1
7349 1
7392 1
7393 1
7394 1
7395 1
7445 1
7446 1
7450 1
7451 1
7452 1
7453 1
7454 1
7455 1
7456 1
7457 1
7460 1
7461 1
7462 1
7463 1
7464 1
7469 1
7476 1
7503 1
7510 1
7511 1
7516 1
7517 1
7520 1
7521 1
7522 1
7523 1
7573 1
7574 1
7578 1
7579 1
7580 1
7582 1
7583 1
7584 1
7585 1
7586 1
7590 1
7591 1
7592 1
7593 1
7594 1
7616 1
7617 1
7618 1
7635 1
7636 1
7638 1
7639 1
7640 1
7643 1
7644 1
7648 1
7649 1
7650 1
7651 1
7656 1
7657 1
7701 1
7702 1
7706 1
7707 1
7710 1
7711 1
7712 1
7713 1
7714 1
7715 1
7718 1
7719 1
7720 1
7721 1
7722 1
7743 1
7744 1
7745 1
7746 1
7766 1
7767 1
7768 1
7769 1
7770 1
7771 1
7772 1
7776 1
7777 1
7778 1
7779 1
7782 1
7783 1
7784 1
7785 1
7829 1
7830 1
7834 1
7835 1
7838 1
7839 1
7840 1
7841 1
7846 1
7847 1
7848 1
7872 1
7873 1
7874 1
7875 1
7894 1
7895 1
7896 1
7897 1
7900 1
7903 1
7904 1
7905 1
7906 1
7907 1
7908 1
7911 1
7912 1
7913 1
7914 1
7962 1
7963 1
7966 1
7967 1
7968 1
7969 1
7970 1
7973 1
7974 1
7975 1
7976 1
8000 1
8001 1
8002 1
8003 1
8022 1
8023 1
8024 1
8025 1
8028 1
8029 1
8030 1
8031 1
8032 1
8033 1
8034 1
8035 1
8036 1
8041 1
8090 1
8091 1
8092 1
8093 1
8094 1
8095 1
8096 1
8097 1
8098 1
8099 1
8100 1
8101 1
8102 1
8103 1
8104 1
8105 1
8127 1
8128 1
8129 1
8130 1
8131 1
8132 1
8149 1
8150 1
8151 1
8152 1
8153 1
8154 1
8155 1
8156 1
8157 1
8158 1
8159 1
8160 1
8163 1
8164 1
8218 1
8219 1
8220 1
8221 1
8222 1
8223 1
8224 1
8225 1
8226 1
8227 1
8229 1
8230 1
8231 1
8232 1
8233 1
8234 1
8255 1
8256 1
8257 1
8258 1
8259 1
8270 1
8277 1
8278 1
8279 1
8280 1
8281 1
8282 1
8283 1
8284 1
8285 1
8286 1
8287 1
8291 1
8292 1
8293 1
8346 1
8347 1
8348 1
8349 1
8350 1
8351 1
8352 1
8353 1
8354 1
8355 1
8359 1
8360 1
8361 1
8362 1
8383 1
8384 1
8385 1
8386 1
8387 1
8398 1
8406 1
8407 1
8408 1
8409 1
8410 1
8411 1
8412 1
8413 1
8418 1
8419 1
8420 1
8421 1
8422 1
8474 1
8475 1
8476 1
8477 1
8478 1
8479 1
8480 1
8481 1
8482 1
8483 1
8484 1
8485 1
8487 1
8488 1
8489 1
8490 1
8491 1
8511 1
8512 1
8513 1
8514 1
8515 1
8533 1
8534 1
8535 1
8536 1
8537 1
8538 1
8539 1
8540 1
8541 1
8542 1
8543 1
8544 1
8545 1
8546 1
8547 1
8548 1
8549 1
8601 1
8602 1
8603 1
8604 1
8605 1
8606 1
8607 1
8608 1
8609 1
8610 1
8611 1
8612 1
8613 1
8614 1
8615 1
8616 1
8617 1
8618 1
8619 1
8620 1
8630 1
8631 1
8639 1
8640 1
8641 1
8642 1
8643 1
8660 1
8661 1
8662 1
8663 1
8664 1
8665 1
8666 1
8667 1
8668 1
8669 1
8670 1
8671 1
8672 1
8673 1
8674 1
8675 1
8676 1
8677 1
8729 1
8730 1
8731 1
8732 1
8733 1
8734 1
8735 1
8736 1
8737 1
8738 1
8739 1
8740 1
8741 1
8742 1
8743 1
8747 1
8748 1
8749 1
8758 1
8759 1
8762 1
8763 1
8768 1
8769 1
8770 1
8771 1
8772 1
8788 1
8789 1
8790 1
8791 1
8792 1
8795 1
8796 1
8797 1
8798 1
8799 1
8800 1
8801 1
8802 1
8803 1
8804 1
8805 1
8857 1
8858 1
8859 1
8860 1
8861 1
8862 1
8863 1
8864 1
8865 1
8866 1
8867 1
8868 1
8869 1
8870 1
8871 1
8877 1
8878 1
8885 1
8886 1
8887 1
8890 1
8891 1
8896 1
8897 1
8898 1
8899 1
8900 1
8915 1
8916 1
8917 1
8918 1
8924 1
8925 1
8926 1
8927 1
8928 1
8929 1
8930 1
8931 1
8932 1
8933 1
8985 1
8986 1
8987 1
8988 1
8989 1
8990 1
8991 1
9000 1
9001 1
9002 1
9006 1
9013 1
9014 1
9015 1
9016 1
9017 1
9018 1
9019 1
9020 1
9021 1
9022 1
9023 1
9024 1
9025 1
9026 1
9027 1
9028 1
9029 1
9042 1
9043 1
9044 1
9045 1
9046 1
9050 1
9051 1
9052 1
9053 1
9054 1
9055 1
9056 1
9057 1
9058 1
9059 1
9060 1
9061 1
9112 1
9113 1
9114 1
9115 1
9116 1
9117 1
9118 1
9119 1
9120 1
9121 1
9122 1
9128 1
9129 1
9130 1
9142 1
9143 1
9144 1
9145 1
9146 1
9147 1
9148 1
9149 1
9150 1
9151 1
9152 1
9153 1
9154 1
9155 1
9156 1
9157 1
9169 1
9170 1
9171 1
9172 1
9173 1
9174 1
9175 1
9176 1
9177 1
9178 1
9179 1
9180 1
9181 1
9182 1
9183 1
9184 1
9185 1
9186 1
9187 1
9188 1
9189 1
9240 1
9241 1
9242 1
9243 1
9244 1
9245 1
9246 1
9247 1
9248 1
9249 1
9250 1
9251 1
9252 1
9253 1
9254 1
9255 1
9256 1
9257 1
9258 1
9268 1
9269 1
9270 1
9271 1
9272 1
9273 1
9274 1
9275 1
9276 1
9277 1
9278 1
9279 1
9280 1
9281 1
9282 1
9283 1
9284 1
9285 1
9286 1
9297 1
9298 1
9299 1
9300 1
9301 1
9302 1
9303 1
9304 1
9305 1
9306 1
9307 1
9308 1
9309 1
9310 1
9311 1
9312 1
9313 1
9314 1
9315 1
9316 1
9317 1
9368 1
9369 1
9370 1
9373 1
9374 1
9375 1
9381 1
9382 1
9383 1
9384 1
9394 1
9395 1
9396 1
9397 1
9398 1
9399 1
9400 1
9401 1
9402 1
9403 1
9404 1
9405 1
9406 1
9407 1
9408 1
9409 1
9410 1
9411 1
9412 1
9413 1
9414 1
9415 1
9428 1
9429 1
9430 1
9431 1
9432 1
9439 1
9440 1
9441 1
9442 1
9443 1
9444 1
9445 1
9497 1
9498 1
9501 1
9502 1
9503 1
9522 1
9523 1
9524 1
9525 1
9526 1
9527 1
9528 1
9529 1
9530 1
9538 1
9539 1
9540 1
9541 1
9542 1
9543 1
9544 1
9545 1
9556 1
9557 1
9558 1
9559 1
9560 1
9567 1
9568 1
9569 1
9570 1
9571 1
9572 1
9573 1
9625 1
9626 1
9627 1
9629 1
9630 1
9649 1
9650 1
9651 1
9652 1
9653 1
9654 1
9655 1
9656 1
9657 1
9658 1
9668 1
9669 1
9670 1
9671 1
9672 1
9673 1
9674 1
9675 1
9683 1
9684 1
9685 1
9686 1
9687 1
9688 1
9689 1
9692 1
9693 1
9694 1
9695 1
9696 1
9697 1
9698 1
9699 1
9700 1
9701 1
9753 1
9754 1
9755 1
9776 1
9777 1
9778 1
9779 1
9780 1
9781 1
9782 1
9783 1
9784 1
9785 1
9786 1
9796 1
9797 1
9798 1
9799 1
9800 1
9801 1
9802 1
9803 1
9812 1
9813 1
9814 1
9815 1
9816 1
9817 1
9818 1
9819 1
9820 1
9821 1
9822 1
9823 1
9824 1
9825 1
9826 1
9827 1
9828 1
9881 1
9882 1
9883 1
9902 1
9903 1
9904 1
9905 1
9906 1
9907 1
9908 1
9909 1
9910 1
9911 1
9912 1
9924 1
9925 1
9926 1
9927 1
9928 1
9929 1
9930 1
9931 1
9944 1
9945 1
9946 1
9947 1
9948 1
9949 1
9950 1
9954 1
9955 1
9956 1
10009 1
10010 1
10011 1
10017 1
10018 1
10019 1
10020 1
10029 1
10030 1
10031 1
10032 1
10033 1
10034 1
10035 1
10036 1
10039 1
10040 1
10043 1
10044 1
10045 1
10056 1
10057 1
10058 1
10059 1
10060 1
10061 1
10075 1
10076 1
10077 1
10078 1
10082 1
10083 1
10084 1
10138 1
10139 1
10143 1
10144 1
10145 1
10146 1
10147 1
10148 1
10157 1
10158 1
10159 1
10160 1
10161 1
10172 1
10173 1
10185 1
10186 1
10187 1
10188 1
10189 1
10190 1
10204 1
10205 1
10206 1
10207 1
10208 1
10209 1
10210 1
10211 1
10212 1
10266 1
10267 1
10270 1
10271 1
10272 1
10273 1
10274 1
10285 1
10286 1
10301 1
10314 1
10315 1
10316 1
10317 1
10318 1
10319 1
10332 1
10333 1
10334 1
10335 1
10336 1
10337 1
10338 1
10339 1
10397 1
10398 1
10399 1
10400 1
10420 1
10421 1
10422 1
10423 1
10442 1
10443 1
10444 1
10445 1
10446 1
10447 1
10460 1
10461 1
10462 1
10463 1
10464 1
10465 1
10466 1
10467 1
10523 1
10524 1
10525 1
10526 1
10527 1
10547 1
10548 1
10549 1
10550 1
10551 1
10552 1
10553 1
10571 1
10572 1
10573 1
10574 1
10575 1
10589 1
10590 1
10591 1
10592 1
10593 1
10594 1
10595 1
10651 1
10652 1
10653 1
10654 1
10655 1
10656 1
10657 1
10658 1
10674 1
10675 1
10676 1
10677 1
10678 1
10679 1
10680 1
10681 1
10682 1
10700 1
10701 1
10702 1
10703 1
10717 1
10718 1
10720 1
10721 1
10722 1
10723 1
10780 1
10781 1
10782 1
10784 1
10785 1
10802 1
10803 1
10804 1
10805 1
10806 1
10807 1
10808 1
10809 1
10810 1
10811 1
10812 1
10813 1
10816 1
10817 1
10818 1
10829 1
10830 1
10831 1
10845 1
10846 1
10848 1
10849 1
10850 1
10908 1
10909 1
10910 1
10911 1
10912 1
10913 1
10928 1
10929 1
10932 1
10933 1
10937 1
10938 1
10939 1
10940 1
10941 1
10942 1
10943 1
10944 1
10945 1
10946 1
10947 1
10968 1
10976 1
10977 1
10978 1
11037 1
11038 1
11039 1
11040 1
11041 1
11042 1
11043 1
11044 1
11056 1
11057 1
11060 1
11061 1
11064 1
11068 1
11069 1
11070 1
11071 1
11072 1
11073 1
11074 1
11075 1
11096 1
11097 1
11098 1
11099 1
11100 1
11101 1
11103 1
11104 1
11105 1
11106 1
11165 1
11166 1
11167 1
11168 1
11169 1
11170 1
11171 1
11188 1
11189 1
11190 1
11191 1
11192 1
11193 1
11197 1
11198 1
11199 1
11200 1
11201 1
11202 1
11203 1
11204 1
11208 1
11225 1
11226 1
11227 1
11228 1
11231 1
11232 1
11233 1
11294 1
11295 1
11296 1
11297 1
11298 1
11316 1
11317 1
11318 1
11319 1
11320 1
11321 1
11322 1
11325 1
11326 1
11327 1
11328 1
11329 1
11330 1
11331 1
11334 1
11335 1
11336 1
11347 1
11348 1
11349 1
11354 1
11355 1
11356 1
11357 1
11358 1
11359 1
11360 1
11361 1
11422 1
11423 1
11424 1
11425 1
11441 1
11442 1
11443 1
11444 1
11446 1
11447 1
11448 1
11449 1
11450 1
11451 1
11452 1
11453 1
11454 1
11455 1
11456 1
11457 1
11461 1
11462 1
11463 1
11464 1
11476 1
11477 1
11478 1
11479 1
11480 1
11481 1
11482 1
11483 1
11484 1
11485 1
11486 1
11487 1
11488 1
11551 1
11552 1
11569 1
11570 1
11571 1
11572 1
11573 1
11574 1
11575 1
11576 1
11577 1
11578 1
11579 1
11580 1
11581 1
11582 1
11583 1
11584 1
11588 1
11589 1
11590 1
11591 1
11605 1
11606 1
11607 1
11608 1
11609 1
11610 1
11611 1
11612 1
11613 1
11614 1
11615 1
11680 1
11681 1
11682 1
11683 1
11697 1
11701 1
11702 1
11705 1
11706 1
11707 1
11708 1
11709 1
11710 1
11711 1
11712 1
11713 1
11714 1
11715 1
11716 1
11717 1
11718 1
11719 1
11734 1
11735 1
11736 1
11737 1
11738 1
11739 1
11741 1
11742 1
11743 1
11808 1
11809 1
11810 1
11811 1
11812 1
11829 1
11830 1
11832 1
11833 1
11834 1
11835 1
11836 1
11837 1
11838 1
11839 1
11840 1
11841 1
11842 1
11843 1
11844 1
11845 1
11846 1
11847 1
11848 1
11863 1
11864 1
11865 1
11866 1
11867 1
11868 1
11869 1
11937 1
11938 1
11939 1
11940 1
11944 1
11945 1
11959 1
11960 1
11961 1
11963 1
11964 1
11965 1
11966 1
11967 1
11968 1
11969 1
11970 1
11971 1
11972 1
11973 1
11974 1
11975 1
11976 1
11993 1
11994 1
11995 1
11996 1
11997 1
12066 1
12067 1
12072 1
12073 1
12074 1
12088 1
12089 1
12092 1
12093 1
12094 1
12095 1
12096 1
12097 1
12098 1
12099 1
12100 1
12101 1
12102 1
12103 1
12104 1
12116 1
12117 1
12121 1
12122 1
12123 1
12124 1
12195 1
12199 1
12200 1
12201 1
12216 1
12217 1
12220 1
12221 1
12222 1
12223 1
12224 1
12225 1
12226 1
12227 1
12228 1
12229 1
12230 1
12231 1
12232 1
12244 1
12245 1
12246 1
12247 1
12248 1
12249 1
12250 1
12251 1
12327 1
12328 1
12329 1
12345 1
12347 1
12348 1
12349 1
12350 1
12351 1
12352 1
12353 1
12354 1
12355 1
12356 1
12357 1
12358 1
12359 1
12366 1
12367 1
12373 1
12374 1
12377 1
12378 1
12454 1
12455 1
12456 1
12470 1
12475 1
12476 1
12477 1
12478 1
12479 1
12480 1
12481 1
12482 1
12483 1
12484 1
12485 1
12486 1
12494 1
12495 1
12496 1
12505 1
12582 1
12583 1
12584 1
12598 1
12600 1
12601 1
12603 1
12604 1
12605 1
12606 1
12607 1
12608 1
12609 1
12610 1
12611 1
12612 1
12613 1
12621 1
12622 1
12623 1
12624 1
12712 1
12713 1
12714 1
12728 1
12729 1
12731 1
12732 1
12734 1
12735 1
12736 1
12737 1
12740 1
12749 1
12750 1
12751 1
12752 1
12840 1
12841 1
12842 1
12843 1
12856 1
12859 1
12860 1
12863 1
12864 1
12877 1
12878 1
12879 1
12880 1
12970 1
12971 1
12983 1
12984 1
12987 1
12988 1
13005 1
13006 1
13007 1
13115 1
13116 1
13134 1
13135 1
13136 1
13255 1
13258 1
13262 1
13263 1
13264 1
13363 1
13364 1
13365 1
13366 1
13376 1
13377 1
13378 1
13385 1
13386 1
13387 1
13388 1
13392 1
13491 1
13492 1
13493 1
13494 1
13495 1
13496 1
13503 1
13504 1
13505 1
13506 1
13513 1
13514 1
13615 1
13621 1
13622 1
13623 1
13624 1
13630 1
13631 1
13632 1
13633 1
13640 1
13742 1
13743 1
13755 1
13756 1
13757 1
13758 1
13765 1
13766 1
13883 1
