0 0
1 0
2 0
3 0
4 0
5 0
6 0
7 0
8 0
9 0
10 0
11 0
12 0
13 0
14 0
15 0
16 0
17 0
18 0
19 0
20 0
21 0
22 0
23 0
24 0
25 0
26 0
27 0
28 0
29 0
30 0
31 0
32 0
33 0
34 0
35 0
36 0
37 0
38 0
39 0
40 0
41 0
42 0
43 0
44 0
45 0
46 0
47 0
48 0
49 0
50 0
51 0
52 0
53 0
54 0
55 0
56 0
57 0
58 0
59 0
60 0
61 0
62 0
63 0
64 0
65 0
66 0
67 0
68 0
69 0
70 0
71 0
72 0
73 0
74 0
75 0
76 0
77 0
78 0
79 0
80 0
81 0
82 0
83 0
84 0
85 0
86 0
87 0
88 0
89 0
90 0
91 0
92 0
93 0
94 0
95 0
96 0
97 0
98 0
99 0
100 0
101 0
102 0
103 0
104 0
105 0
106 0
107 0
108 0
109 0
110 0
111 0
112 0
113 0
114 0
115 0
116 0
117 0
118 0
119 0
120 0
121 0
122 0
123 0
124 0
125 0
126 0
127 0
128 0
129 0
130 0
131 0
132 0
133 0
134 0
135 0
136 0
137 0
138 0
139 0
140 0
141 0
142 0
143 0
144 0
145 0
146 0
147 0
148 0
149 0
150 0
151 0
152 0
153 0
154 0
155 0
156 0
157 0
158 0
159 0
160 0
161 0
162 0
163 0
164 0
165 0
166 0
167 0
168 0
169 0
170 0
171 0
172 0
173 0
174 0
175 0
176 0
177 0
178 0
179 0
180 0
181 0
182 0
183 0
184 0
185 0
186 0
187 0
188 0
189 0
190 0
191 0
192 0
193 0
194 0
195 0
196 0
197 0
198 0
199 0
200 0
201 0
202 0
203 0
204 0
205 0
206 0
207 0
208 0
209 0
210 0
211 0
212 0
213 0
214 0
215 0
216 0
217 0
218 0
219 0
220 0
221 0
222 0
223 0
224 0
225 0
226 0
227 0
228 0
229 0
230 0
231 0
232 0
233 0
234 0
235 0
236 0
237 0
238 0
239 0
240 0
241 0
242 0
243 0
244 0
245 0
246 0
247 0
248 0
249 0
250 0
251 0
252 0
253 0
254 0
255 0
256 0
257 0
258 0
259 0
260 0
261 0
262 0
263 0
264 0
265 0
266 0
267 0
268 0
269 0
270 0
271 0
272 0
273 0
274 0
275 0
276 0
277 0
278 0
279 0
280 0
281 0
282 0
283 0
284 0
285 0
286 0
287 0
288 0
289 0
290 0
291 0
292 0
293 0
294 0
295 0
296 0
297 0
298 0
299 0
300 0
301 0
302 0
303 0
304 0
305 0
306 0
307 0
308 0
309 0
310 0
311 0
312 0
313 0
314 0
315 0
316 0
317 0
318 0
319 0
320 0
321 0
322 0
323 0
324 0
325 0
326 0
327 0
328 0
329 0
330 0
331 0
332 0
333 0
334 0
335 0
336 0
337 0
338 0
339 0
340 0
341 0
342 0
343 0
344 0
345 0
346 0
347 0
348 0
349 0
350 0
351 0
352 0
353 0
354 0
355 0
356 0
357 0
358 0
359 0
360 0
361 0
362 0
363 0
364 0
365 0
366 0
367 0
368 0
369 0
370 0
371 0
372 0
373 0
374 0
375 0
376 0
377 0
378 0
379 0
380 0
381 0
382 0
383 0
384 0
385 0
386 0
387 0
388 0
389 0
390 0
391 0
392 0
393 0
394 0
395 0
396 0
397 0
398 0
399 0
400 0
401 0
402 0
403 0
404 0
405 0
406 0
407 0
408 0
409 0
410 0
411 0
412 0
413 0
414 0
415 0
416 0
417 0
418 0
419 0
420 0
421 0
422 0
423 0
424 0
425 0
426 0
427 0
428 0
429 0
430 0
431 0
432 0
433 0
434 0
435 0
436 0
437 0
438 0
439 0
440 0
441 0
442 0
443 0
444 0
445 0
446 0
447 0
448 0
449 0
450 0
451 0
452 0
453 0
454 0
455 0
456 0
457 0
458 0
459 0
460 0
461 0
462 0
463 0
464 0
465 0
466 0
467 0
468 0
469 0
470 0
471 0
472 0
473 0
474 0
475 0
476 0
477 0
478 0
479 0
480 0
481 0
482 0
483 0
484 0
485 0
486 0
487 0
488 0
489 0
490 0
491 0
492 0
493 0
494 0
495 0
496 0
497 0
498 0
499 0
500 0
501 0
502 0
503 0
504 0
505 0
506 0
507 0
508 0
509 0
510 0
511 0
512 0
513 0
514 0
515 0
516 0
517 0
518 0
519 0
520 0
521 0
522 0
523 0
524 0
525 0
526 0
527 0
528 0
529 0
530 0
531 0
532 0
533 0
534 0
535 0
536 0
537 0
538 0
539 0
540 0
541 0
542 0
543 0
544 0
545 0
546 0
547 0
548 0
549 0
550 0
551 0
552 0
553 0
554 0
555 0
556 0
557 0
558 0
559 0
560 0
561 0
562 0
563 0
564 0
565 0
566 0
567 0
568 0
569 0
570 0
571 0
572 0
573 0
574 0
575 0
576 0
577 0
578 0
579 0
580 0
581 0
582 0
583 0
584 0
585 0
586 0
587 0
588 0
589 0
590 0
591 0
592 0
593 0
594 0
595 0
596 0
597 0
598 0
599 0
600 0
601 0
602 0
603 0
604 0
605 0
606 0
607 0
608 0
609 0
610 0
611 0
612 0
613 0
614 0
615 0
616 0
617 0
618 0
619 0
620 0
621 0
622 0
623 0
624 0
625 0
626 0
627 0
628 0
629 0
630 0
631 0
632 0
633 0
634 0
635 0
636 0
637 0
638 0
639 0
640 0
641 0
642 0
643 0
644 0
645 0
646 0
647 0
648 0
649 0
650 0
651 0
652 0
653 0
654 0
655 0
656 0
657 0
658 0
659 0
660 0
661 0
662 0
663 0
664 0
665 0
666 0
667 0
668 0
669 0
670 0
671 0
672 0
673 0
674 0
675 0
676 0
677 0
678 0
679 0
680 0
681 0
682 0
683 0
684 0
685 0
686 0
687 0
688 0
689 0
690 0
691 0
692 0
693 0
694 0
695 0
696 0
697 0
698 0
699 0
700 0
701 0
702 0
703 0
704 0
705 0
706 0
707 0
708 0
709 0
710 0
711 0
712 0
713 0
714 0
715 0
716 0
717 0
718 0
719 0
720 0
721 0
722 0
723 0
724 0
725 0
726 0
727 0
728 0
729 0
730 0
731 0
732 0
733 0
734 0
735 0
736 0
737 0
738 0
739 0
740 0
741 0
742 0
743 0
744 0
745 0
746 0
747 0
748 0
749 0
750 0
751 0
752 0
753 0
754 0
755 0
756 0
757 0
758 0
759 0
760 0
761 0
762 0
763 0
764 0
765 0
766 0
767 0
768 0
769 0
770 0
771 0
772 0
773 0
774 0
775 0
776 0
777 0
778 0
779 0
780 0
781 0
782 0
783 0
784 0
785 0
786 0
787 0
788 0
789 0
790 0
791 0
792 0
793 0
794 0
795 0
796 0
797 0
798 0
799 0
800 0
801 0
802 0
803 0
804 0
805 0
806 0
807 0
808 0
809 0
810 0
811 0
812 0
813 0
814 0
815 0
816 0
817 0
818 0
819 0
820 0
821 0
822 0
823 0
824 0
825 0
826 0
827 0
828 0
829 0
830 0
831 0
832 0
833 0
834 0
835 0
836 0
837 0
838 0
839 0
840 0
841 0
842 0
843 0
844 0
845 0
846 0
847 0
848 0
849 0
850 0
851 0
852 0
853 0
854 0
855 0
856 0
857 0
858 0
859 0
860 0
861 0
862 0
863 0
864 0
865 0
866 0
867 0
868 0
869 0
870 0
871 0
872 0
873 0
874 0
875 0
876 0
877 0
878 0
879 0
880 0
881 0
882 0
883 0
884 0
885 0
886 0
887 0
888 0
889 0
890 0
891 0
892 0
893 0
894 0
895 0
896 0
897 0
898 0
899 0
900 0
901 0
902 0
903 0
904 0
905 0
906 0
907 0
908 0
909 0
910 0
911 0
912 0
913 0
914 0
915 0
916 0
917 0
918 0
919 0
920 0
921 0
922 0
923 0
924 0
925 0
926 0
927 0
928 0
929 0
930 0
931 0
932 0
933 0
934 0
935 0
936 0
937 0
938 0
939 0
940 0
941 0
942 0
943 0
944 0
945 0
946 0
947 0
948 0
949 0
950 0
951 0
952 0
953 0
954 0
955 0
956 0
957 0
958 0
959 0
960 0
961 0
962 0
963 0
964 0
965 0
966 0
967 0
968 0
969 0
970 0
971 0
972 0
973 0
974 0
975 0
976 0
977 0
978 0
979 0
980 0
981 0
982 0
983 0
984 0
985 0
986 0
987 0
988 0
989 0
990 0
991 0
992 0
993 0
994 0
995 0
996 0
997 0
998 0
999 0
1000 0
1001 0
1002 0
1003 0
1004 0
1005 0
1006 0
1007 0
1008 0
1009 0
1010 0
1011 0
1012 0
1013 0
1014 0
1015 0
1016 0
1017 0
1018 0
1019 0
1020 0
1021 0
1022 0
1023 0
1024 0
1025 0
1026 0
1027 0
1028 0
1029 0
1030 0
1031 0
1032 0
1033 0
1034 0
1035 0
1036 0
1037 0
1038 0
1039 0
1040 0
1041 0
1042 0
1043 0
1044 0
1045 0
1046 0
1047 0
1048 0
1049 0
1050 0
1051 0
1052 0
1053 0
1054 0
1055 0
1056 0
1057 0
1058 0
1059 0
1060 0
1061 0
1062 0
1063 0
1064 0
1065 0
1066 0
1067 0
1068 0
1069 0
1070 0
1071 0
1072 0
1073 0
1074 0
1075 0
1076 0
1077 0
1078 0
1079 0
1080 0
1081 0
1082 0
1083 0
1084 0
1085 0
1086 0
1087 0
1088 0
1089 0
1090 0
1091 0
1092 0
1093 0
1094 0
1095 0
1096 0
1097 0
1098 0
1099 0
1100 0
1101 0
1102 0
1103 0
1104 0
1105 0
1106 0
1107 0
1108 0
1109 0
1110 0
1111 0
1112 0
1113 0
1114 0
1115 0
1116 0
1117 0
1118 0
1119 0
1120 0
1121 0
1122 0
1123 0
1124 0
1125 0
1126 0
1127 0
1128 0
1129 0
1130 0
1131 0
1132 0
1133 0
1134 0
1135 0
1136 0
1137 0
1138 0
1139 0
1140 0
1141 0
1142 0
1143 0
1144 0
1145 0
1146 0
1147 0
1148 0
1149 0
1150 0
1151 0
1152 0
1153 0
1154 0
1155 0
1156 0
1157 0
1158 0
1159 0
1160 0
1161 0
1162 0
1163 0
1164 0
1165 0
1166 0
1167 0
1168 0
1169 0
1170 0
1171 0
1172 0
1173 0
1174 0
1175 0
1176 0
1177 0
1178 0
1179 0
1180 0
1181 0
1182 0
1183 0
1184 0
1185 0
1186 0
1187 0
1188 0
1189 0
1190 0
1191 0
1192 0
1193 0
1194 0
1195 0
1196 0
1197 0
1198 0
1199 0
1200 0
1201 0
1202 0
1203 0
1204 0
1205 0
1206 0
1207 0
1208 0
1209 0
1210 0
1211 0
1212 0
1213 0
1214 0
1215 0
1216 0
1217 0
1218 0
1219 0
1220 0
1221 0
1222 0
1223 0
1224 0
1225 0
1226 0
1227 0
1228 0
1229 0
1230 0
1231 0
1232 0
1233 0
1234 0
1235 0
1236 0
1237 0
1238 0
1239 0
1240 0
1241 0
1242 0
1243 0
1244 0
1245 0
1246 0
1247 0
1248 0
1249 0
1250 0
1251 0
1252 0
1253 0
1254 0
1255 0
1256 0
1257 0
1258 0
1259 0
1260 0
1261 0
1262 0
1263 0
1264 0
1265 0
1266 0
1267 0
1268 0
1269 0
1270 0
1271 0
1272 0
1273 0
1274 0
1275 0
1276 0
1277 0
1278 0
1279 0
1280 0
1281 0
1282 0
1283 0
1284 0
1285 0
1286 0
1287 0
1288 0
1289 0
1290 0
1291 0
1292 0
1293 0
1294 0
1295 0
1296 0
1297 0
1298 0
1299 0
1300 0
1301 0
1302 0
1303 0
1304 0
1305 0
1306 0
1307 0
1308 0
1309 0
1310 0
1311 0
1312 0
1313 0
1314 0
1315 0
1316 0
1317 0
1318 0
1319 0
1320 0
1321 0
1322 0
1323 0
1324 0
1325 0
1326 0
1327 0
1328 0
1329 0
1330 0
1331 0
1332 0
1333 0
1334 0
1335 0
1336 0
1337 0
1338 0
1339 0
1340 0
1341 0
1342 0
1343 0
1344 0
1345 0
1346 0
1347 0
1348 0
1349 0
1350 0
1351 0
1352 0
1353 0
1354 0
1355 0
1356 0
1357 0
1358 0
1359 0
1360 0
1361 0
1362 0
1363 0
1364 0
1365 0
1366 0
1367 0
1368 0
1369 0
1370 0
1371 0
1372 0
1373 0
1374 0
1375 0
1376 0
1377 0
1378 0
1379 0
1380 0
1381 0
1382 0
1383 0
1384 0
1385 0
1386 0
1387 0
1388 0
1389 0
1390 0
1391 0
1392 0
1393 0
1394 0
1395 0
1396 0
1397 0
1398 0
1399 0
1400 0
1401 0
1402 0
1403 0
1404 0
1405 0
1406 0
1407 0
1408 0
1409 0
1410 0
1411 0
1412 0
1413 0
1414 0
1415 0
1416 0
1417 0
1418 0
1419 0
1420 0
1421 0
1422 0
1423 0
1424 0
1425 0
1426 0
1427 0
1428 0
1429 0
1430 0
1431 0
1432 0
1433 0
1434 0
1435 0
1436 0
1437 0
1438 0
1439 0
1440 0
1441 0
1442 0
1443 0
1444 0
1445 0
1446 0
1447 0
1448 0
1449 0
1450 0
1451 0
1452 0
1453 0
1454 0
1455 0
1456 0
1457 0
1458 0
1459 0
1460 0
1461 0
1462 0
1463 0
1464 0
1465 0
1466 0
1467 0
1468 0
1469 0
1470 0
1471 0
1472 0
1473 0
1474 0
1475 0
1476 0
1477 0
1478 0
1479 0
1480 0
1481 0
1482 0
1483 0
1484 0
1485 0
1486 0
1487 0
1488 0
1489 0
1490 0
1491 0
1492 0
1493 0
1494 0
1495 0
1496 0
1497 0
1498 0
1499 0
1500 0
1501 0
1502 0
1503 0
1504 0
1505 0
1506 0
1507 0
1508 0
1509 0
1510 0
1511 0
1512 0
1513 0
1514 0
1515 0
1516 0
1517 0
1518 0
1519 0
1520 0
1521 0
1522 0
1523 0
1524 0
1525 0
1526 0
1527 0
1528 0
1529 0
1530 0
1531 0
1532 0
1533 0
1534 0
1535 0
1536 0
1537 0
1538 0
1539 0
1540 0
1541 0
1542 0
1543 0
1544 0
1545 0
1546 0
1547 0
1548 0
1549 0
1550 0
1551 0
1552 0
1553 0
1554 0
1555 0
1556 0
1557 0
1558 0
1559 0
1560 0
1561 0
1562 0
1563 0
1564 0
1565 0
1566 0
1567 0
1568 0
1569 0
1570 0
1571 0
1572 0
1573 0
1574 0
1575 0
1576 0
1577 0
1578 0
1579 0
1580 0
1581 0
1582 0
1583 0
1584 0
1585 0
1586 0
1587 0
1588 0
1589 0
1590 0
1609 0
1610 0
1611 0
1612 0
1613 0
1614 0
1615 0
1616 0
1617 0
1618 0
1619 0
1620 0
1621 0
1622 0
1623 0
1624 0
1625 0
1626 0
1627 0
1628 0
1629 0
1630 0
1631 0
1632 0
1633 0
1634 0
1635 0
1636 0
1637 0
1638 0
1639 0
1640 0
1641 0
1642 0
1643 0
1644 0
1645 0
1646 0
1647 0
1648 0
1649 0
1650 0
1651 0
1652 0
1653 0
1654 0
1655 0
1656 0
1657 0
1658 0
1659 0
1660 0
1661 0
1662 0
1663 0
1664 0
1665 0
1666 0
1667 0
1668 0
1669 0
1670 0
1671 0
1672 0
1673 0
1674 0
1675 0
1676 0
1677 0
1678 0
1679 0
1680 0
1681 0
1682 0
1683 0
1684 0
1685 0
1686 0
1687 0
1688 0
1689 0
1690 0
1691 0
1692 0
1693 0
1694 0
1695 0
1696 0
1697 0
1698 0
1699 0
1700 0
1701 0
1702 0
1703 0
1704 0
1705 0
1706 0
1707 0
1708 0
1709 0
1710 0
1711 0
1712 0
1713 0
1714 0
1715 0
1741 0
1742 0
1743 0
1744 0
1745 0
1746 0
1747 0
1748 0
1749 0
1750 0
1751 0
1752 0
1753 0
1754 0
1755 0
1756 0
1757 0
1758 0
1759 0
1760 0
1761 0
1762 0
1763 0
1764 0
1765 0
1766 0
1767 0
1768 0
1769 0
1770 0
1771 0
1772 0
1773 0
1774 0
1775 0
1776 0
1777 0
1778 0
1779 0
1780 0
1781 0
1782 0
1783 0
1784 0
1785 0
1786 0
1787 0
1788 0
1789 0
1790 0
1791 0
1792 0
1793 0
1794 0
1795 0
1796 0
1797 0
1798 0
1799 0
1800 0
1801 0
1802 0
1803 0
1804 0
1805 0
1806 0
1807 0
1808 0
1809 0
1810 0
1811 0
1812 0
1813 0
1814 0
1815 0
1816 0
1817 0
1818 0
1819 0
1820 0
1821 0
1822 0
1823 0
1824 0
1825 0
1826 0
1827 0
1828 0
1829 0
1830 0
1831 0
1832 0
1833 0
1834 0
1835 0
1836 0
1837 0
1838 0
1839 0
1840 0
1841 0
1865 0
1866 0
1867 0
1871 0
1872 0
1873 0
1874 0
1875 0
1876 0
1877 0
1878 0
1879 0
1880 0
1881 0
1882 0
1883 0
1884 0
1885 0
1886 0
1887 0
1888 0
1889 0
1890 0
1891 0
1892 0
1893 0
1894 0
1895 0
1896 0
1897 0
1898 0
1899 0
1900 0
1901 0
1902 0
1903 0
1904 0
1905 0
1906 0
1907 0
1908 0
1909 0
1910 0
1911 0
1912 0
1913 0
1914 0
1915 0
1916 0
1917 0
1918 0
1919 0
1920 0
1921 0
1922 0
1923 0
1924 0
1925 0
1926 0
1927 0
1928 0
1929 0
1930 0
1931 0
1932 0
1933 0
1934 0
1935 0
1936 0
1937 0
1938 0
1939 0
1940 0
1941 0
1942 0
1943 0
1944 0
1945 0
1946 0
1947 0
1948 0
1949 0
1950 0
1951 0
1952 0
1953 0
1954 0
1955 0
1956 0
1957 0
1958 0
1959 0
1960 0
1961 0
1962 0
1963 0
1964 0
1965 0
1966 0
1967 0
1968 0
1969 0
1976 0
1977 0
1987 0
1988 0
1989 0
1993 0
1994 0
1995 0
2000 0
2001 0
2002 0
2003 0
2004 0
2005 0
2006 0
2007 0
2008 0
2009 0
2010 0
2011 0
2012 0
2013 0
2014 0
2015 0
2016 0
2017 0
2018 0
2019 0
2020 0
2021 0
2022 0
2023 0
2024 0
2025 0
2026 0
2027 0
2028 0
2029 0
2030 0
2031 0
2032 0
2033 0
2034 0
2035 0
2036 0
2037 0
2038 0
2039 0
2040 0
2041 0
2042 0
2043 0
2044 0
2045 0
2046 0
2047 0
2048 0
2049 0
2050 0
2051 0
2052 0
2053 0
2054 0
2055 0
2056 0
2057 0
2058 0
2059 0
2060 0
2061 0
2062 0
2063 0
2064 0
2065 0
2066 0
2067 0
2068 0
2069 0
2070 0
2071 0
2072 0
2073 0
2074 0
2075 0
2076 0
2077 0
2078 0
2079 0
2080 0
2081 0
2082 0
2083 0
2084 0
2085 0
2086 0
2087 0
2088 0
2089 0
2090 0
2091 0
2092 0
2093 0
2094 0
2095 0
2096 0
2097 0
2103 0
2104 0
2105 0
2106 0
2110 0
2111 0
2113 0
2114 0
2115 0
2116 0
2117 0
2118 0
2121 0
2122 0
2123 0
2128 0
2129 0
2130 0
2131 0
2132 0
2133 0
2134 0
2135 0
2136 0
2137 0
2138 0
2139 0
2140 0
2141 0
2142 0
2143 0
2144 0
2145 0
2146 0
2147 0
2148 0
2149 0
2150 0
2151 0
2152 0
2153 0
2154 0
2155 0
2156 0
2157 0
2158 0
2159 0
2160 0
2161 0
2162 0
2163 0
2164 0
2165 0
2166 0
2167 0
2168 0
2169 0
2170 0
2171 0
2172 0
2173 0
2174 0
2175 0
2176 0
2177 0
2178 0
2179 0
2180 0
2181 0
2182 0
2183 0
2184 0
2185 0
2186 0
2187 0
2188 0
2189 0
2190 0
2191 0
2192 0
2193 0
2194 0
2195 0
2196 0
2197 0
2198 0
2199 0
2200 0
2201 0
2202 0
2203 0
2204 0
2205 0
2206 0
2207 0
2208 0
2209 0
2210 0
2211 0
2212 0
2213 0
2214 0
2215 0
2216 0
2217 0
2218 0
2219 0
2220 0
2221 0
2222 0
2223 0
2224 0
2225 0
2231 0
2232 0
2233 0
2234 0
2235 0
2236 0
2237 0
2238 0
2239 0
2240 0
2241 0
2242 0
2243 0
2244 0
2245 0
2246 0
2248 0
2249 0
2257 0
2258 0
2259 0
2260 0
2261 0
2262 0
2263 0
2264 0
2265 0
2266 0
2267 0
2268 0
2269 0
2270 0
2271 0
2272 0
2273 0
2274 0
2275 0
2276 0
2277 0
2278 0
2279 0
2280 0
2281 0
2282 0
2283 0
2284 0
2285 0
2286 0
2287 0
2288 0
2289 0
2290 0
2291 0
2292 0
2293 0
2294 0
2295 0
2296 0
2297 0
2298 0
2299 0
2300 0
2301 0
2302 0
2303 0
2304 0
2305 0
2306 0
2307 0
2308 0
2309 0
2310 0
2311 0
2312 0
2313 0
2314 0
2315 0
2316 0
2317 0
2318 0
2319 0
2320 0
2321 0
2322 0
2323 0
2324 0
2325 0
2326 0
2327 0
2328 0
2329 0
2330 0
2331 0
2332 0
2333 0
2334 0
2335 0
2336 0
2337 0
2338 0
2339 0
2340 0
2341 0
2342 0
2343 0
2344 0
2345 0
2346 0
2347 0
2348 0
2349 0
2350 0
2351 0
2352 0
2363 0
2364 0
2365 0
2366 0
2367 0
2368 0
2369 0
2370 0
2371 0
2372 0
2373 0
2374 0
2376 0
2377 0
2385 0
2386 0
2389 0
2390 0
2391 0
2392 0
2393 0
2394 0
2395 0
2396 0
2397 0
2398 0
2399 0
2400 0
2401 0
2402 0
2403 0
2404 0
2405 0
2406 0
2407 0
2408 0
2409 0
2410 0
2411 0
2412 0
2413 0
2414 0
2415 0
2416 0
2417 0
2418 0
2419 0
2420 0
2421 0
2422 0
2423 0
2424 0
2425 0
2426 0
2427 0
2428 0
2429 0
2430 0
2431 0
2432 0
2433 0
2434 0
2435 0
2436 0
2437 0
2438 0
2439 0
2440 0
2441 0
2442 0
2443 0
2444 0
2445 0
2446 0
2447 0
2448 0
2449 0
2450 0
2451 0
2452 0
2453 0
2454 0
2455 0
2456 0
2457 0
2458 0
2459 0
2460 0
2461 0
2462 0
2463 0
2464 0
2465 0
2466 0
2467 0
2468 0
2469 0
2470 0
2471 0
2472 0
2473 0
2474 0
2475 0
2476 0
2477 0
2478 0
2492 0
2493 0
2494 0
2495 0
2496 0
2497 0
2498 0
2499 0
2519 0
2520 0
2521 0
2522 0
2523 0
2524 0
2525 0
2526 0
2527 0
2528 0
2529 0
2530 0
2531 0
2532 0
2533 0
2534 0
2535 0
2536 0
2537 0
2538 0
2539 0
2540 0
2541 0
2542 0
2543 0
2544 0
2545 0
2546 0
2547 0
2548 0
2549 0
2550 0
2551 0
2552 0
2553 0
2554 0
2555 0
2556 0
2557 0
2558 0
2559 0
2560 0
2561 0
2562 0
2563 0
2564 0
2565 0
2566 0
2567 0
2568 0
2569 0
2570 0
2571 0
2572 0
2573 0
2574 0
2575 0
2576 0
2577 0
2578 0
2579 0
2580 0
2581 0
2582 0
2583 0
2584 0
2585 0
2586 0
2587 0
2588 0
2589 0
2590 0
2591 0
2592 0
2593 0
2594 0
2595 0
2596 0
2597 0
2598 0
2599 0
2600 0
2601 0
2623 0
2624 0
2625 0
2648 0
2649 0
2650 0
2651 0
2652 0
2653 0
2654 0
2655 0
2656 0
2657 0
2658 0
2659 0
2660 0
2661 0
2662 0
2663 0
2664 0
2665 0
2666 0
2667 0
2668 0
2669 0
2670 0
2671 0
2672 0
2673 0
2674 0
2675 0
2676 0
2677 0
2678 0
2679 0
2680 0
2681 0
2682 0
2683 0
2684 0
2685 0
2686 0
2687 0
2688 0
2689 0
2690 0
2691 0
2692 0
2693 0
2694 0
2695 0
2696 0
2697 0
2698 0
2699 0
2700 0
2701 0
2702 0
2703 0
2704 0
2705 0
2706 0
2707 0
2708 0
2709 0
2710 0
2711 0
2712 0
2713 0
2714 0
2715 0
2716 0
2717 0
2718 0
2719 0
2720 0
2721 0
2722 0
2723 0
2724 0
2725 0
2726 0
2727 0
2728 0
2777 0
2778 0
2779 0
2780 0
2781 0
2782 0
2783 0
2784 0
2785 0
2786 0
2787 0
2788 0
2789 0
2790 0
2791 0
2792 0
2793 0
2794 0
2795 0
2796 0
2797 0
2798 0
2799 0
2800 0
2801 0
2802 0
2803 0
2804 0
2805 0
2806 0
2807 0
2808 0
2809 0
2810 0
2811 0
2812 0
2813 0
2814 0
2815 0
2816 0
2817 0
2818 0
2819 0
2820 0
2821 0
2822 0
2823 0
2824 0
2825 0
2826 0
2827 0
2828 0
2829 0
2830 0
2831 0
2832 0
2833 0
2834 0
2835 0
2836 0
2837 0
2838 0
2839 0
2840 0
2841 0
2842 0
2843 0
2844 0
2845 0
2846 0
2847 0
2848 0
2849 0
2850 0
2851 0
2852 0
2853 0
2854 0
2905 0
2906 0
2907 0
2908 0
2909 0
2910 0
2911 0
2912 0
2913 0
2914 0
2915 0
2916 0
2917 0
2918 0
2919 0
2920 0
2921 0
2922 0
2923 0
2924 0
2925 0
2926 0
2927 0
2928 0
2929 0
2930 0
2931 0
2932 0
2933 0
2934 0
2935 0
2936 0
2937 0
2938 0
2939 0
2940 0
2941 0
2942 0
2943 0
2944 0
2945 0
2946 0
2947 0
2948 0
2949 0
2950 0
2951 0
2952 0
2953 0
2954 0
2955 0
2956 0
2957 0
2958 0
2959 0
2960 0
2961 0
2962 0
2963 0
2964 0
2965 0
2966 0
2967 0
2968 0
2969 0
2970 0
2971 0
2972 0
2973 0
2974 0
2975 0
2976 0
2977 0
2978 0
2979 0
2980 0
2981 0
2982 0
3033 0
3034 0
3035 0
3036 0
3037 0
3038 0
3039 0
3040 0
3041 0
3042 0
3043 0
3044 0
3045 0
3046 0
3047 0
3048 0
3049 0
3050 0
3051 0
3052 0
3053 0
3054 0
3055 0
3056 0
3057 0
3058 0
3059 0
3060 0
3061 0
3062 0
3063 0
3064 0
3065 0
3066 0
3067 0
3068 0
3069 0
3070 0
3071 0
3072 0
3073 0
3074 0
3075 0
3076 0
3077 0
3078 0
3079 0
3080 0
3081 0
3082 0
3083 0
3084 0
3085 0
3086 0
3087 0
3088 0
3089 0
3090 0
3091 0
3092 0
3093 0
3094 0
3095 0
3096 0
3097 0
3098 0
3099 0
3100 0
3101 0
3102 0
3103 0
3104 0
3105 0
3106 0
3107 0
3108 0
3109 0
3164 0
3165 0
3166 0
3167 0
3168 0
3169 0
3170 0
3171 0
3172 0
3173 0
3174 0
3175 0
3176 0
3177 0
3178 0
3179 0
3180 0
3181 0
3182 0
3183 0
3184 0
3185 0
3186 0
3187 0
3188 0
3189 0
3190 0
3191 0
3192 0
3193 0
3194 0
3195 0
3196 0
3197 0
3198 0
3199 0
3200 0
3201 0
3202 0
3203 0
3204 0
3205 0
3206 0
3207 0
3208 0
3209 0
3210 0
3211 0
3212 0
3213 0
3214 0
3215 0
3216 0
3217 0
3218 0
3219 0
3220 0
3221 0
3222 0
3223 0
3224 0
3225 0
3226 0
3227 0
3228 0
3229 0
3230 0
3231 0
3232 0
3233 0
3234 0
3235 0
3236 0
3292 0
3293 0
3294 0
3295 0
3296 0
3297 0
3298 0
3299 0
3300 0
3301 0
3302 0
3303 0
3304 0
3305 0
3306 0
3307 0
3308 0
3309 0
3310 0
3311 0
3312 0
3313 0
3314 0
3315 0
3316 0
3317 0
3318 0
3319 0
3320 0
3321 0
3322 0
3323 0
3324 0
3325 0
3326 0
3327 0
3328 0
3329 0
3330 0
3331 0
3332 0
3333 0
3334 0
3335 0
3336 0
3337 0
3338 0
3339 0
3340 0
3341 0
3342 0
3343 0
3344 0
3345 0
3346 0
3347 0
3348 0
3349 0
3350 0
3351 0
3352 0
3353 0
3354 0
3355 0
3356 0
3357 0
3358 0
3359 0
3360 0
3361 0
3362 0
3363 0
3364 0
3420 0
3421 0
3422 0
3423 0
3424 0
3425 0
3426 0
3427 0
3428 0
3429 0
3430 0
3431 0
3432 0
3433 0
3434 0
3435 0
3436 0
3437 0
3438 0
3439 0
3440 0
3441 0
3442 0
3443 0
3444 0
3445 0
3446 0
3447 0
3448 0
3449 0
3450 0
3451 0
3452 0
3453 0
3454 0
3455 0
3456 0
3457 0
3458 0
3459 0
3460 0
3461 0
3462 0
3463 0
3464 0
3465 0
3466 0
3467 0
3468 0
3469 0
3470 0
3471 0
3472 0
3473 0
3474 0
3475 0
3476 0
3477 0
3478 0
3479 0
3480 0
3481 0
3482 0
3483 0
3484 0
3485 0
3486 0
3487 0
3488 0
3489 0
3490 0
3491 0
3492 0
3548 0
3549 0
3550 0
3551 0
3552 0
3553 0
3554 0
3555 0
3556 0
3557 0
3558 0
3559 0
3560 0
3561 0
3562 0
3563 0
3564 0
3565 0
3566 0
3567 0
3568 0
3569 0
3570 0
3571 0
3572 0
3573 0
3574 0
3575 0
3576 0
3577 0
3578 0
3579 0
3580 0
3581 0
3582 0
3583 0
3584 0
3585 0
3586 0
3587 0
3588 0
3589 0
3590 0
3591 0
3592 0
3593 0
3594 0
3595 0
3596 0
3597 0
3598 0
3599 0
3600 0
3601 0
3602 0
3603 0
3604 0
3605 0
3606 0
3607 0
3608 0
3609 0
3610 0
3611 0
3612 0
3613 0
3614 0
3615 0
3616 0
3617 0
3618 0
3619 0
3677 0
3678 0
3679 0
3680 0
3681 0
3682 0
3683 0
3684 0
3685 0
3686 0
3687 0
3688 0
3689 0
3690 0
3691 0
3692 0
3693 0
3694 0
3695 0
3696 0
3697 0
3698 0
3699 0
3700 0
3701 0
3702 0
3703 0
3704 0
3705 0
3706 0
3707 0
3708 0
3709 0
3710 0
3711 0
3712 0
3713 0
3714 0
3715 0
3716 0
3717 0
3718 0
3719 0
3720 0
3721 0
3722 0
3723 0
3724 0
3725 0
3726 0
3727 0
3728 0
3729 0
3730 0
3731 0
3732 0
3733 0
3734 0
3735 0
3736 0
3737 0
3738 0
3739 0
3740 0
3741 0
3742 0
3743 0
3744 0
3745 0
3746 0
3806 0
3807 0
3808 0
3809 0
3810 0
3811 0
3812 0
3813 0
3814 0
3815 0
3816 0
3817 0
3818 0
3819 0
3820 0
3821 0
3822 0
3823 0
3824 0
3825 0
3826 0
3827 0
3828 0
3829 0
3830 0
3831 0
3832 0
3833 0
3834 0
3835 0
3836 0
3837 0
3838 0
3839 0
3840 0
3841 0
3842 0
3843 0
3844 0
3845 0
3846 0
3847 0
3848 0
3849 0
3850 0
3851 0
3852 0
3853 0
3854 0
3855 0
3856 0
3857 0
3858 0
3859 0
3860 0
3861 0
3862 0
3863 0
3864 0
3865 0
3866 0
3867 0
3868 0
3869 0
3870 0
3871 0
3872 0
3873 0
3934 0
3935 0
3936 0
3937 0
3938 0
3939 0
3940 0
3941 0
3942 0
3943 0
3944 0
3945 0
3946 0
3947 0
3948 0
3949 0
3950 0
3951 0
3952 0
3953 0
3954 0
3955 0
3956 0
3957 0
3958 0
3959 0
3960 0
3961 0
3962 0
3963 0
3964 0
3965 0
3966 0
3967 0
3968 0
3969 0
3970 0
3971 0
3972 0
3973 0
3974 0
3975 0
3976 0
3977 0
3978 0
3979 0
3980 0
3981 0
3982 0
3983 0
3984 0
3985 0
3986 0
3987 0
3988 0
3989 0
3990 0
3991 0
3992 0
3993 0
3994 0
3995 0
3996 0
3997 0
3998 0
3999 0
4000 0
4001 0
4063 0
4064 0
4065 0
4066 0
4067 0
4068 0
4069 0
4070 0
4071 0
4072 0
4073 0
4074 0
4075 0
4076 0
4077 0
4078 0
4079 0
4080 0
4081 0
4082 0
4083 0
4084 0
4085 0
4086 0
4087 0
4088 0
4089 0
4090 0
4091 0
4092 0
4093 0
4094 0
4095 0
4096 0
4097 0
4098 0
4099 0
4100 0
4101 0
4102 0
4103 0
4104 0
4105 0
4106 0
4107 0
4108 0
4109 0
4110 0
4111 0
4112 0
4113 0
4114 0
4115 0
4116 0
4117 0
4118 0
4119 0
4120 0
4121 0
4122 0
4123 0
4124 0
4125 0
4126 0
4127 0
4128 0
4191 0
4192 0
4193 0
4194 0
4195 0
4196 0
4197 0
4198 0
4199 0
4200 0
4201 0
4202 0
4203 0
4204 0
4205 0
4206 0
4207 0
4208 0
4209 0
4210 0
4211 0
4212 0
4213 0
4214 0
4215 0
4216 0
4217 0
4218 0
4219 0
4220 0
4221 0
4222 0
4223 0
4224 0
4225 0
4226 0
4227 0
4228 0
4229 0
4230 0
4231 0
4232 0
4233 0
4234 0
4235 0
4236 0
4237 0
4238 0
4239 0
4240 0
4241 0
4242 0
4243 0
4244 0
4245 0
4246 0
4247 0
4248 0
4249 0
4250 0
4251 0
4252 0
4253 0
4254 0
4255 0
4256 0
4319 0
4320 0
4321 0
4322 0
4323 0
4324 0
4325 0
4326 0
4327 0
4328 0
4329 0
4330 0
4331 0
4332 0
4333 0
4334 0
4335 0
4336 0
4337 0
4338 0
4339 0
4340 0
4341 0
4342 0
4343 0
4344 0
4345 0
4346 0
4347 0
4348 0
4349 0
4350 0
4351 0
4352 0
4353 0
4354 0
4355 0
4356 0
4357 0
4358 0
4359 0
4360 0
4361 0
4362 0
4363 0
4364 0
4365 0
4366 0
4367 0
4368 0
4369 0
4370 0
4371 0
4372 0
4373 0
4374 0
4375 0
4376 0
4377 0
4378 0
4379 0
4380 0
4381 0
4382 0
4383 0
4448 0
4449 0
4450 0
4451 0
4452 0
4453 0
4454 0
4455 0
4456 0
4457 0
4458 0
4459 0
4460 0
4461 0
4462 0
4463 0
4464 0
4465 0
4466 0
4467 0
4468 0
4469 0
4470 0
4471 0
4472 0
4473 0
4474 0
4475 0
4476 0
4477 0
4478 0
4479 0
4480 0
4481 0
4482 0
4483 0
4484 0
4485 0
4486 0
4487 0
4488 0
4489 0
4490 0
4491 0
4492 0
4493 0
4494 0
4495 0
4496 0
4497 0
4498 0
4499 0
4500 0
4501 0
4502 0
4503 0
4504 0
4505 0
4506 0
4507 0
4508 0
4509 0
4510 0
4577 0
4578 0
4579 0
4580 0
4581 0
4582 0
4583 0
4584 0
4585 0
4586 0
4587 0
4588 0
4589 0
4590 0
4591 0
4592 0
4593 0
4594 0
4595 0
4596 0
4597 0
4598 0
4599 0
4600 0
4601 0
4602 0
4603 0
4604 0
4605 0
4606 0
4607 0
4608 0
4609 0
4610 0
4611 0
4612 0
4613 0
4614 0
4615 0
4616 0
4617 0
4618 0
4619 0
4620 0
4621 0
4622 0
4623 0
4624 0
4625 0
4626 0
4627 0
4628 0
4629 0
4630 0
4631 0
4632 0
4633 0
4634 0
4635 0
4636 0
4637 0
4638 0
4705 0
4706 0
4707 0
4708 0
4709 0
4710 0
4711 0
4712 0
4713 0
4714 0
4715 0
4716 0
4717 0
4718 0
4719 0
4720 0
4721 0
4722 0
4723 0
4724 0
4725 0
4726 0
4727 0
4728 0
4729 0
4730 0
4731 0
4732 0
4733 0
4734 0
4735 0
4736 0
4737 0
4738 0
4739 0
4740 0
4741 0
4742 0
4743 0
4744 0
4745 0
4746 0
4747 0
4748 0
4749 0
4750 0
4751 0
4752 0
4753 0
4754 0
4755 0
4756 0
4757 0
4758 0
4759 0
4760 0
4761 0
4762 0
4763 0
4764 0
4765 0
4834 0
4835 0
4836 0
4837 0
4838 0
4839 0
4840 0
4841 0
4842 0
4843 0
4844 0
4845 0
4846 0
4847 0
4848 0
4849 0
4850 0
4851 0
4852 0
4853 0
4854 0
4855 0
4856 0
4857 0
4858 0
4859 0
4860 0
4861 0
4862 0
4863 0
4864 0
4865 0
4866 0
4867 0
4868 0
4869 0
4870 0
4871 0
4872 0
4873 0
4874 0
4875 0
4876 0
4877 0
4878 0
4879 0
4880 0
4881 0
4882 0
4883 0
4884 0
4885 0
4886 0
4887 0
4888 0
4889 0
4890 0
4891 0
4892 0
4893 0
4962 0
4963 0
4964 0
4965 0
4966 0
4967 0
4968 0
4969 0
4970 0
4971 0
4972 0
4973 0
4974 0
4975 0
4976 0
4977 0
4978 0
4979 0
4980 0
4981 0
4982 0
4983 0
4984 0
4985 0
4986 0
4987 0
4988 0
4989 0
4990 0
4991 0
4992 0
4993 0
4994 0
4995 0
4996 0
4997 0
4998 0
4999 0
5000 0
5001 0
5002 0
5003 0
5004 0
5005 0
5006 0
5007 0
5008 0
5009 0
5010 0
5011 0
5012 0
5013 0
5014 0
5015 0
5016 0
5017 0
5018 0
5019 0
5020 0
5091 0
5092 0
5093 0
5094 0
5095 0
5096 0
5097 0
5098 0
5099 0
5100 0
5101 0
5102 0
5103 0
5104 0
5105 0
5106 0
5107 0
5108 0
5109 0
5110 0
5111 0
5112 0
5113 0
5114 0
5115 0
5116 0
5117 0
5118 0
5119 0
5120 0
5121 0
5122 0
5123 0
5124 0
5125 0
5126 0
5127 0
5128 0
5129 0
5130 0
5131 0
5132 0
5133 0
5134 0
5135 0
5136 0
5137 0
5138 0
5139 0
5140 0
5141 0
5142 0
5143 0
5144 0
5145 0
5146 0
5147 0
5148 0
5219 0
5220 0
5221 0
5222 0
5223 0
5224 0
5225 0
5226 0
5227 0
5228 0
5229 0
5230 0
5231 0
5232 0
5233 0
5234 0
5235 0
5236 0
5237 0
5238 0
5239 0
5240 0
5241 0
5242 0
5243 0
5244 0
5245 0
5246 0
5247 0
5248 0
5249 0
5250 0
5251 0
5252 0
5253 0
5254 0
5255 0
5256 0
5257 0
5258 0
5259 0
5260 0
5261 0
5262 0
5263 0
5264 0
5265 0
5266 0
5267 0
5268 0
5269 0
5270 0
5271 0
5272 0
5273 0
5274 0
5275 0
5348 0
5349 0
5350 0
5351 0
5352 0
5353 0
5354 0
5355 0
5356 0
5357 0
5358 0
5359 0
5360 0
5361 0
5362 0
5363 0
5364 0
5365 0
5366 0
5367 0
5368 0
5369 0
5370 0
5371 0
5372 0
5373 0
5374 0
5375 0
5376 0
5377 0
5378 0
5379 0
5380 0
5381 0
5382 0
5383 0
5384 0
5385 0
5386 0
5387 0
5388 0
5389 0
5390 0
5391 0
5392 0
5393 0
5394 0
5395 0
5396 0
5397 0
5398 0
5399 0
5400 0
5401 0
5402 0
5403 0
5404 0
5476 0
5477 0
5478 0
5479 0
5480 0
5481 0
5482 0
5483 0
5484 0
5485 0
5486 0
5487 0
5488 0
5489 0
5490 0
5491 0
5492 0
5493 0
5494 0
5495 0
5496 0
5497 0
5498 0
5499 0
5500 0
5501 0
5502 0
5503 0
5504 0
5505 0
5506 0
5507 0
5508 0
5509 0
5510 0
5511 0
5512 0
5513 0
5514 0
5515 0
5516 0
5517 0
5518 0
5519 0
5520 0
5521 0
5522 0
5523 0
5524 0
5525 0
5526 0
5527 0
5528 0
5529 0
5530 0
5531 0
5532 0
5605 0
5606 0
5607 0
5608 0
5609 0
5610 0
5611 0
5612 0
5613 0
5614 0
5615 0
5616 0
5617 0
5618 0
5619 0
5620 0
5621 0
5622 0
5623 0
5624 0
5625 0
5626 0
5627 0
5628 0
5629 0
5630 0
5631 0
5632 0
5633 0
5634 0
5635 0
5636 0
5637 0
5638 0
5639 0
5640 0
5641 0
5642 0
5643 0
5644 0
5645 0
5646 0
5647 0
5648 0
5649 0
5650 0
5651 0
5652 0
5653 0
5654 0
5655 0
5656 0
5657 0
5658 0
5659 0
5660 0
5733 0
5734 0
5735 0
5736 0
5737 0
5738 0
5739 0
5740 0
5741 0
5742 0
5743 0
5744 0
5745 0
5746 0
5747 0
5748 0
5749 0
5750 0
5751 0
5752 0
5753 0
5754 0
5755 0
5756 0
5757 0
5758 0
5759 0
5760 0
5761 0
5762 0
5763 0
5764 0
5765 0
5766 0
5767 0
5768 0
5769 0
5770 0
5771 0
5772 0
5773 0
5774 0
5775 0
5776 0
5777 0
5778 0
5779 0
5780 0
5781 0
5782 0
5783 0
5784 0
5785 0
5786 0
5787 0
5788 0
5855 0
5856 0
5861 0
5862 0
5863 0
5864 0
5865 0
5866 0
5867 0
5868 0
5869 0
5870 0
5871 0
5872 0
5873 0
5874 0
5875 0
5876 0
5877 0
5878 0
5879 0
5880 0
5881 0
5882 0
5883 0
5884 0
5885 0
5886 0
5887 0
5888 0
5889 0
5890 0
5891 0
5892 0
5893 0
5894 0
5895 0
5896 0
5897 0
5898 0
5899 0
5900 0
5901 0
5902 0
5903 0
5904 0
5905 0
5906 0
5907 0
5908 0
5909 0
5910 0
5911 0
5912 0
5913 0
5914 0
5915 0
5983 0
5984 0
5989 0
5990 0
5991 0
5992 0
5993 0
5994 0
5995 0
5996 0
5997 0
5998 0
5999 0
6000 0
6001 0
6002 0
6003 0
6004 0
6005 0
6006 0
6007 0
6008 0
6009 0
6010 0
6011 0
6012 0
6013 0
6014 0
6015 0
6016 0
6017 0
6018 0
6019 0
6020 0
6021 0
6022 0
6023 0
6024 0
6025 0
6026 0
6027 0
6028 0
6029 0
6030 0
6031 0
6032 0
6033 0
6034 0
6035 0
6036 0
6037 0
6038 0
6039 0
6040 0
6041 0
6042 0
6043 0
6044 0
6117 0
6118 0
6119 0
6120 0
6121 0
6122 0
6123 0
6124 0
6125 0
6126 0
6127 0
6128 0
6129 0
6130 0
6131 0
6132 0
6133 0
6134 0
6135 0
6136 0
6137 0
6138 0
6139 0
6140 0
6141 0
6142 0
6143 0
6144 0
6145 0
6146 0
6147 0
6148 0
6149 0
6150 0
6151 0
6152 0
6153 0
6154 0
6155 0
6156 0
6157 0
6158 0
6159 0
6160 0
6161 0
6162 0
6163 0
6164 0
6165 0
6166 0
6167 0
6168 0
6169 0
6171 0
6172 0
6173 0
6195 0
6196 0
6197 0
6246 0
6247 0
6248 0
6249 0
6250 0
6251 0
6252 0
6253 0
6254 0
6255 0
6256 0
6257 0
6258 0
6259 0
6260 0
6261 0
6262 0
6263 0
6264 0
6265 0
6266 0
6267 0
6268 0
6269 0
6270 0
6271 0
6272 0
6273 0
6274 0
6275 0
6276 0
6277 0
6278 0
6279 0
6280 0
6281 0
6282 0
6283 0
6284 0
6285 0
6286 0
6287 0
6288 0
6289 0
6290 0
6291 0
6292 0
6293 0
6294 0
6295 0
6296 0
6299 0
6300 0
6301 0
6323 0
6324 0
6325 0
6374 0
6375 0
6376 0
6377 0
6378 0
6379 0
6380 0
6381 0
6382 0
6383 0
6384 0
6385 0
6386 0
6387 0
6388 0
6389 0
6390 0
6391 0
6392 0
6393 0
6394 0
6395 0
6396 0
6397 0
6398 0
6399 0
6400 0
6401 0
6402 0
6403 0
6404 0
6405 0
6406 0
6407 0
6408 0
6409 0
6410 0
6411 0
6412 0
6413 0
6414 0
6415 0
6416 0
6417 0
6418 0
6419 0
6420 0
6421 0
6422 0
6423 0
6426 0
6427 0
6428 0
6452 0
6453 0
6454 0
6503 0
6504 0
6505 0
6506 0
6507 0
6508 0
6509 0
6510 0
6511 0
6512 0
6513 0
6514 0
6515 0
6516 0
6517 0
6518 0
6519 0
6520 0
6521 0
6522 0
6523 0
6524 0
6525 0
6526 0
6527 0
6528 0
6529 0
6530 0
6531 0
6532 0
6533 0
6534 0
6535 0
6536 0
6537 0
6538 0
6539 0
6540 0
6541 0
6542 0
6543 0
6544 0
6545 0
6546 0
6547 0
6548 0
6549 0
6550 0
6554 0
6555 0
6580 0
6581 0
6582 0
6631 0
6632 0
6633 0
6634 0
6635 0
6636 0
6637 0
6638 0
6639 0
6640 0
6641 0
6642 0
6643 0
6644 0
6645 0
6646 0
6647 0
6648 0
6649 0
6650 0
6651 0
6652 0
6653 0
6654 0
6655 0
6656 0
6657 0
6658 0
6659 0
6660 0
6661 0
6662 0
6663 0
6664 0
6665 0
6666 0
6667 0
6668 0
6669 0
6670 0
6671 0
6672 0
6673 0
6674 0
6675 0
6676 0
6677 0
6678 0
6708 0
6709 0
6710 0
6759 0
6760 0
6761 0
6762 0
6763 0
6764 0
6765 0
6766 0
6767 0
6768 0
6769 0
6770 0
6771 0
6772 0
6773 0
6774 0
6775 0
6776 0
6777 0
6778 0
6779 0
6780 0
6781 0
6782 0
6783 0
6784 0
6785 0
6786 0
6787 0
6788 0
6789 0
6790 0
6791 0
6792 0
6793 0
6794 0
6795 0
6796 0
6797 0
6798 0
6799 0
6800 0
6801 0
6802 0
6803 0
6804 0
6805 0
6837 0
6838 0
6887 0
6888 0
6889 0
6890 0
6891 0
6892 0
6893 0
6894 0
6895 0
6896 0
6897 0
6898 0
6899 0
6900 0
6901 0
6902 0
6903 0
6904 0
6905 0
6906 0
6907 0
6908 0
6909 0
6910 0
6911 0
6912 0
6913 0
6914 0
6915 0
6916 0
6917 0
6918 0
6919 0
6920 0
6921 0
6922 0
6923 0
6924 0
6925 0
6926 0
6927 0
6928 0
6929 0
6930 0
6931 0
6932 0
6933 0
6965 0
6966 0
6967 0
6968 0
6969 0
7015 0
7016 0
7017 0
7018 0
7019 0
7020 0
7021 0
7022 0
7023 0
7024 0
7025 0
7026 0
7027 0
7028 0
7029 0
7030 0
7031 0
7032 0
7033 0
7034 0
7035 0
7036 0
7037 0
7038 0
7039 0
7040 0
7041 0
7042 0
7043 0
7044 0
7045 0
7046 0
7047 0
7048 0
7049 0
7050 0
7051 0
7052 0
7053 0
7054 0
7055 0
7056 0
7057 0
7058 0
7059 0
7060 0
7061 0
7094 0
7095 0
7096 0
7097 0
7143 0
7144 0
7145 0
7146 0
7147 0
7148 0
7149 0
7150 0
7151 0
7152 0
7153 0
7154 0
7155 0
7156 0
7157 0
7158 0
7159 0
7160 0
7161 0
7162 0
7163 0
7164 0
7165 0
7166 0
7167 0
7168 0
7169 0
7170 0
7171 0
7172 0
7173 0
7174 0
7175 0
7176 0
7177 0
7178 0
7179 0
7180 0
7181 0
7182 0
7183 0
7184 0
7185 0
7186 0
7187 0
7188 0
7189 0
7190 0
7223 0
7224 0
7225 0
7271 0
7272 0
7273 0
7274 0
7275 0
7276 0
7277 0
7278 0
7279 0
7280 0
7281 0
7282 0
7283 0
7284 0
7285 0
7286 0
7287 0
7288 0
7289 0
7290 0
7291 0
7292 0
7293 0
7294 0
7295 0
7296 0
7297 0
7298 0
7299 0
7300 0
7301 0
7302 0
7303 0
7304 0
7305 0
7306 0
7307 0
7308 0
7309 0
7310 0
7311 0
7312 0
7313 0
7314 0
7315 0
7316 0
7317 0
7318 0
7319 0
7400 0
7401 0
7402 0
7403 0
7404 0
7405 0
7406 0
7407 0
7408 0
7409 0
7410 0
7411 0
7412 0
7413 0
7414 0
7415 0
7416 0
7417 0
7418 0
7419 0
7420 0
7421 0
7422 0
7423 0
7424 0
7425 0
7426 0
7427 0
7428 0
7429 0
7430 0
7431 0
7432 0
7433 0
7434 0
7435 0
7436 0
7437 0
7438 0
7439 0
7440 0
7441 0
7442 0
7443 0
7444 0
7445 0
7446 0
7447 0
7528 0
7529 0
7530 0
7531 0
7532 0
7533 0
7534 0
7535 0
7536 0
7537 0
7538 0
7539 0
7540 0
7541 0
7542 0
7543 0
7544 0
7545 0
7546 0
7547 0
7548 0
7549 0
7550 0
7551 0
7552 0
7553 0
7554 0
7555 0
7556 0
7557 0
7558 0
7559 0
7560 0
7561 0
7562 0
7563 0
7564 0
7565 0
7566 0
7567 0
7568 0
7569 0
7570 0
7571 0
7572 0
7573 0
7574 0
7575 0
7655 0
7656 0
7657 0
7658 0
7659 0
7660 0
7661 0
7662 0
7663 0
7664 0
7665 0
7666 0
7667 0
7668 0
7669 0
7670 0
7671 0
7672 0
7673 0
7674 0
7675 0
7676 0
7677 0
7678 0
7679 0
7680 0
7681 0
7682 0
7683 0
7684 0
7685 0
7686 0
7687 0
7688 0
7689 0
7690 0
7691 0
7692 0
7693 0
7694 0
7695 0
7696 0
7697 0
7698 0
7699 0
7700 0
7701 0
7702 0
7703 0
7783 0
7784 0
7785 0
7786 0
7787 0
7788 0
7789 0
7790 0
7791 0
7792 0
7793 0
7794 0
7795 0
7796 0
7797 0
7798 0
7799 0
7800 0
7801 0
7802 0
7803 0
7804 0
7805 0
7806 0
7807 0
7808 0
7809 0
7810 0
7811 0
7812 0
7813 0
7814 0
7815 0
7816 0
7817 0
7818 0
7819 0
7820 0
7821 0
7822 0
7823 0
7824 0
7825 0
7826 0
7827 0
7828 0
7829 0
7830 0
7912 0
7913 0
7914 0
7915 0
7916 0
7917 0
7918 0
7919 0
7920 0
7921 0
7922 0
7923 0
7924 0
7925 0
7926 0
7927 0
7928 0
7929 0
7930 0
7931 0
7932 0
7933 0
7934 0
7935 0
7936 0
7937 0
7938 0
7939 0
7940 0
7941 0
7942 0
7943 0
7944 0
7945 0
7946 0
7947 0
7948 0
7949 0
7950 0
7951 0
7952 0
7953 0
7954 0
7955 0
7956 0
7957 0
8040 0
8041 0
8042 0
8043 0
8044 0
8045 0
8046 0
8047 0
8048 0
8049 0
8050 0
8051 0
8052 0
8053 0
8054 0
8055 0
8056 0
8057 0
8058 0
8059 0
8060 0
8061 0
8062 0
8063 0
8064 0
8065 0
8066 0
8067 0
8068 0
8069 0
8070 0
8071 0
8072 0
8073 0
8074 0
8075 0
8076 0
8077 0
8078 0
8079 0
8080 0
8081 0
8082 0
8083 0
8084 0
8085 0
8169 0
8170 0
8171 0
8172 0
8173 0
8174 0
8175 0
8176 0
8177 0
8178 0
8179 0
8180 0
8181 0
8182 0
8183 0
8184 0
8185 0
8186 0
8187 0
8188 0
8189 0
8190 0
8191 0
8192 0
8193 0
8194 0
8195 0
8196 0
8197 0
8198 0
8199 0
8200 0
8201 0
8202 0
8203 0
8204 0
8205 0
8206 0
8207 0
8208 0
8209 0
8210 0
8211 0
8298 0
8299 0
8300 0
8301 0
8302 0
8303 0
8304 0
8305 0
8306 0
8307 0
8308 0
8309 0
8310 0
8311 0
8312 0
8313 0
8314 0
8315 0
8316 0
8317 0
8318 0
8319 0
8320 0
8321 0
8322 0
8323 0
8324 0
8325 0
8326 0
8327 0
8328 0
8329 0
8330 0
8331 0
8332 0
8333 0
8334 0
8335 0
8336 0
8337 0
8338 0
8339 0
8426 0
8427 0
8428 0
8429 0
8430 0
8431 0
8432 0
8433 0
8434 0
8435 0
8436 0
8437 0
8438 0
8439 0
8440 0
8441 0
8442 0
8443 0
8444 0
8445 0
8446 0
8447 0
8448 0
8449 0
8450 0
8451 0
8452 0
8453 0
8454 0
8455 0
8456 0
8457 0
8458 0
8459 0
8460 0
8461 0
8462 0
8463 0
8464 0
8465 0
8466 0
8467 0
8523 0
8524 0
8554 0
8555 0
8556 0
8557 0
8558 0
8559 0
8560 0
8561 0
8562 0
8563 0
8564 0
8565 0
8566 0
8567 0
8568 0
8569 0
8570 0
8571 0
8572 0
8573 0
8574 0
8575 0
8576 0
8577 0
8578 0
8579 0
8580 0
8581 0
8582 0
8583 0
8584 0
8585 0
8586 0
8587 0
8588 0
8589 0
8590 0
8591 0
8592 0
8593 0
8594 0
8595 0
8651 0
8652 0
8682 0
8683 0
8684 0
8685 0
8686 0
8687 0
8688 0
8689 0
8690 0
8691 0
8692 0
8693 0
8694 0
8695 0
8696 0
8697 0
8698 0
8699 0
8700 0
8701 0
8702 0
8703 0
8704 0
8705 0
8706 0
8707 0
8708 0
8709 0
8710 0
8711 0
8712 0
8713 0
8714 0
8715 0
8716 0
8717 0
8718 0
8719 0
8720 0
8721 0
8722 0
8723 0
8724 0
8779 0
8780 0
8810 0
8811 0
8812 0
8813 0
8814 0
8815 0
8816 0
8817 0
8818 0
8819 0
8820 0
8821 0
8822 0
8823 0
8824 0
8825 0
8826 0
8827 0
8828 0
8829 0
8830 0
8831 0
8832 0
8833 0
8834 0
8835 0
8836 0
8837 0
8838 0
8839 0
8840 0
8841 0
8842 0
8843 0
8844 0
8845 0
8846 0
8847 0
8848 0
8849 0
8850 0
8851 0
8852 0
8853 0
8938 0
8939 0
8940 0
8941 0
8942 0
8943 0
8944 0
8945 0
8946 0
8947 0
8948 0
8949 0
8950 0
8951 0
8952 0
8953 0
8954 0
8955 0
8956 0
8957 0
8958 0
8959 0
8960 0
8961 0
8962 0
8963 0
8964 0
8965 0
8966 0
8967 0
8968 0
8969 0
8970 0
8971 0
8972 0
8973 0
8974 0
8975 0
8976 0
8977 0
8978 0
8979 0
8980 0
8981 0
9066 0
9067 0
9068 0
9069 0
9070 0
9071 0
9072 0
9073 0
9074 0
9075 0
9076 0
9077 0
9078 0
9079 0
9080 0
9081 0
9082 0
9083 0
9084 0
9085 0
9086 0
9087 0
9088 0
9089 0
9090 0
9091 0
9092 0
9093 0
9094 0
9095 0
9096 0
9097 0
9098 0
9099 0
9100 0
9101 0
9102 0
9103 0
9104 0
9105 0
9106 0
9107 0
9108 0
9109 0
9193 0
9194 0
9195 0
9196 0
9197 0
9198 0
9199 0
9200 0
9201 0
9202 0
9203 0
9204 0
9205 0
9206 0
9207 0
9208 0
9209 0
9210 0
9211 0
9212 0
9213 0
9214 0
9215 0
9216 0
9217 0
9218 0
9219 0
9220 0
9221 0
9222 0
9223 0
9224 0
9225 0
9226 0
9227 0
9228 0
9229 0
9230 0
9231 0
9232 0
9233 0
9234 0
9235 0
9236 0
9237 0
9321 0
9322 0
9323 0
9324 0
9325 0
9326 0
9327 0
9328 0
9329 0
9330 0
9331 0
9332 0
9333 0
9334 0
9335 0
9336 0
9337 0
9338 0
9339 0
9340 0
9341 0
9342 0
9343 0
9344 0
9345 0
9346 0
9347 0
9348 0
9349 0
9350 0
9351 0
9352 0
9353 0
9354 0
9355 0
9356 0
9357 0
9358 0
9359 0
9360 0
9361 0
9362 0
9363 0
9364 0
9365 0
9450 0
9451 0
9452 0
9453 0
9454 0
9455 0
9456 0
9457 0
9458 0
9459 0
9460 0
9461 0
9462 0
9463 0
9464 0
9465 0
9466 0
9467 0
9468 0
9469 0
9470 0
9471 0
9472 0
9473 0
9474 0
9475 0
9476 0
9477 0
9478 0
9479 0
9480 0
9481 0
9482 0
9483 0
9484 0
9485 0
9486 0
9487 0
9488 0
9489 0
9490 0
9491 0
9492 0
9493 0
9578 0
9579 0
9580 0
9581 0
9582 0
9583 0
9584 0
9585 0
9586 0
9587 0
9588 0
9589 0
9590 0
9591 0
9592 0
9593 0
9594 0
9595 0
9596 0
9597 0
9598 0
9599 0
9600 0
9601 0
9602 0
9603 0
9604 0
9605 0
9606 0
9607 0
9608 0
9609 0
9610 0
9611 0
9612 0
9613 0
9614 0
9615 0
9616 0
9617 0
9618 0
9619 0
9620 0
9621 0
9707 0
9708 0
9709 0
9710 0
9711 0
9712 0
9713 0
9714 0
9715 0
9716 0
9717 0
9718 0
9719 0
9720 0
9721 0
9722 0
9723 0
9724 0
9725 0
9726 0
9727 0
9728 0
9729 0
9730 0
9731 0
9732 0
9733 0
9734 0
9735 0
9736 0
9737 0
9738 0
9739 0
9740 0
9741 0
9742 0
9743 0
9744 0
9745 0
9746 0
9747 0
9748 0
9749 0
9835 0
9836 0
9837 0
9838 0
9839 0
9840 0
9841 0
9842 0
9843 0
9844 0
9845 0
9846 0
9847 0
9848 0
9849 0
9850 0
9851 0
9852 0
9853 0
9854 0
9855 0
9856 0
9857 0
9858 0
9859 0
9860 0
9861 0
9862 0
9863 0
9864 0
9865 0
9866 0
9867 0
9868 0
9869 0
9870 0
9871 0
9872 0
9873 0
9874 0
9875 0
9876 0
9877 0
9962 0
9963 0
9964 0
9965 0
9966 0
9967 0
9968 0
9969 0
9970 0
9971 0
9972 0
9973 0
9974 0
9975 0
9976 0
9977 0
9978 0
9979 0
9980 0
9981 0
9982 0
9983 0
9984 0
9985 0
9986 0
9987 0
9988 0
9989 0
9990 0
9991 0
9992 0
9993 0
9994 0
9995 0
9996 0
9997 0
9998 0
9999 0
10000 0
10001 0
10002 0
10003 0
10004 0
10005 0
10006 0
10090 0
10091 0
10092 0
10093 0
10094 0
10095 0
10096 0
10097 0
10098 0
10099 0
10100 0
10101 0
10102 0
10103 0
10104 0
10105 0
10106 0
10107 0
10108 0
10109 0
10110 0
10111 0
10112 0
10113 0
10114 0
10115 0
10116 0
10117 0
10118 0
10119 0
10120 0
10121 0
10122 0
10123 0
10124 0
10125 0
10126 0
10127 0
10128 0
10129 0
10130 0
10131 0
10132 0
10133 0
10134 0
10218 0
10219 0
10220 0
10221 0
10222 0
10223 0
10224 0
10225 0
10226 0
10227 0
10228 0
10229 0
10230 0
10231 0
10232 0
10233 0
10234 0
10235 0
10236 0
10237 0
10238 0
10239 0
10240 0
10241 0
10242 0
10243 0
10244 0
10245 0
10246 0
10247 0
10248 0
10249 0
10250 0
10251 0
10252 0
10253 0
10254 0
10255 0
10256 0
10257 0
10258 0
10259 0
10260 0
10261 0
10262 0
10346 0
10347 0
10348 0
10349 0
10350 0
10351 0
10352 0
10353 0
10354 0
10355 0
10356 0
10357 0
10358 0
10359 0
10360 0
10361 0
10362 0
10363 0
10364 0
10365 0
10366 0
10367 0
10368 0
10369 0
10370 0
10371 0
10372 0
10373 0
10374 0
10375 0
10376 0
10377 0
10378 0
10379 0
10380 0
10381 0
10382 0
10383 0
10384 0
10385 0
10386 0
10387 0
10388 0
10389 0
10390 0
10473 0
10474 0
10475 0
10476 0
10477 0
10478 0
10479 0
10480 0
10481 0
10482 0
10483 0
10484 0
10485 0
10486 0
10487 0
10488 0
10489 0
10490 0
10491 0
10492 0
10493 0
10494 0
10495 0
10496 0
10497 0
10498 0
10499 0
10500 0
10501 0
10502 0
10503 0
10504 0
10505 0
10506 0
10507 0
10508 0
10509 0
10510 0
10511 0
10512 0
10513 0
10514 0
10515 0
10516 0
10517 0
10518 0
10519 0
10601 0
10602 0
10603 0
10604 0
10605 0
10606 0
10607 0
10608 0
10609 0
10610 0
10611 0
10612 0
10613 0
10614 0
10615 0
10616 0
10617 0
10618 0
10619 0
10620 0
10621 0
10622 0
10623 0
10624 0
10625 0
10626 0
10627 0
10628 0
10629 0
10630 0
10631 0
10632 0
10633 0
10634 0
10635 0
10636 0
10637 0
10638 0
10639 0
10640 0
10641 0
10642 0
10643 0
10644 0
10645 0
10646 0
10647 0
10729 0
10730 0
10731 0
10732 0
10733 0
10734 0
10735 0
10736 0
10737 0
10738 0
10739 0
10740 0
10741 0
10742 0
10743 0
10744 0
10745 0
10746 0
10747 0
10748 0
10749 0
10750 0
10751 0
10752 0
10753 0
10754 0
10755 0
10756 0
10757 0
10758 0
10759 0
10760 0
10761 0
10762 0
10763 0
10764 0
10765 0
10766 0
10767 0
10768 0
10769 0
10770 0
10771 0
10772 0
10773 0
10774 0
10775 0
10856 0
10857 0
10858 0
10859 0
10860 0
10861 0
10862 0
10863 0
10864 0
10865 0
10866 0
10867 0
10868 0
10869 0
10870 0
10871 0
10872 0
10873 0
10874 0
10875 0
10876 0
10877 0
10878 0
10879 0
10880 0
10881 0
10882 0
10883 0
10884 0
10885 0
10886 0
10887 0
10888 0
10889 0
10890 0
10891 0
10892 0
10893 0
10894 0
10895 0
10896 0
10897 0
10898 0
10899 0
10900 0
10901 0
10902 0
10903 0
10984 0
10985 0
10986 0
10987 0
10988 0
10989 0
10990 0
10991 0
10992 0
10993 0
10994 0
10995 0
10996 0
10997 0
10998 0
10999 0
11000 0
11001 0
11002 0
11003 0
11004 0
11005 0
11006 0
11007 0
11008 0
11009 0
11010 0
11011 0
11012 0
11013 0
11014 0
11015 0
11016 0
11017 0
11018 0
11019 0
11020 0
11021 0
11022 0
11023 0
11024 0
11025 0
11026 0
11027 0
11028 0
11029 0
11030 0
11031 0
11112 0
11113 0
11114 0
11115 0
11116 0
11117 0
11118 0
11119 0
11120 0
11121 0
11122 0
11123 0
11124 0
11125 0
11126 0
11127 0
11128 0
11129 0
11130 0
11131 0
11132 0
11133 0
11134 0
11135 0
11136 0
11137 0
11138 0
11139 0
11140 0
11141 0
11142 0
11143 0
11144 0
11145 0
11146 0
11147 0
11148 0
11149 0
11150 0
11151 0
11152 0
11153 0
11154 0
11155 0
11156 0
11157 0
11158 0
11159 0
11239 0
11240 0
11241 0
11242 0
11243 0
11244 0
11245 0
11246 0
11247 0
11248 0
11249 0
11250 0
11251 0
11252 0
11253 0
11254 0
11255 0
11256 0
11257 0
11258 0
11259 0
11260 0
11261 0
11262 0
11263 0
11264 0
11265 0
11266 0
11267 0
11268 0
11269 0
11270 0
11271 0
11272 0
11273 0
11274 0
11275 0
11276 0
11277 0
11278 0
11279 0
11280 0
11281 0
11282 0
11283 0
11284 0
11285 0
11286 0
11287 0
11288 0
11367 0
11368 0
11369 0
11370 0
11371 0
11372 0
11373 0
11374 0
11375 0
11376 0
11377 0
11378 0
11379 0
11380 0
11381 0
11382 0
11383 0
11384 0
11385 0
11386 0
11387 0
11388 0
11389 0
11390 0
11391 0
11392 0
11393 0
11394 0
11395 0
11396 0
11397 0
11398 0
11399 0
11400 0
11401 0
11402 0
11403 0
11404 0
11405 0
11406 0
11407 0
11408 0
11409 0
11410 0
11411 0
11412 0
11413 0
11414 0
11415 0
11416 0
11494 0
11495 0
11496 0
11497 0
11498 0
11499 0
11500 0
11501 0
11502 0
11503 0
11504 0
11505 0
11506 0
11507 0
11508 0
11509 0
11510 0
11511 0
11512 0
11513 0
11514 0
11515 0
11516 0
11517 0
11518 0
11519 0
11520 0
11521 0
11522 0
11523 0
11524 0
11525 0
11526 0
11527 0
11528 0
11529 0
11530 0
11531 0
11532 0
11533 0
11534 0
11535 0
11536 0
11537 0
11538 0
11539 0
11540 0
11541 0
11542 0
11543 0
11544 0
11545 0
11622 0
11623 0
11624 0
11625 0
11626 0
11627 0
11628 0
11629 0
11630 0
11631 0
11632 0
11633 0
11634 0
11635 0
11636 0
11637 0
11638 0
11639 0
11640 0
11641 0
11642 0
11643 0
11644 0
11645 0
11646 0
11647 0
11648 0
11649 0
11650 0
11651 0
11652 0
11653 0
11654 0
11655 0
11656 0
11657 0
11658 0
11659 0
11660 0
11661 0
11662 0
11663 0
11664 0
11665 0
11666 0
11667 0
11668 0
11669 0
11670 0
11671 0
11672 0
11673 0
11749 0
11750 0
11751 0
11752 0
11753 0
11754 0
11755 0
11756 0
11757 0
11758 0
11759 0
11760 0
11761 0
11762 0
11763 0
11764 0
11765 0
11766 0
11767 0
11768 0
11769 0
11770 0
11771 0
11772 0
11773 0
11774 0
11775 0
11776 0
11777 0
11778 0
11779 0
11780 0
11781 0
11782 0
11783 0
11784 0
11785 0
11786 0
11787 0
11788 0
11789 0
11790 0
11791 0
11792 0
11793 0
11794 0
11795 0
11796 0
11797 0
11798 0
11799 0
11800 0
11801 0
11802 0
11877 0
11878 0
11879 0
11880 0
11881 0
11882 0
11883 0
11884 0
11885 0
11886 0
11887 0
11888 0
11889 0
11890 0
11891 0
11892 0
11893 0
11894 0
11895 0
11896 0
11897 0
11898 0
11899 0
11900 0
11901 0
11902 0
11903 0
11904 0
11905 0
11906 0
11907 0
11908 0
11909 0
11910 0
11911 0
11912 0
11913 0
11914 0
11915 0
11916 0
11917 0
11918 0
11919 0
11920 0
11921 0
11922 0
11923 0
11924 0
11925 0
11926 0
11927 0
11928 0
11929 0
11930 0
12004 0
12005 0
12006 0
12007 0
12008 0
12009 0
12010 0
12011 0
12012 0
12013 0
12014 0
12015 0
12016 0
12017 0
12018 0
12019 0
12020 0
12021 0
12022 0
12023 0
12024 0
12025 0
12026 0
12027 0
12028 0
12029 0
12030 0
12031 0
12032 0
12033 0
12034 0
12035 0
12036 0
12037 0
12038 0
12039 0
12040 0
12041 0
12042 0
12043 0
12044 0
12045 0
12046 0
12047 0
12048 0
12049 0
12050 0
12051 0
12052 0
12053 0
12054 0
12055 0
12056 0
12057 0
12058 0
12059 0
12131 0
12132 0
12133 0
12134 0
12135 0
12136 0
12137 0
12138 0
12139 0
12140 0
12141 0
12142 0
12143 0
12144 0
12145 0
12146 0
12147 0
12148 0
12149 0
12150 0
12151 0
12152 0
12153 0
12154 0
12155 0
12156 0
12157 0
12158 0
12159 0
12160 0
12161 0
12162 0
12163 0
12164 0
12165 0
12166 0
12167 0
12168 0
12169 0
12170 0
12171 0
12172 0
12173 0
12174 0
12175 0
12176 0
12177 0
12178 0
12179 0
12180 0
12181 0
12182 0
12183 0
12184 0
12185 0
12186 0
12187 0
12188 0
12259 0
12260 0
12261 0
12262 0
12263 0
12264 0
12265 0
12266 0
12267 0
12268 0
12269 0
12270 0
12271 0
12272 0
12273 0
12274 0
12275 0
12276 0
12277 0
12278 0
12279 0
12280 0
12281 0
12282 0
12283 0
12284 0
12285 0
12286 0
12287 0
12288 0
12289 0
12290 0
12291 0
12292 0
12293 0
12294 0
12295 0
12296 0
12297 0
12298 0
12299 0
12300 0
12301 0
12302 0
12303 0
12304 0
12305 0
12306 0
12307 0
12308 0
12309 0
12310 0
12311 0
12312 0
12313 0
12314 0
12315 0
12316 0
12386 0
12387 0
12388 0
12389 0
12390 0
12391 0
12392 0
12393 0
12394 0
12395 0
12396 0
12397 0
12398 0
12399 0
12400 0
12401 0
12402 0
12403 0
12404 0
12405 0
12406 0
12407 0
12408 0
12409 0
12410 0
12411 0
12412 0
12413 0
12414 0
12415 0
12416 0
12417 0
12418 0
12419 0
12420 0
12421 0
12422 0
12423 0
12424 0
12425 0
12426 0
12427 0
12428 0
12429 0
12430 0
12431 0
12432 0
12433 0
12434 0
12435 0
12436 0
12437 0
12438 0
12439 0
12440 0
12441 0
12442 0
12443 0
12444 0
12445 0
12513 0
12514 0
12515 0
12516 0
12517 0
12518 0
12519 0
12520 0
12521 0
12522 0
12523 0
12524 0
12525 0
12526 0
12527 0
12528 0
12529 0
12530 0
12531 0
12532 0
12533 0
12534 0
12535 0
12536 0
12537 0
12538 0
12539 0
12540 0
12541 0
12542 0
12543 0
12544 0
12545 0
12546 0
12547 0
12548 0
12549 0
12550 0
12551 0
12552 0
12553 0
12554 0
12555 0
12556 0
12557 0
12558 0
12559 0
12560 0
12561 0
12562 0
12563 0
12564 0
12565 0
12566 0
12567 0
12568 0
12569 0
12570 0
12571 0
12572 0
12573 0
12641 0
12642 0
12643 0
12644 0
12645 0
12646 0
12647 0
12648 0
12649 0
12650 0
12651 0
12652 0
12653 0
12654 0
12655 0
12656 0
12657 0
12658 0
12659 0
12660 0
12661 0
12662 0
12663 0
12664 0
12665 0
12666 0
12667 0
12668 0
12669 0
12670 0
12671 0
12672 0
12673 0
12674 0
12675 0
12676 0
12677 0
12678 0
12679 0
12680 0
12681 0
12682 0
12683 0
12684 0
12685 0
12686 0
12687 0
12688 0
12689 0
12690 0
12691 0
12692 0
12693 0
12694 0
12695 0
12696 0
12697 0
12698 0
12699 0
12700 0
12701 0
12702 0
12768 0
12769 0
12770 0
12771 0
12772 0
12773 0
12774 0
12775 0
12776 0
12777 0
12778 0
12779 0
12780 0
12781 0
12782 0
12783 0
12784 0
12785 0
12786 0
12787 0
12788 0
12789 0
12790 0
12791 0
12792 0
12793 0
12794 0
12795 0
12796 0
12797 0
12798 0
12799 0
12800 0
12801 0
12802 0
12803 0
12804 0
12805 0
12806 0
12807 0
12808 0
12809 0
12810 0
12811 0
12812 0
12813 0
12814 0
12815 0
12816 0
12817 0
12818 0
12819 0
12820 0
12821 0
12822 0
12823 0
12824 0
12825 0
12826 0
12827 0
12828 0
12829 0
12830 0
12831 0
12832 0
12895 0
12896 0
12897 0
12898 0
12899 0
12900 0
12901 0
12902 0
12903 0
12904 0
12905 0
12906 0
12907 0
12908 0
12909 0
12910 0
12911 0
12912 0
12913 0
12914 0
12915 0
12916 0
12917 0
12918 0
12919 0
12920 0
12921 0
12922 0
12923 0
12924 0
12925 0
12926 0
12927 0
12928 0
12929 0
12930 0
12931 0
12932 0
12933 0
12934 0
12935 0
12936 0
12937 0
12938 0
12939 0
12940 0
12941 0
12942 0
12943 0
12944 0
12945 0
12946 0
12947 0
12948 0
12949 0
12950 0
12951 0
12952 0
12953 0
12954 0
12955 0
12956 0
12957 0
12958 0
12959 0
12960 0
12961 0
13023 0
13024 0
13025 0
13026 0
13027 0
13028 0
13029 0
13030 0
13031 0
13032 0
13033 0
13034 0
13035 0
13036 0
13037 0
13038 0
13039 0
13040 0
13041 0
13042 0
13043 0
13044 0
13045 0
13046 0
13047 0
13048 0
13049 0
13050 0
13051 0
13052 0
13053 0
13054 0
13055 0
13056 0
13057 0
13058 0
13059 0
13060 0
13061 0
13062 0
13063 0
13064 0
13065 0
13066 0
13067 0
13068 0
13069 0
13070 0
13071 0
13072 0
13073 0
13074 0
13075 0
13076 0
13077 0
13078 0
13079 0
13080 0
13081 0
13082 0
13083 0
13084 0
13085 0
13086 0
13087 0
13088 0
13089 0
13096 0
13097 0
13150 0
13151 0
13152 0
13153 0
13154 0
13155 0
13156 0
13157 0
13158 0
13159 0
13160 0
13161 0
13162 0
13163 0
13164 0
13165 0
13166 0
13167 0
13168 0
13169 0
13170 0
13171 0
13172 0
13173 0
13174 0
13175 0
13176 0
13177 0
13178 0
13179 0
13180 0
13181 0
13182 0
13183 0
13184 0
13185 0
13186 0
13187 0
13188 0
13189 0
13190 0
13191 0
13192 0
13193 0
13194 0
13195 0
13196 0
13197 0
13198 0
13199 0
13200 0
13201 0
13202 0
13203 0
13204 0
13205 0
13206 0
13207 0
13208 0
13209 0
13210 0
13211 0
13212 0
13213 0
13214 0
13215 0
13216 0
13217 0
13218 0
13224 0
13225 0
13229 0
13230 0
13231 0
13232 0
13277 0
13278 0
13279 0
13280 0
13281 0
13282 0
13283 0
13284 0
13285 0
13286 0
13287 0
13288 0
13289 0
13290 0
13291 0
13292 0
13293 0
13294 0
13295 0
13296 0
13297 0
13298 0
13299 0
13300 0
13301 0
13302 0
13303 0
13304 0
13305 0
13306 0
13307 0
13308 0
13309 0
13310 0
13311 0
13312 0
13313 0
13314 0
13315 0
13316 0
13317 0
13318 0
13319 0
13320 0
13321 0
13322 0
13323 0
13324 0
13325 0
13326 0
13327 0
13328 0
13329 0
13330 0
13331 0
13332 0
13333 0
13334 0
13335 0
13336 0
13337 0
13338 0
13339 0
13340 0
13341 0
13342 0
13343 0
13344 0
13345 0
13346 0
13347 0
13356 0
13357 0
13358 0
13359 0
13360 0
13405 0
13406 0
13407 0
13408 0
13409 0
13410 0
13411 0
13412 0
13413 0
13414 0
13415 0
13416 0
13417 0
13418 0
13419 0
13420 0
13421 0
13422 0
13423 0
13424 0
13425 0
13426 0
13427 0
13428 0
13429 0
13430 0
13431 0
13432 0
13433 0
13434 0
13435 0
13436 0
13437 0
13438 0
13439 0
13440 0
13441 0
13442 0
13443 0
13444 0
13445 0
13446 0
13447 0
13448 0
13449 0
13450 0
13451 0
13452 0
13453 0
13454 0
13455 0
13456 0
13457 0
13458 0
13459 0
13460 0
13461 0
13462 0
13463 0
13464 0
13465 0
13466 0
13467 0
13468 0
13469 0
13470 0
13471 0
13472 0
13473 0
13474 0
13475 0
13476 0
13484 0
13485 0
13486 0
13487 0
13488 0
13521 0
13522 0
13523 0
13532 0
13533 0
13534 0
13535 0
13536 0
13537 0
13538 0
13539 0
13540 0
13541 0
13542 0
13543 0
13544 0
13545 0
13546 0
13547 0
13548 0
13549 0
13550 0
13551 0
13552 0
13553 0
13554 0
13555 0
13556 0
13557 0
13558 0
13559 0
13560 0
13561 0
13562 0
13563 0
13564 0
13565 0
13566 0
13567 0
13568 0
13569 0
13570 0
13571 0
13572 0
13573 0
13574 0
13575 0
13576 0
13577 0
13578 0
13579 0
13580 0
13581 0
13582 0
13583 0
13584 0
13585 0
13586 0
13587 0
13588 0
13589 0
13590 0
13591 0
13592 0
13593 0
13594 0
13595 0
13596 0
13597 0
13598 0
13599 0
13600 0
13601 0
13602 0
13603 0
13604 0
13605 0
13612 0
13613 0
13614 0
13615 0
13616 0
13649 0
13650 0
13651 0
13658 0
13659 0
13660 0
13661 0
13662 0
13663 0
13664 0
13665 0
13666 0
13667 0
13668 0
13669 0
13670 0
13671 0
13672 0
13673 0
13674 0
13675 0
13676 0
13677 0
13678 0
13679 0
13680 0
13681 0
13682 0
13683 0
13684 0
13685 0
13686 0
13687 0
13688 0
13689 0
13690 0
13691 0
13692 0
13693 0
13694 0
13695 0
13696 0
13697 0
13698 0
13699 0
13700 0
13701 0
13702 0
13703 0
13704 0
13705 0
13706 0
13707 0
13708 0
13709 0
13710 0
13711 0
13712 0
13713 0
13714 0
13715 0
13716 0
13717 0
13718 0
13719 0
13720 0
13721 0
13722 0
13723 0
13724 0
13725 0
13726 0
13727 0
13728 0
13729 0
13730 0
13731 0
13732 0
13733 0
13734 0
13740 0
13741 0
13742 0
13743 0
13744 0
13745 0
13785 0
13786 0
13787 0
13788 0
13789 0
13790 0
13791 0
13792 0
13793 0
13794 0
13795 0
13796 0
13797 0
13798 0
13799 0
13800 0
13801 0
13802 0
13803 0
13804 0
13805 0
13806 0
13807 0
13808 0
13809 0
13810 0
13811 0
13812 0
13813 0
13814 0
13815 0
13816 0
13817 0
13818 0
13819 0
13820 0
13821 0
13822 0
13823 0
13824 0
13825 0
13826 0
13827 0
13828 0
13829 0
13830 0
13831 0
13832 0
13833 0
13834 0
13835 0
13836 0
13837 0
13838 0
13839 0
13840 0
13841 0
13842 0
13843 0
13844 0
13845 0
13846 0
13847 0
13848 0
13849 0
13850 0
13851 0
13852 0
13853 0
13854 0
13855 0
13856 0
13857 0
13858 0
13859 0
13860 0
13861 0
13862 0
13863 0
13864 0
13869 0
13870 0
13871 0
13872 0
13873 0
13912 0
13913 0
13914 0
13915 0
13916 0
13917 0
13918 0
13919 0
13920 0
13921 0
13922 0
13923 0
13924 0
13925 0
13926 0
13927 0
13928 0
13929 0
13930 0
13931 0
13932 0
13933 0
13934 0
13935 0
13936 0
13937 0
13938 0
13939 0
13940 0
13941 0
13942 0
13943 0
13944 0
13945 0
13946 0
13947 0
13948 0
13949 0
13950 0
13951 0
13952 0
13953 0
13954 0
13955 0
13956 0
13957 0
13958 0
13959 0
13960 0
13961 0
13962 0
13963 0
13964 0
13965 0
13966 0
13967 0
13968 0
13969 0
13970 0
13971 0
13972 0
13973 0
13974 0
13975 0
13976 0
13977 0
13978 0
13979 0
13980 0
13981 0
13982 0
13983 0
13984 0
13985 0
13986 0
13987 0
13988 0
13989 0
13990 0
13991 0
13992 0
13993 0
14038 0
14039 0
14040 0
14041 0
14042 0
14043 0
14044 0
14045 0
14046 0
14047 0
14048 0
14049 0
14050 0
14051 0
14052 0
14053 0
14054 0
14055 0
14056 0
14057 0
14058 0
14059 0
14060 0
14061 0
14062 0
14063 0
14064 0
14065 0
14066 0
14067 0
14068 0
14069 0
14070 0
14071 0
14072 0
14073 0
14074 0
14075 0
14076 0
14077 0
14078 0
14079 0
14080 0
14081 0
14082 0
14083 0
14084 0
14085 0
14086 0
14087 0
14088 0
14089 0
14090 0
14091 0
14092 0
14093 0
14094 0
14095 0
14096 0
14097 0
14098 0
14099 0
14100 0
14101 0
14102 0
14103 0
14104 0
14105 0
14106 0
14107 0
14108 0
14109 0
14110 0
14111 0
14112 0
14113 0
14114 0
14115 0
14116 0
14117 0
14118 0
14119 0
14120 0
14121 0
14122 0
14123 0
14165 0
14166 0
14167 0
14168 0
14169 0
14170 0
14171 0
14172 0
14173 0
14174 0
14175 0
14176 0
14177 0
14178 0
14179 0
14180 0
14181 0
14182 0
14183 0
14184 0
14185 0
14186 0
14187 0
14188 0
14189 0
14190 0
14191 0
14192 0
14193 0
14194 0
14195 0
14196 0
14197 0
14198 0
14199 0
14200 0
14201 0
14202 0
14203 0
14204 0
14205 0
14206 0
14207 0
14208 0
14209 0
14210 0
14211 0
14212 0
14213 0
14214 0
14215 0
14216 0
14217 0
14218 0
14219 0
14220 0
14221 0
14222 0
14223 0
14224 0
14225 0
14226 0
14227 0
14228 0
14229 0
14230 0
14231 0
14232 0
14233 0
14234 0
14235 0
14236 0
14237 0
14238 0
14239 0
14240 0
14241 0
14242 0
14243 0
14244 0
14245 0
14246 0
14247 0
14248 0
14249 0
14250 0
14251 0
14252 0
14253 0
14254 0
14255 0
14284 0
14285 0
14286 0
14287 0
14291 0
14292 0
14293 0
14294 0
14295 0
14296 0
14297 0
14298 0
14299 0
14300 0
14301 0
14302 0
14303 0
14304 0
14305 0
14306 0
14307 0
14308 0
14309 0
14310 0
14311 0
14312 0
14313 0
14314 0
14315 0
14316 0
14317 0
14318 0
14319 0
14320 0
14321 0
14322 0
14323 0
14324 0
14325 0
14326 0
14327 0
14328 0
14329 0
14330 0
14331 0
14332 0
14333 0
14334 0
14335 0
14336 0
14337 0
14338 0
14339 0
14340 0
14341 0
14342 0
14343 0
14344 0
14345 0
14346 0
14347 0
14348 0
14349 0
14350 0
14351 0
14352 0
14353 0
14354 0
14355 0
14356 0
14357 0
14358 0
14359 0
14360 0
14361 0
14362 0
14363 0
14364 0
14365 0
14366 0
14367 0
14368 0
14369 0
14370 0
14371 0
14372 0
14373 0
14374 0
14375 0
14376 0
14377 0
14378 0
14379 0
14380 0
14381 0
14382 0
14383 0
14389 0
14390 0
14409 0
14410 0
14411 0
14412 0
14413 0
14414 0
14415 0
14418 0
14419 0
14420 0
14421 0
14422 0
14423 0
14424 0
14425 0
14426 0
14427 0
14428 0
14429 0
14430 0
14431 0
14432 0
14433 0
14434 0
14435 0
14436 0
14437 0
14438 0
14439 0
14440 0
14441 0
14442 0
14443 0
14444 0
14445 0
14446 0
14447 0
14448 0
14449 0
14450 0
14451 0
14452 0
14453 0
14454 0
14455 0
14456 0
14457 0
14458 0
14459 0
14460 0
14461 0
14462 0
14463 0
14464 0
14465 0
14466 0
14467 0
14468 0
14469 0
14470 0
14471 0
14472 0
14473 0
14474 0
14475 0
14476 0
14477 0
14478 0
14479 0
14480 0
14481 0
14482 0
14483 0
14484 0
14485 0
14486 0
14487 0
14488 0
14489 0
14490 0
14491 0
14492 0
14493 0
14494 0
14495 0
14496 0
14497 0
14498 0
14499 0
14500 0
14501 0
14502 0
14503 0
14504 0
14505 0
14506 0
14507 0
14508 0
14509 0
14510 0
14511 0
14512 0
14517 0
14518 0
14537 0
14538 0
14539 0
14540 0
14543 0
14544 0
14545 0
14546 0
14547 0
14548 0
14549 0
14550 0
14551 0
14552 0
14553 0
14554 0
14555 0
14556 0
14557 0
14558 0
14559 0
14560 0
14561 0
14562 0
14563 0
14564 0
14565 0
14566 0
14567 0
14568 0
14569 0
14570 0
14571 0
14572 0
14573 0
14574 0
14575 0
14576 0
14577 0
14578 0
14579 0
14580 0
14581 0
14582 0
14583 0
14584 0
14585 0
14586 0
14587 0
14588 0
14589 0
14590 0
14591 0
14592 0
14593 0
14594 0
14595 0
14596 0
14597 0
14598 0
14599 0
14600 0
14601 0
14602 0
14603 0
14604 0
14605 0
14606 0
14607 0
14608 0
14609 0
14610 0
14611 0
14612 0
14613 0
14614 0
14615 0
14616 0
14617 0
14618 0
14619 0
14620 0
14621 0
14622 0
14623 0
14624 0
14625 0
14626 0
14627 0
14628 0
14629 0
14630 0
14631 0
14632 0
14633 0
14634 0
14635 0
14636 0
14637 0
14638 0
14639 0
14640 0
14641 0
14642 0
14643 0
14644 0
14645 0
14646 0
14665 0
14666 0
14668 0
14669 0
14670 0
14671 0
14672 0
14673 0
14674 0
14675 0
14676 0
14677 0
14678 0
14679 0
14680 0
14681 0
14682 0
14683 0
14684 0
14685 0
14686 0
14687 0
14688 0
14689 0
14690 0
14691 0
14692 0
14693 0
14694 0
14695 0
14696 0
14697 0
14698 0
14699 0
14700 0
14701 0
14702 0
14703 0
14704 0
14705 0
14706 0
14707 0
14708 0
14709 0
14710 0
14711 0
14712 0
14713 0
14714 0
14715 0
14716 0
14717 0
14718 0
14719 0
14720 0
14721 0
14722 0
14723 0
14724 0
14725 0
14726 0
14727 0
14728 0
14729 0
14730 0
14731 0
14732 0
14733 0
14734 0
14735 0
14736 0
14737 0
14738 0
14739 0
14740 0
14741 0
14742 0
14743 0
14744 0
14745 0
14746 0
14747 0
14748 0
14749 0
14750 0
14751 0
14752 0
14753 0
14754 0
14755 0
14756 0
14757 0
14758 0
14759 0
14760 0
14761 0
14762 0
14763 0
14764 0
14765 0
14766 0
14767 0
14768 0
14769 0
14770 0
14771 0
14772 0
14773 0
14774 0
14775 0
14776 0
14777 0
14778 0
14781 0
14782 0
14783 0
14792 0
14793 0
14794 0
14795 0
14796 0
14797 0
14798 0
14799 0
14800 0
14801 0
14802 0
14803 0
14804 0
14805 0
14806 0
14807 0
14808 0
14809 0
14810 0
14811 0
14812 0
14813 0
14814 0
14815 0
14816 0
14817 0
14818 0
14819 0
14820 0
14821 0
14822 0
14823 0
14824 0
14825 0
14826 0
14827 0
14828 0
14829 0
14830 0
14831 0
14832 0
14833 0
14834 0
14835 0
14836 0
14837 0
14838 0
14839 0
14840 0
14841 0
14842 0
14843 0
14844 0
14845 0
14846 0
14847 0
14848 0
14849 0
14850 0
14851 0
14852 0
14853 0
14854 0
14855 0
14856 0
14857 0
14858 0
14859 0
14860 0
14861 0
14862 0
14863 0
14864 0
14865 0
14866 0
14867 0
14868 0
14869 0
14870 0
14871 0
14872 0
14873 0
14874 0
14875 0
14876 0
14877 0
14878 0
14879 0
14880 0
14881 0
14882 0
14883 0
14884 0
14885 0
14886 0
14887 0
14888 0
14889 0
14890 0
14891 0
14892 0
14893 0
14894 0
14895 0
14896 0
14897 0
14898 0
14899 0
14900 0
14901 0
14902 0
14903 0
14904 0
14905 0
14906 0
14907 0
14908 0
14909 0
14910 0
14911 0
14912 0
14913 0
14914 0
14915 0
14916 0
14917 0
14918 0
14919 0
14920 0
14921 0
14922 0
14923 0
14924 0
14925 0
14926 0
14927 0
14928 0
14929 0
14930 0
14931 0
14932 0
14933 0
14934 0
14935 0
14936 0
14937 0
14938 0
14939 0
14940 0
14941 0
14942 0
14943 0
14944 0
14945 0
14946 0
14947 0
14948 0
14949 0
14950 0
14951 0
14952 0
14953 0
14954 0
14955 0
14956 0
14957 0
14958 0
14959 0
14960 0
14961 0
14962 0
14963 0
14964 0
14965 0
14966 0
14967 0
14968 0
14969 0
14970 0
14971 0
14972 0
14973 0
14974 0
14975 0
14976 0
14977 0
14978 0
14979 0
14980 0
14981 0
14982 0
14983 0
14984 0
14985 0
14986 0
14987 0
14988 0
14989 0
14990 0
14991 0
14992 0
14993 0
14994 0
14995 0
14996 0
14997 0
14998 0
14999 0
15000 0
15001 0
15002 0
15003 0
15004 0
15005 0
15006 0
15007 0
15008 0
15009 0
15010 0
15011 0
15012 0
15013 0
15014 0
15015 0
15016 0
15017 0
15018 0
15019 0
15020 0
15021 0
15022 0
15023 0
15024 0
15025 0
15026 0
15027 0
15028 0
15029 0
15030 0
15031 0
15032 0
15033 0
15034 0
15035 0
15036 0
15037 0
15038 0
15039 0
15040 0
15041 0
15042 0
15043 0
15044 0
15045 0
15046 0
15047 0
15048 0
15049 0
15050 0
15051 0
15052 0
15053 0
15054 0
15055 0
15056 0
15057 0
15058 0
15059 0
15060 0
15061 0
15062 0
15063 0
15064 0
15065 0
15066 0
15067 0
15068 0
15069 0
15070 0
15071 0
15072 0
15073 0
15074 0
15075 0
15076 0
15077 0
15078 0
15079 0
15080 0
15081 0
15082 0
15083 0
15084 0
15085 0
15086 0
15087 0
15088 0
15089 0
15090 0
15091 0
15092 0
15093 0
15094 0
15095 0
15096 0
15097 0
15098 0
15099 0
15100 0
15101 0
15102 0
15103 0
15104 0
15105 0
15106 0
15107 0
15108 0
15109 0
15110 0
15111 0
15112 0
15113 0
15114 0
15115 0
15116 0
15117 0
15118 0
15119 0
15120 0
15121 0
15122 0
15123 0
15124 0
15125 0
15126 0
15127 0
15128 0
15129 0
15130 0
15131 0
15132 0
15133 0
15134 0
15135 0
15136 0
15137 0
15138 0
15139 0
15140 0
15141 0
15142 0
15143 0
15144 0
15145 0
15146 0
15147 0
15148 0
15149 0
15150 0
15151 0
15152 0
15153 0
15154 0
15155 0
15156 0
15157 0
15158 0
15159 0
15160 0
15161 0
15162 0
15163 0
15164 0
15165 0
15166 0
15167 0
15168 0
15169 0
15170 0
15171 0
15172 0
15173 0
15174 0
15175 0
15176 0
15177 0
15178 0
15179 0
15180 0
15181 0
15182 0
15183 0
15184 0
15185 0
15186 0
15187 0
15188 0
15189 0
15190 0
15191 0
15192 0
15193 0
15194 0
15195 0
15196 0
15197 0
15198 0
15199 0
15200 0
15201 0
15202 0
15203 0
15204 0
15205 0
15206 0
15207 0
15208 0
15209 0
15210 0
15211 0
15212 0
15213 0
15214 0
15215 0
15216 0
15217 0
15218 0
15219 0
15220 0
15221 0
15222 0
15223 0
15224 0
15225 0
15226 0
15227 0
15228 0
15229 0
15230 0
15231 0
15232 0
15233 0
15234 0
15235 0
15236 0
15237 0
15238 0
15239 0
15240 0
15241 0
15242 0
15243 0
15244 0
15245 0
15246 0
15247 0
15248 0
15249 0
15250 0
15251 0
15252 0
15253 0
15254 0
15255 0
15256 0
15257 0
15258 0
15259 0
15260 0
15261 0
15262 0
15263 0
15264 0
15265 0
15266 0
15267 0
15268 0
15269 0
15270 0
15271 0
15272 0
15273 0
15274 0
15275 0
15276 0
15277 0
15278 0
15279 0
15280 0
15281 0
15282 0
15283 0
15284 0
15285 0
15286 0
15287 0
15288 0
15289 0
15290 0
15291 0
15292 0
15293 0
15294 0
15295 0
15296 0
15297 0
15298 0
15299 0
15300 0
15301 0
15302 0
15303 0
15304 0
15305 0
15306 0
15307 0
15308 0
15309 0
15310 0
15311 0
15312 0
15313 0
15314 0
15315 0
15316 0
15317 0
15318 0
15319 0
15320 0
15321 0
15322 0
15323 0
15324 0
15325 0
15326 0
15327 0
15328 0
15329 0
15330 0
15331 0
15332 0
15333 0
15334 0
15335 0
15336 0
15337 0
15338 0
15339 0
15340 0
15341 0
15342 0
15343 0
15344 0
15345 0
15346 0
15347 0
15348 0
15349 0
15350 0
15351 0
15352 0
15353 0
15354 0
15355 0
15356 0
15357 0
15358 0
15359 0
15360 0
15361 0
15362 0
15363 0
15364 0
15365 0
15366 0
15367 0
15368 0
15369 0
15370 0
15371 0
15372 0
15373 0
15374 0
15375 0
15376 0
15377 0
15378 0
15379 0
15380 0
15381 0
15382 0
15383 0
15384 0
15385 0
15386 0
15387 0
15388 0
15389 0
15390 0
15391 0
15392 0
15393 0
15394 0
15395 0
15396 0
15397 0
15398 0
15399 0
15400 0
15401 0
15402 0
15403 0
15404 0
15405 0
15406 0
15407 0
15408 0
15409 0
15410 0
15411 0
15412 0
15413 0
15414 0
15415 0
15416 0
15417 0
15418 0
15419 0
15420 0
15421 0
15422 0
15423 0
15424 0
15425 0
15426 0
15427 0
15428 0
15429 0
15430 0
15431 0
15432 0
15433 0
15434 0
15435 0
15436 0
15437 0
15438 0
15439 0
15440 0
15441 0
15442 0
15443 0
15444 0
15445 0
15446 0
15447 0
15448 0
15449 0
15450 0
15451 0
15452 0
15453 0
15454 0
15455 0
15456 0
15457 0
15458 0
15459 0
15460 0
15461 0
15462 0
15463 0
15464 0
15465 0
15466 0
15467 0
15468 0
15469 0
15470 0
15471 0
15472 0
15473 0
15474 0
15475 0
15476 0
15477 0
15478 0
15479 0
15480 0
15481 0
15482 0
15483 0
15484 0
15485 0
15486 0
15487 0
15488 0
15489 0
15490 0
15491 0
15492 0
15493 0
15494 0
15495 0
15496 0
15497 0
15498 0
15499 0
15500 0
15501 0
15502 0
15503 0
15504 0
15505 0
15506 0
15507 0
15508 0
15509 0
15510 0
15511 0
15512 0
15513 0
15514 0
15515 0
15516 0
15517 0
15518 0
15519 0
15520 0
15521 0
15522 0
15523 0
15524 0
15525 0
15526 0
15527 0
15528 0
15529 0
15530 0
15531 0
15532 0
15533 0
15534 0
15535 0
15536 0
15537 0
15538 0
15539 0
15540 0
15541 0
15542 0
15543 0
15544 0
15545 0
15546 0
15547 0
15548 0
15549 0
15550 0
15551 0
15552 0
15553 0
15554 0
15555 0
15556 0
15557 0
15558 0
15559 0
15560 0
15561 0
15562 0
15563 0
15564 0
15565 0
15566 0
15567 0
15568 0
15569 0
15570 0
15571 0
15572 0
15573 0
15574 0
15575 0
15576 0
15577 0
15578 0
15579 0
15580 0
15581 0
15582 0
15583 0
15584 0
15585 0
15586 0
15587 0
15588 0
15589 0
15590 0
15591 0
15592 0
15593 0
15594 0
15595 0
15596 0
15597 0
15598 0
15599 0
15600 0
15601 0
15602 0
15603 0
15604 0
15605 0
15606 0
15607 0
15608 0
15609 0
15610 0
15611 0
15612 0
15613 0
15614 0
15615 0
15616 0
15617 0
15618 0
15619 0
15620 0
15621 0
15622 0
15623 0
15624 0
15625 0
15626 0
15627 0
15628 0
15629 0
15630 0
15631 0
15632 0
15633 0
15634 0
15635 0
15636 0
15637 0
15638 0
15639 0
15640 0
15641 0
15642 0
15643 0
15644 0
15645 0
15646 0
15647 0
15648 0
15649 0
15650 0
15651 0
15652 0
15653 0
15654 0
15655 0
15656 0
15657 0
15658 0
15659 0
15660 0
15661 0
15662 0
15663 0
15664 0
15665 0
15666 0
15667 0
15668 0
15669 0
15670 0
15671 0
15672 0
15673 0
15674 0
15675 0
15676 0
15677 0
15678 0
15679 0
15680 0
15681 0
15682 0
15683 0
15684 0
15685 0
15686 0
15687 0
15688 0
15689 0
15690 0
15691 0
15692 0
15693 0
15694 0
15695 0
15696 0
15697 0
15698 0
15699 0
15700 0
15701 0
15702 0
15703 0
15704 0
15705 0
15706 0
15707 0
15708 0
15709 0
15710 0
15711 0
15712 0
15713 0
15714 0
15715 0
15716 0
15717 0
15718 0
15719 0
15720 0
15721 0
15722 0
15723 0
15724 0
15725 0
15726 0
15727 0
15728 0
15729 0
15730 0
15731 0
15732 0
15733 0
15734 0
15735 0
15736 0
15737 0
15738 0
15739 0
15740 0
15741 0
15742 0
15743 0
15744 0
15745 0
15746 0
15747 0
15748 0
15749 0
15750 0
15751 0
15752 0
15753 0
15754 0
15755 0
15756 0
15757 0
15758 0
15759 0
15760 0
15761 0
15762 0
15763 0
15764 0
15765 0
15766 0
15767 0
15768 0
15769 0
15770 0
15771 0
15772 0
15773 0
15774 0
15775 0
15776 0
15777 0
15778 0
15779 0
15780 0
15781 0
15782 0
15783 0
15784 0
15785 0
15786 0
15787 0
15788 0
15789 0
15790 0
15791 0
15792 0
15793 0
15794 0
15795 0
15796 0
15797 0
15798 0
15799 0
15800 0
15801 0
15802 0
15803 0
15804 0
15805 0
15806 0
15807 0
15808 0
15809 0
15810 0
15811 0
15812 0
15813 0
15814 0
15815 0
15816 0
15817 0
15818 0
15819 0
15820 0
15821 0
15822 0
15823 0
15824 0
15825 0
15826 0
15827 0
15828 0
15829 0
15830 0
15831 0
15832 0
15833 0
15834 0
15835 0
15836 0
15837 0
15838 0
15839 0
15840 0
15841 0
15842 0
15843 0
15844 0
15845 0
15846 0
15847 0
15848 0
15849 0
15850 0
15851 0
15852 0
15853 0
15854 0
15855 0
15856 0
15857 0
15858 0
15859 0
15860 0
15861 0
15862 0
15863 0
15864 0
15865 0
15866 0
15867 0
15868 0
15869 0
15870 0
15871 0
15872 0
15873 0
15874 0
15875 0
15876 0
15877 0
15878 0
15879 0
15880 0
15881 0
15882 0
15883 0
15884 0
15885 0
15886 0
15887 0
15888 0
15889 0
15890 0
15891 0
15892 0
15893 0
15894 0
15895 0
15896 0
15897 0
15898 0
15899 0
15900 0
15901 0
15902 0
15903 0
15904 0
15905 0
15906 0
15907 0
15908 0
15909 0
15910 0
15911 0
15912 0
15913 0
15914 0
15915 0
15916 0
15917 0
15918 0
15919 0
15920 0
15921 0
15922 0
15923 0
15924 0
15925 0
15926 0
15927 0
15928 0
15929 0
15930 0
15931 0
15932 0
15933 0
15934 0
15935 0
15936 0
15937 0
15938 0
15939 0
15940 0
15941 0
15942 0
15943 0
15944 0
15945 0
15946 0
15947 0
15948 0
15949 0
15950 0
15951 0
15952 0
15953 0
15954 0
15955 0
15956 0
15957 0
15958 0
15959 0
15960 0
15961 0
15962 0
15963 0
15964 0
15965 0
15966 0
15967 0
15968 0
15969 0
15970 0
15971 0
15972 0
15973 0
15974 0
15975 0
15976 0
15977 0
15978 0
15979 0
15980 0
15981 0
15982 0
15983 0
15984 0
15985 0
15986 0
15987 0
15988 0
15989 0
15990 0
15991 0
15992 0
15993 0
15994 0
15995 0
15996 0
15997 0
15998 0
15999 0
16000 0
16001 0
16002 0
16003 0
16004 0
16005 0
16006 0
16007 0
16008 0
16009 0
16010 0
16011 0
16012 0
16013 0
16014 0
16015 0
16016 0
16017 0
16018 0
16019 0
16020 0
16021 0
16022 0
16023 0
16024 0
16025 0
16026 0
16027 0
16028 0
16029 0
16030 0
16031 0
16032 0
16033 0
16034 0
16035 0
16036 0
16037 0
16038 0
16039 0
16040 0
16041 0
16042 0
16043 0
16044 0
16045 0
16046 0
16047 0
16048 0
16049 0
16050 0
16051 0
16052 0
16053 0
16054 0
16055 0
16056 0
16057 0
16058 0
16059 0
16060 0
16061 0
16062 0
16063 0
16064 0
16065 0
16066 0
16067 0
16068 0
16069 0
16070 0
16071 0
16072 0
16073 0
16074 0
16075 0
16076 0
16077 0
16078 0
16079 0
16080 0
16081 0
16082 0
16083 0
16084 0
16085 0
16086 0
16087 0
16088 0
16089 0
16090 0
16091 0
16092 0
16093 0
16094 0
16095 0
16096 0
16097 0
16098 0
16099 0
16100 0
16101 0
16102 0
16103 0
16104 0
16105 0
16106 0
16107 0
16108 0
16109 0
16110 0
16111 0
16112 0
16113 0
16114 0
16115 0
16116 0
16117 0
16118 0
16119 0
16120 0
16121 0
16122 0
16123 0
16124 0
16125 0
16126 0
16127 0
16128 0
16129 0
16130 0
16131 0
16132 0
16133 0
16134 0
16135 0
16136 0
16137 0
16138 0
16139 0
16140 0
16141 0
16142 0
16143 0
16144 0
16145 0
16146 0
16147 0
16148 0
16149 0
16150 0
16151 0
16152 0
16153 0
16154 0
16155 0
16156 0
16157 0
16158 0
16159 0
16160 0
16161 0
16162 0
16163 0
16164 0
16165 0
16166 0
16167 0
16168 0
16169 0
16170 0
16171 0
16172 0
16173 0
16174 0
16175 0
16176 0
16177 0
16178 0
16179 0
16180 0
16181 0
16182 0
16183 0
16184 0
16185 0
16186 0
16187 0
16188 0
16189 0
16190 0
16191 0
16192 0
16193 0
16194 0
16195 0
16196 0
16197 0
16198 0
16199 0
16200 0
16201 0
16202 0
16203 0
16204 0
16205 0
16206 0
16207 0
16208 0
16209 0
16210 0
16211 0
16212 0
16213 0
16214 0
16215 0
16216 0
16217 0
16218 0
16219 0
16220 0
16221 0
16222 0
16223 0
16224 0
16225 0
16226 0
16227 0
16228 0
16229 0
16230 0
16231 0
16232 0
16233 0
16234 0
16235 0
16236 0
16237 0
16238 0
16239 0
16240 0
16241 0
16242 0
16243 0
16244 0
16245 0
16246 0
16247 0
16248 0
16249 0
16250 0
16251 0
16252 0
16253 0
16254 0
16255 0
16256 0
16257 0
16258 0
16259 0
16260 0
16261 0
16262 0
16263 0
16264 0
16265 0
16266 0
16267 0
16268 0
16269 0
16270 0
16271 0
16272 0
16273 0
16274 0
16275 0
16276 0
16277 0
16278 0
16279 0
16280 0
16281 0
16282 0
16283 0
16284 0
16285 0
16286 0
16287 0
16288 0
16289 0
16290 0
16291 0
16292 0
16293 0
16294 0
16295 0
16296 0
16297 0
16298 0
16299 0
16300 0
16301 0
16302 0
16303 0
16304 0
16305 0
16306 0
16307 0
16308 0
16309 0
16310 0
16311 0
16312 0
16313 0
16314 0
16315 0
16316 0
16317 0
16318 0
16319 0
16320 0
16321 0
16322 0
16323 0
16324 0
16325 0
16326 0
16327 0
16328 0
16329 0
16330 0
16331 0
16332 0
16333 0
16334 0
16335 0
16336 0
16337 0
16338 0
16339 0
16340 0
16341 0
16342 0
16343 0
16344 0
16345 0
16346 0
16347 0
16348 0
16349 0
16350 0
16351 0
16352 0
16353 0
16354 0
16355 0
16356 0
16357 0
16358 0
16359 0
16360 0
16361 0
16362 0
16363 0
16364 0
16365 0
16366 0
16367 0
16368 0
16369 0
16370 0
16371 0
16372 0
16373 0
16374 0
16375 0
16376 0
16377 0
16378 0
16379 0
16380 0
16381 0
16382 0
16383 0
