0
0
0
0
0
0
0
0
0
0
0
0
0
0
0
0
0
0
0
0
0
0
0
0
0
0
0
0
0
0
0
0
0
0
0
0
0
0
0
0
0
0
0
0
0
0
0
0
0
0
0
0
0
0
0
0
0
0
0
0
0
0
0
0
0
0
0
0
0
0
0
0
0
0
0
0
0
0
0
0
0
0
0
0
0
0
0
0
0
0
0
0
0
0
0
0
0
0
0
0
0
0
0
0
0
0
0
0
0
0
0
0
0
0
0
0
0
0
0
0
0
0
0
0
0
0
0
0
0
0
0
0
0
0
0
0
0
0
0
0
0
0
0
0
0
0
0
0
0
0
0
0
0
0
0
0
0
0
0
0
0
0
0
0
0
0
0
0
0
0
0
0
0
0
0
0
0
0
0
0
0
0
0
0
0
0
0
0
0
0
0
0
0
0
0
0
0
0
0
0
0
0
0
0
0
0
0
0
0
0
0
0
0
0
0
0
0
0
0
0
0
0
0
0
0
0
0
0
0
0
0
0
0
0
0
0
0
0
0
0
0
0
0
0
0
0
0
0
0
0
0
0
0
0
0
0
0
0
0
0
0
0
0
0
0
0
0
0
0
0
0
0
0
0
0
0
0
0
0
0
0
0
0
0
0
0
0
0
0
0
0
0
0
0
0
0
0
0
0
0
0
0
0
0
0
0
0
0
0
0
0
0
0
0
0
0
0
0
0
0
0
0
0
0
0
0
0
0
0
0
0
0
0
0
0
0
0
0
0
0
0
0
0
0
0
0
0
0
0
0
0
0
0
0
0
0
0
0
0
0
0
0
0
0
0
0
0
0
0
0
0
0
0
0
0
0
0
0
0
0
0
0
0
0
0
0
0
0
0
0
0
0
0
0
0
0
0
0
0
0
0
0
0
0
0
0
0
0
0
0
0
0
0
0
0
0
0
0
0
0
0
0
0
0
0
0
0
0
0
0
0
0
0
0
0
0
0
0
0
0
0
0
0
0
0
0
0
0
0
0
0
0
0
0
0
0
0
0
0
0
0
0
0
0
0
0
0
0
0
0
0
0
0
0
0
0
0
0
0
0
0
0
0
0
0
0
0
0
0
0
0
0
0
0
0
0
0
0
0
0
0
0
0
0
0
0
0
0
0
0
0
0
0
0
0
0
0
0
0
0
0
0
0
0
0
0
0
0
0
0
0
0
0
0
0
0
0
0
0
0
0
0
0
0
0
0
0
0
0
0
0
0
0
0
0
0
0
0
0
0
0
0
0
0
0
0
0
0
0
0
0
0
0
0
0
0
0
0
0
0
0
0
0
0
0
0
0
0
0
0
0
0
0
0
0
0
0
0
0
0
0
0
0
0
0
0
0
0
0
0
0
0
0
0
0
0
0
0
0
0
0
0
0
0
0
0
0
0
0
0
0
0
0
0
0
0
0
0
0
0
0
0
0
0
0
0
0
0
0
0
0
0
0
0
0
0
0
0
0
0
0
0
0
0
0
0
0
0
0
0
0
0
0
0
0
0
0
0
0
0
0
0
0
0
0
0
0
0
0
0
0
0
0
0
0
0
0
0
0
0
0
0
0
0
0
0
0
0
0
0
0
0
0
0
0
0
0
0
0
0
0
0
0
0
0
0
0
0
0
0
0
0
0
0
0
0
0
0
0
0
0
0
0
0
0
0
0
0
0
0
0
0
0
0
0
0
0
0
0
0
0
0
0
0
0
0
0
0
0
0
0
0
0
0
0
0
0
0
0
0
0
0
0
0
0
0
0
0
0
0
0
0
0
0
0
0
0
0
0
0
0
0
0
0
0
0
0
0
0
0
0
0
0
0
0
0
0
0
0
0
0
0
0
0
0
0
0
0
0
0
0
0
0
0
0
0
0
0
0
0
0
0
0
0
0
0
0
0
0
0
0
0
0
0
0
0
0
0
0
0
0
0
0
0
0
0
0
0
0
0
0
0
0
0
0
0
0
0
0
0
0
0
0
0
0
0
0
0
0
0
0
0
0
0
0
0
0
0
0
0
0
0
0
0
0
0
0
0
0
0
0
0
0
0
0
0
0
0
0
0
0
0
0
0
0
0
0
0
0
0
0
0
0
0
0
0
0
0
0
0
0
0
0
0
0
0
0
0
0
0
0
0
0
0
0
0
0
0
0
0
0
0
0
0
0
0
0
0
0
0
0
0
0
0
0
0
0
0
0
0
0
0
0
0
0
0
0
0
0
0
0
0
0
0
0
0
0
0
0
0
0
0
0
0
0
0
0
0
0
0
0
0
0
0
0
0
0
0
0
0
0
0
0
0
0
0
0
0
0
0
0
0
0
0
0
0
0
0
0
0
0
0
0
0
0
0
0
0
0
0
0
0
0
0
0
0
0
0
0
0
0
0
0
0
0
0
0
0
0
0
0
0
0
0
0
0
0
0
0
0
0
0
0
0
0
0
0
0
0
0
0
0
0
0
0
0
0
0
0
0
0
0
0
0
0
0
0
0
0
0
0
0
0
0
0
0
0
0
0
0
0
0
0
0
0
0
0
0
0
0
0
0
0
0
0
0
0
0
0
0
0
0
0
0
0
0
0
0
0
0
0
0
0
0
0
0
0
0
0
0
0
0
0
0
0
0
0
0
0
0
0
0
0
0
0
0
0
0
0
0
0
0
0
0
0
0
0
0
0
0
0
0
0
0
0
0
0
0
0
0
0
0
0
0
0
0
0
0
0
0
0
0
0
0
0
0
0
0
0
0
0
0
0
0
0
0
0
0
0
0
0
0
0
0
0
0
0
0
0
0
0
0
0
0
0
0
0
0
0
0
0
0
0
0
0
0
0
0
0
0
0
0
0
0
0
0
0
0
0
0
0
0
0
0
0
0
0
0
0
0
0
0
0
0
0
0
0
0
0
0
0
0
0
0
0
0
0
0
0
0
0
0
0
0
0
0
0
0
0
0
0
0
0
0
0
0
0
0
0
0
0
0
0
0
0
0.0687048
0.13741
0.13741
0.0687048
0
0
0
0.00010035
0.000200701
0.000200701
0.00010035
0
0
0
0
0
0.000168004
0.000336009
0.000336009
0.000168004
0
0
0
0
0
0
0
0
0
0
0
0
0
0
0
0
0
0
0
0
0
0
0
0
0
0
0
0
0
0
0
0
0
0
0
0
0
0
0
0
0
0
0
0
0
0
0
0
0
0
0
0
0
0
0
0
0
0
0
0
0
0
0
0
0
0
0
0
0
0
0
0
0
0
0
0
0
0
0
0
0
0
0
0
0
0
0
0
0
0
0
0
0
0
0
0
0
0
0
0
0
0
0.00126997
0.00253993
0.00253993
0.00129397
0.000460962
0.138284
0.275669
0.275232
0.13741
0
0
0.000379876
0.00111406
0.00146838
0.0010885
0.000354313
0
0
0
0
0
0.000336009
0.000672018
0.000672018
0.000336009
0.000301999
0.000603998
0.000603998
0.000301999
0
0
0
0
0
0
0
0
0
0
0
0
0
0
0
0
0
0
0
0
0
0
0
0
0
0
0
0
0
0
0
0
0
0
0
0
0
0
0
0
0
0
0
0
0
0
0
0
0
0
0
0
0
0
0
0
0
0
0
0
0
0
0
0
0
0
0
0
0
0
0
0
0
0
0
0
0
0
0
0
0
0
0
0
0
0
0
0
0
0
0
0
0
0
0
0
0
0
0.0852924
0.170585
0.170585
0.0853404
0.00204017
0.141394
0.278755
0.280154
0.144845
0.00808991
0.00469929
0.00141408
0.00202743
0.00253535
0.0017756
0.00280248
0.00458911
0.00458911
0.00229456
0
0
0.00658204
0.0211947
0.0292253
0.0226433
0.00863459
0.001208
0.001208
0.000603998
0
0
0
0
0
0
0
0
0
0
0
0
0
0
0
0
0
0
0
0
0
0
0
0
0
0
0
0
0
0
0
0
0
0
0
0
0
0
0
0
0
0
0
0
0
0
0
0
0
0
0
0
0
0
0
0
0
0
0
0
0
0
0
0
0
0
0
0
0
0
0
0
0
0
0
0
0
0
0
0
0
0
0
0
0
0
0
0
0
0
0
0
0
0
0
0
0
0.00021435
0.168789
0.338138
0.338912
0.170386
0.00414735
0.0770725
0.148736
0.154242
0.0893937
0.0189911
0.0103744
0.00325708
0.00432214
0.00514213
0.00413204
0.00689108
0.0121834
0.0127682
0.00763543
0.00152317
0.00437833
0.0214167
0.0503484
0.0623439
0.0454078
0.0170802
0.00131032
0.00138831
0.000964629
0.000360631
0.000180316
0
0
0
0
0
0
0
0
0
0
0
0
0
0
0
0
0
0
0
0
0
0
0
0
0
0
0
0
0
0
0
0
0
0
0
0
0
0
0
0
0
0
0
0
0
0
0
0
0
0
0
0
0
0
0
0
0
0
0
0
0
0
0
0
0
0
0
0
0
0
0
0
0
0
0
0
0
0
0
0
0
0
0
0
0
0
0
0
0
0
0
0
0
0.394726
0.79099
0.796722
0.573594
0.346713
0.346067
0.178119
0.0131985
0.0209888
0.0280138
0.0340035
0.0318507
0.0231662
0.0127741
0.00486793
0.00619237
0.00747949
0.00653889
0.00894158
0.0158696
0.0176377
0.01192
0.0041884
0.0098439
0.0310926
0.0597804
0.0680551
0.0476422
0.0187128
0.00143979
0.000964629
0.00102326
0.000721262
0.000360631
0
0
0
0
0
0
0
0
0
0
0
0
0
0
0
0
0
0
0
0
0
0
0
0
0
0
0
0
0
0
0
0
0
0
0
0
0
0
0
0
0
0
0
0
0
0
0
0
0
0
0
0
0
0
0
0
0
0
0
0
0
0
0
0
0
0
0
0
0
0
0
0
0
0
0
0
0
0
0
0
0
0
0
0
0
0
0
0
0
0
0
0
0
0.789451
1.58198
1.96598
1.64286
0.937718
0.561908
0.102829
0.0201425
0.0292267
0.0373117
0.0396769
0.0297592
0.0164402
0.00949875
0.00463578
0.00576788
0.00721009
0.00658931
0.00690347
0.0131495
0.016704
0.0132395
0.00751874
0.0129317
0.0279344
0.04144
0.0414947
0.0280439
0.0149372
0.00652476
0.00533354
0.0036491
0.00160403
0.0012434
0.00059117
0.000299573
0.000299573
0.000149787
0
0
0
0
0
0
0
0
0
0
0
0
0
0
0
0
0
0
0
0
0
0
0
0
0
0
0
0
0
0
0
0
0
0
0
0
0
0
0
0
0
0
0
0
0
0
0
0
0
0
0
0
0
0
0
0
0
0
0
0
0
0
0
0
0
0
0
0
0
0
0
0
0
0
0
0
0
0
0
0
0
0
0
0
0
0.00932422
0.0186484
0.0186484
0.0103491
0.792758
1.59005
2.35016
2.31762
1.52597
0.77277
0.023221
0.0238071
0.031241
0.0349806
0.0312731
0.0182514
0.00622761
0.00382367
0.00279278
0.00337281
0.00440261
0.00403216
0.00530992
0.0148645
0.0219526
0.018731
0.0111143
0.010554
0.0149323
0.0133317
0.00888717
0.00604328
0.009529
0.0114803
0.0103921
0.00699146
0.00314455
0.00269827
0.00142557
0.000599147
0.000670714
0.000442708
0.000143135
7.15674e-05
0
0
0
0
0
0
0
0
0
0
0
0
0
0
0
0
0
0
0
0
0
0
0
0
0
0
0
0
0
0
0
0
0
0
0
0
0
0
0
0
0
0
0
0
0
0
0
0
0
0
0
0
0
0
0
0
0
0
0
0
0
0
0
0
0
0
0
0
0
0
0
0
0
0
0
0
0
0
0
0
0
0
0
0.0188875
0.037775
0.0378715
0.0212239
0.40172
0.807423
1.56516
1.9228
1.52507
0.77212
0.0235213
0.0225446
0.0241435
0.0225016
0.0167829
0.00883523
0.00274105
0.00142394
0.000802059
0.000488873
0.000797568
0.000737509
0.00560086
0.0192995
0.101316
0.169265
0.157742
0.0782694
0.00706746
0.00766842
0.00709135
0.00591331
0.00789841
0.0110615
0.0148055
0.0157312
0.0121121
0.00765209
0.00198055
0.0040939
0.00747702
0.00752992
0.00419969
0.000731646
0.000294256
0
0
0
0
0
0
0
0
0
0
0
0
0
0
0
0
0
0
0
0
0
0
0
0
0
0
0
0
0
0
0
0
0
0
0
0
0
0
0
0
0
0
0
0
0
0
0
0
0
0
0
0
0
0
0
0
0
0
0
0
0
0
0
0
0
0
0
0
0
0
0
0
0
0
0
0
0
0
0
0
0.000148538
0.00097858
0.0207867
0.039987
0.0395723
0.0221943
0.00788962
0.0173011
0.39658
0.770755
0.770413
0.395104
0.0347195
0.0445834
0.0408792
0.0241593
0.00618766
0.00349118
0.00137717
0.000130167
0.000260333
0.000260333
0.000130167
0.0025476
0.010286
0.0225257
0.173389
0.312013
0.300773
0.148363
0.00595864
0.00959079
0.00934982
0.0054767
0.00508451
0.00856544
0.0170384
0.0225676
0.0196954
0.0114638
0.00382695
0.0112575
0.0179102
0.0165091
0.00829906
0.00132016
0.000588511
0
0
0
0
0
0
0
0
0
0
0
0
0
0
0
0
0
0
0
0
0
0
0
0
0
0
0
0
0
0
0
0
0
0
0
0
0
0
0
0
0
0
0
0
0
0
0
0
0
0
0
0
0
0
0
0
0
0
0
0
0
0
0
0
0
0
0
0
0
0
0
0
0
0
0
0
0
3.90952e-05
7.81904e-05
7.81904e-05
0.000923879
0.00731653
0.0226659
0.032028
0.0262339
0.0159611
0.0124393
0.0171531
0.0164471
0.0127929
0.0146077
0.0159155
0.0433245
0.574288
1.14815
1.20211
0.685363
0.113938
0.0295001
0.00837621
0.000621244
0.000721821
0.000461488
0.00519578
0.0127858
0.0183117
0.162509
0.30118
0.299873
0.164407
0.0316094
0.0316419
0.0181095
0.00454472
0.00348621
0.00638572
0.0146776
0.0203037
0.0179507
0.0104957
0.00582701
0.0159665
0.0244933
0.022942
0.0145027
0.00736133
0.00503309
0.002493
0.000270711
0
0
0
0
0
0
0
0
0
0
0
0
0
0
0
0
0
0
0
0
0
0
0
0
0
0
0
0
0
0
0
0
0
0
0
0
0
0
0
0
0
0
0
0
0
0
0
0
0
0
0
0
0
0
0
0
0
0
0
0
0
0
0
0
0
0
0
0
0
0
0
0
0
0
0
0.000171174
0.00217178
0.0052727
0.0078455
0.0182276
0.0272106
0.0265841
0.0152416
0.0106904
0.034808
0.0525667
0.0721125
0.0868441
0.0844113
0.0997083
0.126723
1.19334
2.34747
2.44625
1.40466
0.233331
0.075516
0.034385
0.0190295
0.0196454
0.0193851
0.0146576
0.0101904
0.0101904
0.0782762
0.146362
0.165876
0.131423
0.0794346
0.0848592
0.0690914
0.0711811
0.0873832
0.0822819
0.0630125
0.0260264
0.00862252
0.00571588
0.00598066
0.0445926
0.0851674
0.0880325
0.0556144
0.0203432
0.0142839
0.00805533
0.00164544
0.000419917
0
0
0
0
0
0
0
0
0
0
0
0
0
0
0
0
0
0
0
0
0
0
0
0
0
0
0
0
0
0
0
0
0
0
0
0
0
0
0
0
0
0
0
0
0
0
0
0
0
0
0
0
0
0
0
0
0
0
0
0
0
0
0
0
0
0
0
0
0
0
0
0
0.00454613
0.0092002
0.00957229
0.00933327
0.0120333
0.0162964
0.0254485
0.0361234
0.0386024
0.0263636
0.0156772
0.0585433
0.0999605
0.146775
0.231606
0.309656
0.421831
0.42736
1.41573
2.48602
2.52891
1.4846
0.305452
0.156562
0.0919359
0.0535204
0.0381075
0.0639283
0.073373
0.0693671
0.115918
0.147551
0.132633
0.0907223
0.0803949
0.113986
0.154564
0.16155
0.19029
0.216065
0.193886
0.131555
0.0563917
2.91558
5.7883
5.76904
2.95602
0.173152
0.188736
0.122477
0.045328
0.0334648
0.0202037
0.00799895
0.00184566
0.000591714
8.88021e-05
0
0
0
0
0
0
0
0
0
0
0
0
0
0
0
0
0
0
0
0
0
0
0
0
0
0
0
0
0
0
0
0
0
0
0
0
0
0
0
0
0
0
0
0
0
0
0
0
0
0
0
0
0
0
0
0
0
0
0
0
0
0
0
0
0
0
0
0
0
0.000176882
0.00944604
0.0213049
0.0242313
0.0204293
0.0177802
0.0200915
0.0239569
0.0326623
0.0381637
0.038419
0.0388967
0.0860456
0.12472
0.160484
0.292022
0.459274
0.686693
0.698599
1.14022
1.58658
1.50138
0.957067
0.347227
0.324818
0.267693
0.180999
0.105922
0.114584
0.155707
0.175149
0.265789
0.318162
0.279897
0.151269
0.0623503
0.113423
0.227502
0.290508
0.317535
0.296877
0.239586
0.161488
0.100346
5.86932
11.6312
11.5825
5.86621
0.2145
0.234565
0.160709
0.0663442
0.0466744
0.0278041
0.0129777
0.00285148
0.00118343
0.000177604
0
0
0
0
0
0
0
0
0
0
0
0
0
0
0
0
0
0
0
0
0
0
0
0
0
0
0
0
0
0
0
0
0
0
0
0
0
0
0
0
0
0
0
0
0
0
0
0
0
0
0
0
0
0
0
0
0
0
0
0
0
0
0
0
0
0
0
0
0
0.000353764
0.0102923
0.0251943
0.0314523
0.0268126
0.0190188
0.0170059
0.0158362
0.0203453
0.0442686
0.110757
0.168051
0.192939
0.232492
0.286153
0.403236
0.495649
1.68363
2.74362
2.72579
1.60181
0.406077
0.358856
0.318711
0.416034
0.412954
0.320083
0.211395
0.167801
0.232253
0.312615
0.415882
0.430727
0.329603
0.151636
0.0434499
0.120274
0.280935
0.36347
0.438571
0.457594
0.396485
0.246745
0.124655
5.92349
12.2591
12.7546
6.97263
0.711258
0.175952
0.135977
0.0714944
0.0474073
0.0277042
0.0162098
0.00668537
0.00352503
0.000463873
0.000143134
0
0
0
0
0
0
0
0
0
0
0
0
0
0
0
0
0
0
0
0
0
0
0
0
0
0
0
0
0
0
0
0
0
0
0
0
0
0
0
0
0
0
0
0
0
0
0
0
0
0
0
0
0
0
0
0
0
0
0
0
0
0
0
0
0
0
0
0.000337834
0.00102943
0.00958318
0.0252222
0.0344871
0.0299039
0.017078
0.00997671
0.00822867
0.0129159
0.0580736
0.219452
0.418563
0.550354
1.34635
2.04787
1.96728
1.10251
2.41833
4.50337
4.55949
2.48981
0.38439
0.406307
0.385657
0.444447
0.436175
0.441602
0.414007
0.334159
0.311696
0.345019
0.41101
0.371904
0.235698
0.0952185
0.046006
0.130641
0.264272
0.308893
0.432363
0.557692
0.553773
0.353862
0.136608
3.02946
7.04723
8.11819
5.17198
1.16622
0.758798
1.4552
1.44232
0.733025
0.0251937
0.015343
0.0141343
0.0145166
0.00990305
0.00490712
0
0
0
0
0
0
0
0
0
0
0
0
0
0
0
0
0
0
0
0
0
0
0
0
0
0
0
0
0
0
0
0
0
0
0
0
0
0
0
0
0
0
0
0
0
0
0
0
0
0
0
0
0
0
0
0
0
0
0
0
0
0
0
0
0
0
0
0.000675669
0.00152822
0.00841516
0.0221353
0.0321389
0.0291257
0.0160253
0.00650864
0.0106518
0.0246326
0.0778783
0.268272
0.543793
0.796387
2.34509
3.68365
3.429
1.68397
2.16685
4.22654
4.30661
2.28019
0.29014
0.371906
0.371135
0.353937
0.353387
0.532744
0.639786
0.5853
0.442019
0.34745
0.306809
0.200516
0.0928189
0.0356799
0.0754026
0.156277
0.219782
0.235947
0.404966
0.628032
0.679563
0.464453
0.181873
0.104988
1.20763
2.31468
2.36916
1.32113
1.59015
2.88761
2.80593
1.42158
0.028402
0.0150293
0.0177493
0.0232104
0.0191436
0.0096156
4.38142e-05
0
0
0
0
0
0
0
0
0
0
0
0
0
0
0
0
0
0
0
0
0
0
0
0
0
0
0
0
0
0
0
0
0
0
0
0
0
0
0
0
0
0
0
0
0
0
0
0
0
0
0
0
0
0
0
0
0
0
0
0
0
0
0
0
0
0.00110905
0.00289376
0.00356943
0.0100431
0.0219937
0.0306536
0.0262538
0.0128145
0.0116127
0.0308062
0.0562518
0.0897136
0.207074
0.417939
0.666292
2.19355
3.49421
3.24215
1.58347
1.09614
2.1048
2.10351
1.06243
0.137344
0.249938
0.280721
0.217121
0.247123
0.545865
0.746939
0.750802
0.574399
0.458036
0.388682
0.233564
0.0988578
0.0214826
0.08009
0.149392
0.164072
0.183965
0.338254
0.5498
0.608549
0.440321
0.207337
0.0745409
0.579872
1.14756
1.3359
0.956554
1.77102
2.96177
2.7912
1.41986
0.0319462
0.0167053
0.016607
0.0235767
0.020277
0.0095601
8.76284e-05
0
0
0
0
0
0
0
0
0
0
0
0
0
0
0
0
0
0
0
0
0
0
0
0
0
0
0
0
0
0
0
0
0
0
0
0
0
0
0
0
0
0
0
0
0
0
0
0
0
0
0
0
0
0
0
0
0
0
0
0
0
0
0
0
0
0.0022181
0.00477403
0.00969058
0.0180279
0.0321127
0.0400649
0.0317142
0.0188279
0.0578018
0.118224
0.142029
0.112425
0.0967383
0.167748
0.297252
1.06704
1.70375
1.59268
0.816417
0.0971681
0.070495
0.094104
0.134949
0.181866
0.184119
0.16803
0.149577
0.229026
0.49645
0.669993
0.672225
0.543909
0.525782
0.508691
0.350629
0.164752
0.0384729
0.070173
0.10863
0.186219
0.294284
0.386906
0.425223
0.373159
0.282778
0.162229
0.0531419
0.00443485
0.0184436
0.217663
0.408169
1.09437
1.59306
1.41098
0.720654
0.0232211
0.0134814
0.0108798
0.0146755
0.0121717
0.00497741
0.000268933
9.06521e-05
0
0
0
0
0
0
0
0
0
0
0
0
0
0
0
0
0
0
0
0
0
0
0
0
0
0
0
0
0
0
0
0
0
0
0
0
0
0
0
0
0
0
0
0
0
0
0
0
0
0
0
0
0
0
0
0
0
0
0
0
0
0
0
0.00160583
0.00544571
0.00767974
0.0182935
0.031632
0.0485145
0.0515552
0.0354792
0.0386836
0.126245
0.212913
0.209504
0.122884
0.0396745
0.0207632
0.0346799
0.0821962
0.107562
0.140474
0.163405
0.161457
0.120884
0.17262
0.261522
0.241148
0.127323
0.0569201
0.0859166
0.189068
0.354698
0.485184
0.511931
0.462654
0.515648
0.575427
0.51052
0.317983
0.125403
0.0643398
0.0677695
0.219885
0.388465
0.445927
0.3516
0.198791
0.139376
0.0715702
0.0258724
0.00474754
0.00997585
0.160087
0.31759
0.344164
0.225359
0.0840361
0.0571846
0.02746
0.0146306
0.0358271
0.0559789
0.0516278
0.0262303
0.00212323
0.000749707
0
0
0
0
0
0
0
0
0
0
0
0
0
0
0
0
0
0
0
0
0
0
0
0
0
0
0
0
0
0
0
0
0
0
0
0
0
0
0
0
0
0
0
0
0
0
0
0
0
0
0
0
0
0
0
0
0
0
0
0
0
0
0
0.00321167
0.00756427
0.0087052
0.0233042
0.0418166
0.0588703
0.0542
0.031335
0.0502735
0.14693
0.219593
0.190906
0.0967414
0.0312642
0.0228182
0.0427898
0.093165
0.115122
0.144602
0.171372
0.177525
0.135732
0.178146
0.262354
0.241024
0.127075
0.0566718
0.0857924
0.140153
0.216266
0.33317
0.884565
1.33793
1.3139
0.893716
0.468936
0.38794
0.221649
0.086401
0.0485017
0.191083
0.349306
0.355615
0.199309
0.0607156
0.0803003
0.0703931
0.0452072
0.0185562
0.0101158
0.114985
0.249726
0.305575
0.269395
0.215706
0.198645
0.130678
0.0528934
0.0625602
0.105398
0.101546
0.0547729
0.00576704
0.0020457
0.000363794
0
0
0
0
0
0
0
0
0
0
0
0
0
0
0
0
0
0
0
0
0
0
0
0
0
0
0
0
0
0
0
0
0
0
0
0
0
0
0
0
0
0
0
0
0
0
0
0
0
0
0
0
0
0
0
0
0
0
0
0
0
0
0.00321167
0.00657646
0.00672957
0.0376381
0.0718924
0.0812997
0.0734721
0.0721668
0.113418
0.154268
0.150367
0.103097
0.0539135
0.0382773
0.0370949
0.0424222
0.0599106
0.0685301
0.100397
0.141608
0.159404
0.120952
0.109885
0.13727
0.122529
0.0737423
0.0467855
0.0603658
0.0855934
0.115477
0.230663
1.30126
2.24831
2.13426
1.14527
0.265691
0.301016
0.227204
0.111491
0.0683577
0.135036
0.238826
0.237533
0.122213
0.0665753
0.133701
0.158747
0.113396
0.0429991
0.0441236
0.175089
0.362193
0.43103
0.373497
0.461944
0.622011
0.581256
0.307778
0.0999821
0.104271
0.102766
0.0574419
0.00755656
0.00268264
0.000727589
0
0
0
0
0
0
0
0
0
0
0
0
0
0
0
0
0
0
0
0
0
0
0
0
0
0
0
0
0
0
0
0
0
0
0
0
0
0
0
0
0
0
0
0
0
0
0
0
0
0
0
0
0
0
0
0
0
0
0
0
8.69391e-05
0.000173878
0.00368261
0.00736282
0.00753429
0.0488642
0.0913964
0.0925987
0.0882225
0.120147
0.174506
0.152103
0.0738796
0.0180592
0.0174247
0.0418694
0.0488895
0.0369492
0.0179888
0.0109687
0.0431905
0.0929497
0.123194
0.100899
0.0504033
0.0222029
0.00923372
0.0293912
0.0498107
0.0782196
0.102872
0.119517
0.203956
1.22628
2.16739
2.05682
1.03876
0.115984
0.155547
0.146421
0.0978639
0.0711844
0.0768782
0.123647
0.125556
0.0751717
0.0894721
0.159392
0.203272
0.159869
0.106773
0.151449
0.248573
0.383359
0.404924
0.34009
0.572457
0.895804
0.920502
0.520344
0.110671
0.0536822
0.0539802
0.0314805
0.00577406
0.0022548
0.000958804
0.000115608
0
0
0
0
0
0
0
0
0
0
0
0
0
0
0
0
0
0
0
0
0
0
0
0
0
0
0
0
0
0
0
0
0
0
0
0
0
0
0
0
0
0
0
0
0
0
0
0
0
0
0
0
0
0
0
0
0
0
0
0.000173878
0.00560757
0.0175339
0.024269
0.0190778
0.046399
0.778054
1.47713
1.47834
0.823599
0.175288
0.142475
0.058655
0.00764886
0.0135636
0.0364486
0.0457701
0.0322065
0.0187909
0.0191353
0.048757
0.0794577
0.0999197
0.0946296
0.0634963
0.0400728
0.0239528
0.0489496
0.0706831
0.152434
0.227557
0.372714
0.484686
0.900577
1.21421
1.027
0.512328
0.0385473
0.0552718
0.0718107
0.0783778
0.0848364
0.101091
0.126696
0.113437
0.0710266
0.0713395
0.109696
0.1744
0.177133
0.182777
0.242728
0.265486
0.297302
0.257958
0.207972
0.443566
0.752619
0.811695
0.475798
0.0808264
0.002437
0.00440544
0.00461305
0.00308343
0.00119002
0.000826226
0.000231216
0
0
0
0
0
0
0
0
0
0
0
0
0
0
0
0
0
0
0
0
0
0
0
0
0
0
0
0
0
0
0
0
0
0
0
0
0
0
0
0
0
0
0
0
0
0
0
0
0
0
0
0
0
0
0
0
0
0
0
0.000390217
0.0116097
0.0319662
0.0469572
0.0415918
0.0395947
1.45109
2.85638
2.86089
1.48152
0.107804
0.104529
0.0699008
0.0366874
0.0294226
0.0364884
0.0421204
0.0330807
0.034121
0.0441728
0.0546797
0.0510309
0.0599495
0.0803183
0.0850695
0.0739351
0.0532704
0.0596451
0.0621545
0.166879
0.29719
0.60292
0.787853
0.646863
0.333914
0.0841365
0.12774
0.15408
0.128441
0.0817416
0.078197
0.10593
0.124276
0.123216
0.0995721
0.0755969
0.0580726
0.0574208
0.123594
0.164288
0.202017
0.227234
0.210022
0.190915
0.132838
0.100498
0.197831
0.411793
0.532422
0.397884
0.141551
0.0159279
0.0066621
0.0066621
0.00356226
0.000735869
0.00100931
0.000778091
0.000273438
0
0
0
0
0
0
0
0
0
0
0
0
0
0
0
0
0
0
0
0
0
0
0
0
0
0
0
0
0
0
0
0
0
0
0
0
0
0
0
0
0
0
0
0
0
0
0
0
0
0
0
0
0
0
0
0
0
0
0.000601815
0.0162276
0.0388759
0.0608271
0.0601301
0.0374818
1.43332
2.84429
2.85375
1.44291
0.0308648
0.0485432
0.0667468
0.0613241
0.0493672
0.0427546
0.0427524
0.0341509
0.0401089
0.0561522
0.0526367
0.0284854
0.0264067
0.0572185
0.0876157
0.0914039
0.0715766
0.0530101
0.0328023
0.109702
0.23431
0.569874
0.774025
0.636637
0.304843
0.0917942
0.196843
0.24302
0.193879
0.105906
0.0887312
0.113507
0.133241
0.139757
0.125619
0.12919
0.123549
0.112987
0.140744
0.144856
0.14659
0.117147
0.0829963
0.70367
1.31932
1.32216
0.684676
0.196805
0.49572
0.632188
0.465714
0.161725
0.0147031
0.0147031
0.0116113
0.00906629
0.00961316
0.00535345
0.000546876
0
0
0
0
0
0
0
0
0
0
0
0
0
0
0
0
0
0
0
0
0
0
0
0
0
0
0
0
0
0
0
0
0
0
0
0
0
0
0
0
0
0
0
0
0
0
0
0
0
0
0
0
0
0
0
0
0.00491076
0.00982151
0.0112437
0.0214044
0.0330036
0.0528339
0.0561543
0.0396444
0.737469
1.45248
1.47299
0.760764
0.0318905
0.0341173
0.0530182
0.0569222
0.0483045
0.0390306
0.0374297
0.0298909
0.0311128
0.0430941
0.0412903
0.0240489
0.027556
0.055783
0.0835328
0.0849148
0.0612195
0.0359498
0.0134732
0.0417522
0.111981
0.321141
0.457401
0.444838
0.303811
0.207517
0.244615
0.221921
0.168451
0.133843
0.162247
0.182712
0.173561
0.170429
0.178173
0.200069
0.209748
0.197141
0.165766
0.103021
0.0668377
0.0275152
0.0125298
1.31757
2.62471
2.63245
1.34514
0.213186
0.65012
0.912442
0.732106
0.292475
0.0178448
0.0186529
0.0188268
0.0187395
0.0184782
0.00938195
0.000546876
0
0
0
0
0
0
0
0
0
0
0
0
0
0
0
0
0
0
0
0
0
0
0
0
0
0
0
0
0
0
0
0
0
0
0
0
0
0
0
0
0
0
0
0
0
0
0
0
0
0
0
0
0
0
0
6.68403e-05
0.0099552
0.020717
0.0311752
0.0389515
0.059842
0.0855483
0.0805427
0.0814684
0.0962666
0.122106
0.11803
0.0767985
0.0397315
0.0219346
0.0313677
0.0393278
0.0360558
0.0263165
0.0212963
0.0173284
0.0278865
0.0458576
0.0470327
0.0326696
0.047041
0.0799219
0.0941536
0.0753
0.0486189
0.0360637
0.0206521
0.0219091
0.0454814
0.100585
0.125293
0.215572
0.294314
0.307845
0.24318
0.135674
0.0954229
0.157128
0.260764
0.305693
0.302393
0.284764
0.271488
0.24629
0.234728
0.228415
0.158902
0.0584498
0.0382795
0.0331575
0.03109
1.33336
2.64032
2.64631
1.34444
0.6651
1.56248
1.82599
1.18756
0.289944
0.0383377
0.0570434
0.060795
0.041803
0.0190594
0.00889641
0.000396125
0.000122687
6.13436e-05
0
0
0
0
0
0
0
0
0
0
0
0
0
0
0
0
0
0
0
0
0
0
0
0
0
0
0
0
0
0
0
0
0
0
0
0
0
0
0
0
0
0
0
0
0
0
0
0
0
0
0
0
0
0.000133681
0.0100889
0.0236442
0.0440844
0.0591076
0.100835
0.13087
0.152038
0.204596
0.240111
0.233889
0.151598
0.0735541
0.0354201
0.0129043
0.0191074
0.0311514
0.0309586
0.0182813
0.0370057
0.0658691
0.0940569
0.0930301
0.0640964
0.047633
0.0670655
0.104917
0.104183
0.0670545
0.0435939
0.0453097
0.0354527
0.0289455
0.0340848
0.0550873
0.0571799
0.158944
0.275704
0.287925
0.188106
0.0667576
0.053275
0.17417
0.318149
0.380169
0.389788
0.352031
0.296607
0.212909
0.169146
0.174861
0.116945
0.0371263
0.0375825
0.0497245
0.0479764
0.697164
1.39778
1.45438
0.793848
1.16208
2.33133
2.47068
1.38997
0.165284
0.0591227
0.0944569
0.0984049
0.0564485
0.0105443
0.00426679
0.000245374
0.000245374
0.000122687
0
0
0
0
0
0
0
0
0
0
0
0
0
0
0
0
0
0
0
0
0
0
0
0
0
0
0
0
0
0
0
0
0
0
0
0
0
0
0
0
0
0
0
0
0
0
0
0
0
0
0
0
1.6294e-05
0.000166269
0.00733151
0.0264687
0.0543735
0.100329
0.165508
0.184598
0.229315
0.341949
0.422739
0.391272
0.234324
0.134024
0.0963115
0.0641357
0.0546485
0.0454138
0.0444981
0.032838
0.0828719
0.142118
0.165078
0.123149
0.0578128
0.043651
0.0644772
0.0992199
0.0958852
0.0605703
0.0416496
0.0438651
0.0351136
0.0248907
0.0210384
0.0246462
0.0182104
0.0685039
0.139342
0.16346
0.129302
0.0798159
0.0824317
0.17271
0.278516
0.3241
0.336652
0.31068
0.260755
0.170007
0.101783
0.0941331
0.0618146
0.0234005
0.029886
0.043699
0.0445699
0.0417394
0.141498
0.257274
0.259799
1.23795
2.23459
2.25402
1.173
0.0572626
0.0620452
0.0931823
0.0970849
0.0529399
0.00489228
0.00111232
0.000284408
0.000323442
0.000200755
3.90339e-05
0
0
0
0
0
0
0
0
0
0
0
0
0
0
0
0
0
0
0
0
0
0
0
0
0
0
0
0
0
0
0
0
0
0
0
0
0
0
0
0
0
0
0
0
0
0
0
0
0
0
0
3.2588e-05
0.00442116
0.0173931
0.108397
0.193984
0.254435
0.25284
0.186438
0.550186
0.998441
1.09964
0.741339
0.258447
0.182584
0.158877
0.130175
0.115797
0.0955514
0.0957405
0.07777
0.119066
0.162518
0.166522
0.109884
0.0434209
0.0355175
0.0475551
0.0646642
0.0603642
0.0402049
0.0403248
0.0483605
0.0399707
0.0246688
0.0156356
0.0177932
0.0125863
0.00522187
0.0102775
0.0282197
0.0508773
0.0662965
0.081324
0.131816
0.193149
0.345003
0.471288
0.462835
0.321399
0.150642
0.0896979
0.0559218
0.0337006
0.019952
0.0234312
0.0434032
0.0577855
0.0471088
0.130035
0.239385
0.266497
0.735243
1.20021
1.21343
0.68046
0.116008
0.0973185
0.0823465
0.0646812
0.0449955
0.0177487
0.0102488
0.00617299
0.00349422
0.000523191
0.000230924
0
0
0
0
0
0
0
0
0
0
0
0
0
0
0
0
0
0
0
0
0
0
0
0
0
0
0
0
0
0
0
0
0
0
0
0
0
0
0
0
0
0
0
0
0
0
0
0
0
0
0
0.00121111
0.0122955
0.0351591
0.193792
0.333576
0.468719
0.462866
0.311997
0.885974
1.53191
1.61171
0.948824
0.206228
0.175101
0.160808
0.143027
0.141404
0.131426
0.132887
0.106676
0.110754
0.112622
0.102916
0.0666243
0.0362875
0.049975
0.0629433
0.0611842
0.0446426
0.0416626
0.0690176
0.0830149
0.0694055
0.0411011
0.027769
0.026387
0.0183878
0.00944394
0.00666464
0.0218251
0.0400173
0.0484794
0.0554398
0.0999547
0.164605
0.435346
0.64847
0.61926
0.378898
0.128393
0.0889024
0.0409083
0.021633
0.0205904
0.025416
0.0545259
0.0774398
0.0674792
0.0925498
0.133772
0.15593
0.136724
0.111284
0.115785
0.148913
0.179507
0.167196
0.103165
0.0434814
0.0627188
0.0840387
0.0720533
0.0384814
0.00825944
0.00244007
0.00122003
0
0
0
0
0
0
0
0
0
0
0
0
0
0
0
0
0
0
0
0
0
0
0
0
0
0
0
0
0
0
0
0
0
0
0
0
0
0
0
0
0
0
0
0
0
0
0
0
0
0
0.00237042
0.0190637
0.0468898
0.0695642
0.205399
0.328852
0.552068
0.637511
0.510585
0.979192
1.47251
1.49452
0.832615
0.202927
0.297171
0.331636
0.264779
0.167353
0.117164
0.118792
0.0903049
0.0655544
0.0416337
0.0397131
0.0412606
0.0548837
0.0881745
0.0998297
0.0847102
0.053605
0.0612448
0.12832
0.168358
0.224
0.232305
0.183996
0.104357
0.0259213
0.0877179
0.146607
0.155442
0.106562
0.0428647
0.0348398
0.0631892
0.128556
0.409394
0.631446
0.600698
0.35558
0.10671
0.0748072
0.0345572
0.017195
0.025619
0.046154
0.0820005
0.0994861
0.0795244
0.0454556
0.042867
0.0733028
0.0928637
0.0834399
0.0588483
0.114049
0.202877
0.261089
0.220709
0.126506
0.124478
0.149268
0.140043
0.0765742
0.0160468
0.00839682
0.00508643
0.000888021
0
0
0
0
0
0
0
0
0
0
0
0
0
0
0
0
0
0
0
0
0
0
0
0
0
0
0
0
0
0
0
0
0
0
0
0
0
0
0
0
0
0
0
0
0
0
0
0
0
0.00474084
0.0357377
0.102795
0.14492
0.19161
0.212
0.414788
0.57093
0.532188
0.689476
0.823482
0.83821
0.522881
0.302807
0.475484
0.516485
0.394893
0.185845
0.0792975
0.103358
0.108447
0.0896847
0.0481601
0.0259998
0.0337249
0.057309
0.0997842
0.122991
0.117256
0.0825341
0.076075
0.142987
0.200263
0.340487
0.409603
0.337774
0.189197
0.0485591
0.18234
0.295889
0.285408
0.166164
0.0394927
0.0366036
0.057309
0.101565
0.241085
0.334744
0.304087
0.189433
0.0748693
0.055588
0.0237927
0.00764921
0.0248901
0.0546413
0.0876636
0.100169
0.0800816
0.0485968
0.064569
0.10656
0.112849
0.0666245
0.0133271
0.0572557
0.165176
0.337813
0.581538
0.659837
0.555543
0.329402
0.15107
0.0895444
0.0250073
0.0149452
0.00828981
0.00210214
0.000163047
0
0
0
0
0
0
0
0
0
0
0
0
0
0
0
0
0
0
0
0
0
0
0
0
0
0
0
0
0
0
0
0
0
0
0
0
0
0
0
0
0
0
0
0
0
0
0
0
0.00474084
0.0384608
0.13191
0.204195
0.207881
0.165346
0.255838
0.359886
0.357677
0.259606
0.148491
0.209897
0.279012
0.402149
0.537256
0.556098
0.44472
0.223424
0.0861539
0.110501
0.142328
0.125379
0.0629721
0.0127871
0.0219057
0.0445456
0.0762469
0.128906
0.163761
0.147907
0.112613
0.152708
0.218723
0.358572
0.421904
0.342992
0.210165
0.0776294
0.206089
0.306373
0.283468
0.166055
0.0518031
0.0590972
0.0660341
0.073524
0.0645553
0.038058
0.0255772
0.0575262
0.0826508
0.0679795
0.0281834
0.0121239
0.0385973
0.0670015
0.0826684
0.0911408
0.0869123
0.0709408
0.0895469
0.134429
0.148032
0.0955438
0.0264859
0.0219798
0.0954835
0.317211
0.821848
1.10717
0.923363
0.444308
0.101502
0.0792147
0.0409733
0.0229332
0.0076268
0.00242823
0.000326093
0
0
0
0
0
0
0
0
0
0
0
0
0
0
0
0
0
0
0
0
0
0
0
0
0
0
0
0
0
0
0
0
0
0
0
0
0
0
0
0
0
0
0
0
0
0
0
0.0030065
0.00838342
0.0305066
0.108093
0.185959
0.227149
0.218233
0.190297
0.164478
0.134768
0.11865
0.10193
0.167495
0.247735
0.314574
0.341648
0.333961
0.308642
0.208648
0.122176
0.14678
0.18837
0.163101
0.0762022
0.00398099
0.0202284
0.0489844
0.100454
0.19511
0.250501
0.220575
0.140783
0.168387
0.266271
0.347372
0.32672
0.220781
0.148304
0.139472
0.242155
0.270906
0.201062
0.105735
0.0669488
0.0759572
0.0669051
0.0517454
0.0332157
0.0365476
0.0627976
0.127213
0.159855
0.125181
0.0596874
0.0278927
0.0546709
0.0758141
0.0852295
0.197799
0.303495
0.2858
0.176916
0.10636
0.125591
0.0949645
0.042052
0.0178117
0.0550059
0.216799
0.699866
1.01725
0.87836
0.43248
0.110979
0.107456
0.0657865
0.0279666
0.00372136
0.00154021
0.000326093
0
0
0
0
0
0
0
0
0
0
0
0
0
0
0
0
0
0
0
0
0
0
0
0
0
0
0
0
0
0
0
0
0
0
0
0
0
0
0
0
0
0
0
0
0
0
0.00486399
0.015741
0.021754
0.0246932
0.050872
0.0954967
0.23281
0.344717
0.319312
0.206415
0.103348
0.104124
0.0976281
0.113692
0.150672
0.148737
0.101664
0.0799644
0.107519
0.125623
0.110142
0.135969
0.179155
0.160742
0.0835715
0.0171663
0.0826551
0.180944
0.272073
0.326046
0.322312
0.274417
0.184934
0.209671
0.315496
0.340427
0.234442
0.0946226
0.0648525
0.193247
0.29408
0.261547
0.137078
0.0454633
0.0697251
0.147942
0.223514
0.259757
0.207478
0.152899
0.159937
0.204742
0.227009
0.165584
0.0812534
0.0315375
0.0517211
0.0647107
0.70243
1.54386
1.7475
1.09676
0.286791
0.147507
0.169064
0.123434
0.0567946
0.0316415
0.037015
0.0916901
0.319354
0.482116
0.45939
0.300169
0.190437
0.187591
0.11421
0.043837
0.00223505
0.00371283
0.00354978
0.00169337
0
0
0
0
0
0
0
0
0
0
0
0
0
0
0
0
0
0
0
0
0
0
0
0
0
0
0
0
0
0
0
0
0
0
0
0
0
0
0
0
0
0
0
0
0
0.0185308
0.0564631
0.0789728
0.0674517
0.033421
0.0326136
0.239007
0.569804
0.717563
0.573476
0.308037
0.650274
1.08616
1.04518
0.565674
0.0920483
0.0772467
0.0654214
0.0540364
0.0642682
0.0681392
0.0949333
0.126924
0.117478
0.0704876
0.0325978
0.151459
0.327515
0.432319
0.392055
0.313895
0.277378
0.21207
0.21778
0.297468
0.348799
0.270063
0.128157
0.0691962
0.193786
0.306266
0.285817
0.154825
0.0441637
0.100017
0.290413
0.459702
0.542886
0.452209
0.3311
0.28124
0.261114
0.25916
0.173041
0.0786254
0.0194136
0.0295054
0.0384096
1.31068
2.78007
2.98245
1.71063
0.333361
0.241778
0.273065
0.202605
0.0975799
0.0663095
0.0607077
0.0757957
0.0892957
0.0750257
0.087918
0.141027
0.211724
0.219002
0.140653
0.0550258
0.00483014
0.00677347
0.00677347
0.00338673
0
0
0
0
0
0
0
0
0
0
0
0
0
0
0
0
0
0
0
0
0
0
0
0
0
0
0
0
0
0
0
0
0
0
0
0
0
0
0
0
0
0
0
0
0.00188787
0.0397327
0.111438
0.151514
0.122464
0.0533376
0.0460147
0.24871
0.687019
1.05469
1.02373
0.655218
1.23407
2.02343
1.98491
1.06494
0.148897
0.133206
0.0841784
0.0329053
0.0335564
0.0453799
0.0791549
0.109669
0.104747
0.0684038
0.0878265
0.265355
0.45386
0.478074
0.325438
0.223932
0.218832
0.18739
0.157646
0.180721
0.246691
0.242359
0.162008
0.0948566
0.135492
0.18959
0.24887
0.247916
0.223551
0.279295
0.434951
0.56961
0.608797
0.518614
0.428054
0.38239
0.317914
0.264356
0.15238
0.0690284
0.0204976
0.0126682
0.00723126
1.28184
2.66316
2.78487
1.53354
0.269347
0.28532
0.333707
0.265737
0.136378
0.102077
0.317326
0.548149
0.553139
0.31851
0.104443
0.117621
0.156818
0.170514
0.11515
0.0463398
0.00639296
0.00726904
0.00702125
0.00338673
0
0
0
0
0
0
0
0
0
0
0
0
0
0
0
0
0
0
0
0
0
0
0
0
0
0
0
0
0
0
0
0
0
0
0
0
0
0
0
0
0
0
0
0.00123807
0.00692529
0.0541084
0.136109
0.177142
0.144031
0.0686475
0.0688438
0.193844
0.542181
0.98292
1.1054
0.808246
1.28552
1.97905
1.95051
1.05914
0.170384
0.18015
0.138743
0.0781766
0.0545577
0.0410426
0.0694929
0.0991725
0.0964959
0.0628423
0.128747
0.309202
0.43059
0.36114
0.185713
0.130916
0.146719
0.137237
0.101337
0.0919122
0.143134
0.19125
0.181307
0.124475
0.0787079
0.0672049
0.202555
0.351392
0.436019
0.478023
0.487811
0.472969
0.399012
0.329733
0.449481
0.573211
0.519451
0.324589
0.107712
0.0556975
0.0343493
0.0199747
0.00556619
0.640958
1.29663
1.33551
0.743505
0.192568
0.283497
0.328486
0.262982
0.134375
0.144877
0.634438
1.14618
1.19027
0.726946
0.234636
0.127535
0.103854
0.106084
0.0715405
0.0412723
0.0306306
0.0299739
0.0166803
0.00169337
0
0
0
0
0
0
0
0
0
0
0
0
0
0
0
0
0
0
0
0
0
0
0
0
0
0
0
0
0
0
0
0
0
0
0
0
0
0
0
0
0
0
0
0.00339704
0.0119167
0.0531199
0.114719
0.142832
0.123407
0.0724722
0.0715734
0.089259
0.210947
0.519955
0.733175
0.657687
0.804119
1.02704
0.988324
0.554062
0.132817
0.166443
0.157813
0.11835
0.0774571
0.0375582
0.0653991
0.100795
0.100976
0.0593646
0.114439
0.27345
0.412122
0.390548
0.249748
0.147693
0.0844023
0.0690362
0.0492553
0.0463419
0.0870082
0.161715
0.19416
0.182236
0.152116
0.12509
0.226183
0.36709
0.54883
0.659586
0.566211
0.368837
0.150111
0.0879654
0.380712
0.659399
0.653264
0.361685
0.0690706
0.0515385
0.0485308
0.0325599
0.0126667
0.0116768
0.0332516
0.0841732
0.173751
0.253135
0.285727
0.262002
0.187412
0.111782
0.184097
0.7157
1.28037
1.61442
1.41028
0.883338
0.445024
0.115685
0.0766213
0.0457288
0.0497654
0.0649412
0.0584724
0.0270344
0.000942838
0.000471419
0
0
0
0
0
0
0
0
0
0
0
0
0
0
0
0
0
0
0
0
0
0
0
0
0
0
0
0
0
0
0
0
0
0
0
0
0
0
0
0
0
0
0.00431795
0.0118706
0.0412093
0.074518
0.0982429
0.103648
0.0810103
0.0620086
0.0395407
0.0245518
0.130389
0.269579
0.326794
0.232542
0.0810753
1.10321
2.17643
2.20632
1.17669
0.132292
0.129756
0.0941372
0.0449414
0.050514
0.0720074
0.0728014
0.0409953
0.057423
0.19839
0.419549
0.504267
0.388511
0.193125
0.0656569
0.0495139
0.0847317
0.13887
0.188426
0.239051
0.237063
0.304199
0.343893
0.304867
0.260873
0.265661
0.507463
0.730276
0.747134
0.563267
0.297208
0.151882
0.324066
0.536203
0.517915
0.265737
0.0254519
0.040242
0.0509354
0.0396669
0.018203
0.0128089
0.0294913
0.0852602
0.203426
0.296229
0.293584
0.209824
0.122079
0.095636
0.183525
0.48446
0.82736
1.42198
1.71227
1.3988
0.70231
0.109421
0.0600077
0.0467207
0.061813
0.0771732
0.0653457
0.0277295
0.00188568
0.000942838
0
0
0
0
0
0
0
0
0
0
0
0
0
0
0
0
0
0
0
0
0
0
0
0
0
0
0
0
0
0
0
0
0
0
0
0
0
0
0
0
0
0
0.00332426
0.00732194
0.0270697
0.0497097
0.086043
0.109449
0.0931968
0.0528658
0.00971234
0.0423619
0.119606
0.172901
0.172812
0.119429
0.124264
2.30592
4.4497
4.40123
3.60528
2.89182
2.95416
1.6978
0.378068
0.31764
0.177594
0.0639614
0.0529613
0.0219474
0.097107
0.330062
0.47813
0.411131
0.200106
0.060787
0.043709
0.130146
0.251178
0.324192
0.33478
0.267648
0.370748
0.732249
0.962033
0.811244
0.438025
0.388925
0.648656
0.832053
0.795406
0.583954
0.41214
0.39446
0.424959
0.305578
0.11668
0.00819126
0.028401
0.0419181
0.0384001
0.0213649
0.0184734
0.0365725
0.0890658
0.185294
0.240492
0.207799
0.1288
0.0980132
0.128692
0.169202
0.184561
0.241567
0.811624
1.33844
1.27102
0.679899
0.141892
0.105491
0.0722936
0.0482036
0.0594138
0.0508233
0.0251734
0.00713055
0.000942838
0
0
0
0
0
0
0
0
0
0
0
0
0
0
0
0
0
0
0
0
0
0
0
0
0
0
0
0
0
0
0
0
0
0
0
0
0
0
0
0
0
0.00106448
0.00395547
0.00578198
0.0179362
0.0354811
0.20215
0.353717
0.336788
0.182383
0.031687
0.121006
0.220484
0.240429
0.172826
0.0711879
0.15759
2.4428
4.62086
4.52352
5.06096
5.74088
5.82195
3.30038
0.699405
0.596891
0.312237
0.0854502
0.0860079
0.0460586
0.063886
0.20681
0.300894
0.260508
0.130625
0.0460214
0.0371042
0.133417
0.267154
0.350864
0.33519
0.230914
0.296934
0.925053
1.44801
1.34094
0.727546
0.323776
0.46017
0.655379
0.75615
0.664545
0.562001
0.462683
0.378728
0.17578
0.0171998
0.00983407
0.0236869
0.0339402
0.0401718
0.0380628
0.0426036
0.0585978
0.0865073
0.11971
0.117862
0.0901889
0.063514
0.0905371
0.136841
0.131634
0.0876759
0.0643774
0.348879
0.633532
0.614866
0.390736
0.175663
0.161613
0.0923687
0.0205223
0.0284102
0.0294278
0.0221777
0.0119433
0.000982117
0.000255349
0
0
0
0
0
0
0
0
0
0
0
0
0
0
0
0
0
0
0
0
0
0
0
0
0
0
0
0
0
0
0
0
0
0
0
0
0
0
0
0
0.00494564
0.0124386
0.0149859
0.0158095
0.0222761
0.303349
0.573009
0.55905
0.30724
0.0684252
0.179083
0.261892
0.254274
0.166522
0.0567328
0.156505
1.38889
2.51977
2.4408
4.07223
5.81622
5.85556
3.28952
0.680407
0.59457
0.315532
0.0876039
0.0904568
0.0589747
0.0399408
0.074987
0.0953003
0.128232
0.229445
0.296128
0.250462
0.17245
0.168835
0.245911
0.245758
0.284758
0.396129
0.975164
1.40622
1.27741
0.742184
0.262131
0.284845
0.384417
0.487902
0.466056
0.451202
0.426686
0.393744
0.22558
0.0674659
0.0474267
0.041948
0.0468248
0.049762
0.0516481
0.0584431
0.0585221
0.0524026
0.0413721
0.024186
0.0206751
0.0280224
0.0642715
0.119115
0.138491
0.111693
0.0835251
0.10567
0.120737
3.85588
7.66072
7.71751
3.94628
0.0905724
0.00609238
0.0146154
0.0222956
0.0219636
0.0119845
0.00125808
0.000510698
0
0
0
0
0
0
0
0
0
0
0
0
0
0
0
0
0
0
0
0
0
0
0
0
0
0
0
0
0
0
0
0
0
0
0
0
0
0
0
0
0.00970277
0.0229333
0.0264612
0.0196956
0.0197882
0.28839
0.547196
0.533873
0.417777
0.333181
0.426899
0.360144
0.225056
0.162071
0.0887277
0.13066
0.213743
0.253676
0.227897
1.60045
3.00279
2.99448
1.67705
0.356135
0.309888
0.162923
0.0486132
0.0571998
0.05651
0.0594467
0.0743722
0.0669498
0.137153
0.383803
0.551396
0.462363
0.198482
0.0460826
0.105297
0.136663
0.346928
0.547581
0.823659
0.897356
0.770089
0.583231
0.389673
0.374962
0.315153
0.265471
0.182527
0.219843
0.282296
0.335693
0.276447
0.152488
0.0914725
0.0742378
0.0761231
0.0623129
0.0506842
0.0512355
0.0420858
0.0304003
0.0329193
0.0404402
0.0460011
0.0415012
0.0438001
0.100192
0.145417
0.135777
0.0929842
0.0756716
0.0830822
7.62918
15.4333
15.6931
8.16769
0.363466
0.0846183
0.0417491
0.0109631
0.0119472
0.00721302
0.00149477
0.000510698
0
0
0
0
0
0
0
0
0
0
0
0
0
0
0
0
0
0
0
0
0
0
0
0
0
0
0
0
0
0
0
0
0
0
0
0
0
0
0
0.000146363
0.0108714
0.0243167
0.0290249
0.0268964
0.0376453
0.179673
0.317102
0.346935
0.499887
0.649015
0.65615
0.424768
0.21815
0.210967
0.164727
0.107071
0.09065
0.111477
0.125001
0.13484
0.114293
0.0870825
0.0568783
0.0367452
0.0219095
0.00831605
0.0198327
0.0416259
0.0619636
0.230971
0.390392
0.377206
0.286949
0.375325
0.545139
0.455912
0.186118
0.0226547
0.0672863
0.0960595
0.31828
0.538431
0.572056
0.427321
0.377055
0.487719
0.56645
0.520104
0.359444
0.207628
0.0707492
0.0919883
0.173217
0.266647
0.280302
0.193652
0.106304
0.0890975
0.0955054
0.078951
0.0576057
0.043545
0.0355913
0.0675973
0.124644
0.154911
0.138088
0.092012
0.0543206
0.0841644
0.133631
0.144316
0.102365
0.0814472
0.118985
7.72467
15.7199
16.1286
8.60659
0.637949
0.172184
0.0909104
0.03333
0.0340588
0.0178858
0.000984071
0.000255349
0
0
0
0
0
0
0
0
0
0
0
0
0
0
0
0
0
0
0
0
0
0
0
0
0
0
0
0
0
0
0
0
0
0
0
0
0
0
0
0.000550391
0.0212173
0.058328
0.0789244
0.0720686
0.0652455
0.0647278
0.111637
0.233196
0.54851
0.760418
0.661235
0.403743
0.257929
0.287135
0.232044
0.127777
0.079504
0.097019
0.0966487
0.0701826
0.0380986
0.0418333
0.0522131
0.0444498
0.0192484
0.00887364
0.0355779
0.0685953
0.08536
0.388918
0.697214
0.694816
0.40937
0.205462
0.286867
0.25166
0.122531
0.0454003
0.075287
0.10358
0.211009
0.317873
0.363838
0.428406
0.563609
0.662735
0.642028
0.515455
0.354297
0.216027
0.102565
0.108959
0.173006
0.235119
0.237658
0.157173
0.0833031
0.0710546
0.0830273
0.0848974
0.0710361
0.0445363
0.0353211
0.117433
0.224944
0.266602
0.22479
0.147446
0.0995047
0.0876135
0.106044
0.118343
0.091693
0.101916
0.177389
4.05824
8.27166
8.62612
4.84061
0.638458
0.179065
0.14073
0.126094
0.126573
0.0637657
0.000479219
0
0
0
0
0
0
0
0
0
0
0
0
0
0
0
0
0
0
0
0
0
0
0
0
0
0
0
0
0
0
0
0
0
0
0
0
0
0
0
0
0.00131897
0.0337186
0.0987079
0.136605
0.117393
0.0755856
0.0516722
0.126465
0.301689
0.517405
0.561521
0.397474
0.232886
0.218921
0.287882
0.259492
0.161132
0.108512
0.121751
0.126184
0.0887588
0.0557574
0.0582826
0.0548556
0.0394637
0.0143692
0.211661
0.440128
0.480728
0.303088
0.394476
0.685006
0.677009
0.354461
0.0280318
0.0314628
0.0500587
0.0656148
0.181797
0.32159
0.366147
0.252125
0.113002
0.113589
0.328523
0.576157
0.633447
0.504709
0.336179
0.249032
0.184987
0.138978
0.118711
0.124607
0.116818
0.133852
0.123339
0.101908
0.0793756
0.071901
0.0945103
0.0941207
0.0625391
0.0355127
0.1158
0.222778
0.258791
0.225189
0.16835
0.149943
0.112887
0.0862688
0.078798
0.0632108
0.101545
0.184145
0.323443
0.586647
0.720188
0.629831
0.341782
0.0967661
0.136332
0.187817
0.188126
0.0960849
0.00355898
0.00307391
0.00153696
0
0
0
0
0
0
0
0
0
0
0
0
0
0
0
0
0
0
0
0
0
0
0
0
0
0
0
0
0
0
0
0
0
0
0
0
0
0
0.00168352
0.0348096
0.107944
0.156616
0.135203
0.0710954
0.0267172
0.0911455
0.236634
0.309031
0.235892
0.104732
0.0656293
0.125315
0.191301
0.233624
0.22211
0.202542
0.191544
0.18002
0.134068
0.0830365
0.0628996
0.0417122
0.0278383
0.0125412
0.418048
0.843054
0.885423
0.522082
0.267527
0.435591
0.451297
0.288717
0.0902521
0.0500759
0.054058
0.228807
0.622617
0.889186
0.78625
0.399203
0.123118
0.0629705
0.218967
0.388139
0.420775
0.296131
0.186286
0.193173
0.203856
0.203538
0.147993
0.0848754
0.0505497
0.121157
0.173724
0.176057
0.123812
0.0916378
0.0989455
0.147308
0.185164
0.150002
0.12997
0.130867
0.149579
0.143076
0.132175
0.153818
0.134156
0.0940802
0.0651493
0.0411028
0.0643178
0.108238
0.235037
0.399544
0.432039
0.306152
0.113826
0.0191501
0.089353
0.159688
0.15982
0.0841083
0.00791138
0.00742631
0.00371316
0
0
0
0
0
0
0
0
0
0
0
0
0
0
0
0
0
0
0
0
0
0
0
0
0
0
0
0
0
0
0
0
0
0
0
0
0
0
0.0012795
0.0205826
0.0757676
0.125223
0.119494
0.0643094
0.0361076
0.0845995
0.219533
0.292401
0.238647
0.128052
0.0596103
0.0728359
0.100498
0.182601
0.246818
0.264491
0.224892
0.185166
0.143715
0.0857723
0.0513737
0.0275908
0.0240685
0.0192967
0.426501
0.846443
0.880641
0.520569
0.140843
0.236762
0.305658
0.285636
0.176467
0.0667006
0.0478171
0.367074
0.932592
1.22119
0.956429
0.393756
0.0958448
0.0135463
0.117914
0.235829
0.267605
0.190838
0.136006
0.181537
0.218958
0.226352
0.167241
0.0933643
0.100327
0.207832
0.263725
0.237705
0.1531
0.104125
0.0844834
0.19076
0.306467
0.274799
0.147986
0.0430336
0.0504879
0.060818
0.121028
0.205724
0.214063
0.138622
0.0573985
0.0301694
0.0493351
0.0654893
0.148418
0.36517
0.490674
0.571415
0.509378
0.362123
0.221053
0.0747848
0.0695866
0.0393391
0.00894732
0.00870479
0.0043524
0
0
0
0
0
0
0
0
0
0
0
0
0
0
0
0
0
0
0
0
0
0
0
0
0
0
0
0
0
0
0
0
0
0
0
0
0
0
0.000510917
0.0168187
0.0612594
0.105698
0.105696
0.0612549
0.0613727
0.11022
0.274785
0.374197
0.319666
0.17573
0.0631249
0.0825932
0.0906022
0.149452
0.209035
0.232589
0.285665
0.332427
0.306809
0.169032
0.037693
0.0159837
0.0171015
0.0185729
0.227359
0.449731
0.474169
0.302493
0.140493
0.284259
0.390661
0.360616
0.213216
0.0672376
0.0320856
0.338871
0.800295
0.982701
0.7036
0.24504
0.0668042
0.0129736
0.0960578
0.177918
0.198825
0.144104
0.100706
0.135625
0.162936
0.169931
0.133664
0.0789065
0.130731
0.237506
0.27576
0.224093
0.132573
0.0969566
0.0720145
0.189964
0.312431
0.285491
0.144153
0.0291234
0.0325081
0.0993319
0.26841
0.398295
0.359885
0.193423
0.460199
0.831775
0.871682
0.512381
0.136659
0.248814
0.341865
0.644723
0.823722
0.700147
0.364385
0.0181848
0.00774573
0.0129552
0.0184482
0.0184482
0.00922412
0
0
0
0
0
0
0
0
0
0
0
0
0
0
0
0
0
0
0
0
0
0
0
0
0
0
0
0
0
0
0
0
0
0
0
0
0
2.47163e-05
4.94327e-05
0.0307293
0.0909012
0.13837
0.125666
0.0654698
0.0630438
0.226142
0.525977
0.644738
0.471282
0.18517
0.0493123
0.0717823
0.069891
0.086842
0.115761
0.128661
0.290279
0.445542
0.442192
0.248617
0.0417702
0.030551
0.0295267
0.0411794
0.0550574
0.0665098
0.0647536
0.0663185
0.103363
0.21122
0.295988
0.272467
0.163537
0.101648
0.112625
0.270488
0.418668
0.427349
0.286748
0.104827
0.0654471
0.0343861
0.145637
0.25444
0.263058
0.157568
0.05599
0.0717011
0.082897
0.0864001
0.0771154
0.054887
0.123874
0.203292
0.250966
0.222119
0.145495
0.0977179
0.0500931
0.122087
0.184777
0.16456
0.0775582
0.0143788
0.0177634
0.15957
0.410945
0.547321
0.445081
0.208299
0.851989
1.61673
1.66558
0.922875
0.118929
0.112611
0.132007
0.460359
0.743829
0.699671
0.367857
0.0200243
0.00418255
0.0163846
0.0289491
0.0285875
0.0142059
0
0
0
0
0
0
0
0
0
0
0
0
0
0
0
0
0
0
0
0
0
0
0
0
0
0
0
0
0
0
0
0
0
0
0
0
0
4.94327e-05
0.000461737
0.0351953
0.0926541
0.140501
0.139062
0.162648
0.224364
0.47224
0.752827
0.760418
0.546826
0.256389
0.160918
0.11588
0.057899
0.0580786
0.0678353
0.0737459
0.24641
0.415816
0.414409
0.236079
0.042558
0.0409918
0.044346
0.0744807
0.0930862
0.0855213
0.058062
0.0365024
0.0543511
0.0812867
0.117891
0.12012
0.0883695
0.133723
0.193556
0.2055
0.135635
0.0639032
0.0627935
0.0674444
0.0746363
0.0602061
0.152387
0.24679
0.248874
0.145733
0.040668
0.0387431
0.0246755
0.0148661
0.651704
1.28385
1.33677
0.757542
0.20376
0.229608
0.182352
0.110666
0.0435731
0.0657274
0.0729051
0.056366
0.0224257
0.0054074
0.00477726
0.176157
0.428555
0.540879
0.414429
0.176572
0.840292
1.61978
1.67438
0.919186
0.108377
0.0572266
0.0417599
0.191087
0.357359
0.373574
0.210909
0.0252151
0.00253676
0.0157623
0.0297065
0.0289833
0.0143159
0
0
0
0
0
0
0
0
0
0
0
0
0
0
0
0
0
0
0
0
0
0
0
0
0
0
0
0
0
0
0
0
0
0
0
0
0
4.94327e-05
0.00202198
0.0264724
0.0926795
0.164053
0.198374
0.380837
0.594913
0.915735
1.02794
0.789707
0.540652
0.338576
0.338959
0.229682
0.0855294
0.0634996
0.0704643
0.071963
0.144345
0.218612
0.21569
0.128383
0.0355095
0.0432766
0.0974558
0.186317
0.223077
0.173645
0.0835737
0.0364211
0.030379
0.0256576
0.0423428
0.0594187
0.0703136
0.158893
0.234223
0.766316
1.19575
1.09202
0.558472
0.0566544
0.0882758
0.076371
0.11478
0.165094
0.172933
0.121469
0.0663303
0.0642787
0.0379123
0.0138905
1.26921
2.52714
2.55475
1.3228
0.196569
0.309144
0.293762
0.169154
0.0421387
0.0643444
0.0830347
0.0901912
0.0717622
0.0447722
0.0236185
0.125893
0.283823
0.355006
0.27365
0.121112
0.43867
0.845206
0.895453
0.511331
0.0896308
0.0685178
0.0803657
0.0558349
0.0413506
0.0475991
0.0493182
0.105229
0.163137
0.173042
0.102099
0.0195313
0.00790721
0
0
0
0
0
0
0
0
0
0
0
0
0
0
0
0
0
0
0
0
0
0
0
0
0
0
0
0
0
0
0
0
0
0
0
0
0
2.47163e-05
0.00609299
0.0195145
0.100626
0.190919
0.491187
0.994426
1.29802
1.36222
1.07983
0.710637
0.463289
0.343331
0.401652
0.308718
0.14139
0.0777328
0.0631941
0.0642685
0.0455593
0.0257756
0.0259578
0.0351878
0.0415218
0.0499776
0.145323
0.278967
0.326001
0.241671
0.106079
0.0448735
0.0468678
0.072618
0.0890478
0.0774459
0.0682812
0.140505
0.200517
1.24423
2.21057
2.1332
1.08553
0.0725988
0.104598
0.0842985
0.0864038
0.194977
0.290209
0.266503
0.153504
0.0708644
0.0468194
0.0218279
1.27165
2.52484
2.53379
1.28291
0.18824
0.352216
0.355647
0.199456
0.0407766
0.0623257
0.106585
0.152247
0.153293
0.1115
0.0561799
0.0626967
0.126776
0.181162
0.170684
0.102535
0.0490534
0.0650582
0.105196
0.305851
0.481343
0.477432
0.293839
0.0687396
0.0425822
0.0470593
0.0592392
0.198943
0.3343
0.331602
0.176106
0.0111292
0.00164799
0
0
0
0
0
0
0
0
0
0
0
0
0
0
0
0
0
0
0
0
0
0
0
0
0
0
0
0
0
0
0
0
0
0
0
0
0
0
0.00860376
0.0242795
0.157348
0.283122
0.807867
1.4272
1.60534
1.32235
0.749437
0.473613
0.303936
0.245756
0.310862
0.276938
0.171044
0.0838772
0.0474665
0.0474351
0.0413384
0.0298518
0.0414079
0.0571658
0.0592582
0.0538965
0.139668
0.262493
0.314265
0.247566
0.127163
0.0628703
0.0633215
0.112336
0.131535
0.0973633
0.0673869
0.103403
0.132366
1.16345
2.15592
2.12439
1.0938
0.115902
0.164783
0.134815
0.0850622
0.230529
0.416423
0.41193
0.22525
0.054451
0.0598855
0.0994416
0.752939
1.35584
1.30153
0.632933
0.133539
0.278691
0.294073
0.170121
0.0418226
0.051892
0.105713
0.171807
0.18693
0.140607
0.0681241
0.0461601
0.0644182
0.0919057
0.0979946
0.0700219
0.0401509
0.0438198
0.062719
0.461155
0.848701
0.854572
0.518182
0.249927
0.346074
0.331511
0.212487
0.244333
0.355291
0.338018
0.179684
0.0131605
0.00179744
0
0
0
0
0
0
0
0
0
0
0
0
0
0
0
0
0
0
0
0
0
0
0
0
0
0
0
0
0
0
0
0
0
0
0
0
0
0
0.00704351
0.0495038
0.229328
0.366691
0.835287
1.24024
1.21725
0.857861
0.393138
0.332766
0.226061
0.143427
0.175518
0.237594
0.251502
0.160288
0.0602416
0.0184283
0.0240555
0.0254606
0.0466998
0.0658127
0.111063
0.144437
0.18211
0.205042
0.210003
0.196207
0.132178
0.0708582
0.0580736
0.101763
0.118024
0.0852265
0.0528798
0.104827
0.158668
0.669853
1.12225
1.09773
0.622795
0.213272
0.271981
0.505034
0.702808
0.814546
0.739402
0.459756
0.25618
0.0512683
0.0638005
0.168431
0.236181
0.199073
0.0932894
0.0145728
0.0812889
0.167919
0.178947
0.114819
0.0471236
0.0453977
0.0793819
0.124541
0.137866
0.10308
0.0475067
0.0430707
0.0532596
0.0627855
0.0598755
0.0430057
0.0360172
0.0270047
0.0220142
0.413082
0.81826
0.837711
0.543966
0.597646
1.01465
1.01266
0.587479
0.233339
0.212607
0.179467
0.0964371
0.0107766
0.00179744
0
0
0
0
0
0
0
0
0
0
0
0
0
0
0
0
0
0
0
0
0
0
0
0
0
0
0
0
0
0
0
0
0
0
0
0
0
0
0.00292307
0.0678225
0.270811
0.424593
0.62451
0.670645
0.540073
0.417398
0.294186
0.322922
0.225744
0.114077
0.130964
0.236522
0.31529
0.243536
0.101401
0.018586
0.0233248
0.0238885
0.0350793
0.0480979
0.14267
0.230584
0.227536
0.143293
0.084866
0.111988
0.103979
0.197521
0.309271
0.329094
0.248827
0.145038
0.132955
0.151974
0.174344
0.163337
0.0945019
0.111136
0.203848
0.333667
0.368196
0.8654
1.32262
1.33251
0.914373
0.368445
0.246191
0.0880252
0.0853526
0.185713
0.249571
0.213068
0.101746
0.0208278
0.0252174
0.0496759
0.0584865
0.0585023
0.0552832
0.0515434
0.05605
0.0595998
0.0559855
0.036446
0.0161298
0.0520282
0.0891164
0.0919874
0.0596852
0.0287892
0.0564471
0.0814852
0.0797701
0.250991
0.488845
0.586906
0.543047
0.934242
1.45936
1.44
0.832681
0.205728
0.0668501
0.0156729
0.0103984
0.00627301
0.00107382
0
0
0
0
0
0
0
0
0
0
0
0
0
0
0
0
0
0
0
0
0
0
0
0
0
0
0
0
0
0
0
0
0
0
0
0
0
0
0
0.060716
0.240639
0.391231
0.361899
0.181975
0.0860552
0.298681
0.489884
0.467484
0.260674
0.0898628
0.113049
0.215111
0.293257
0.240904
0.115945
0.029738
0.0308552
0.0248818
0.0207602
0.0230329
0.121862
0.225889
0.229321
0.131973
0.0541495
0.0722962
0.0694523
0.314548
0.560031
0.571266
0.403898
0.22428
0.224345
0.189461
0.240489
0.3134
0.275825
0.252785
0.268054
0.346807
0.347727
0.882853
1.38258
1.31814
0.781393
0.209655
0.173171
0.101626
0.0993762
0.149283
0.167861
0.136533
0.0648318
0.0178674
0.0216509
0.0402732
0.0493567
0.0529108
0.0511123
0.0466845
0.0323841
0.017448
0.0225852
0.0314014
0.0337966
0.0628159
0.0901672
0.095897
0.0665983
0.0405817
0.657052
1.27935
1.29009
0.676019
0.169495
0.354379
0.54826
0.978451
1.27778
1.20421
0.733203
0.247593
0.119769
0.0357627
0.0107382
0.00571929
0.000350204
0
0
0
0
0
0
0
0
0
0
0
0
0
0
0
0
0
0
0
0
0
0
0
0
0
0
0
0
0
0
0
0
0
0
0
0
0
0
0
0.0391705
0.149366
0.251775
0.243989
0.133793
0.0973374
0.691475
1.25104
1.20094
0.604853
0.0718219
0.0870658
0.13588
0.171718
0.155594
0.119136
0.0898719
0.0840033
0.128523
0.17958
0.17461
0.162482
0.160559
0.181229
0.126055
0.058981
0.047424
0.0541092
0.336601
0.596868
0.598323
0.421832
0.245789
0.236676
0.159578
0.253932
0.416508
0.444488
0.366698
0.253902
0.241481
0.215496
0.528183
0.813074
0.77447
0.462108
0.136281
0.10876
0.096507
0.153181
0.186922
0.159027
0.0973907
0.0504639
0.0384207
0.0585998
0.0854054
0.0845101
0.0635574
0.0369369
0.0292441
0.0215629
0.0148761
0.0397381
0.0728348
0.0816764
0.0734124
0.0580417
0.0615692
0.0538912
0.0430953
1.21873
2.41145
2.43253
1.25484
0.244239
0.507375
0.68826
0.750516
0.648421
0.546956
0.400303
0.25037
0.164012
0.0559834
0.011958
0.00635467
0.000375695
0
0
0
0
0
0
0
0
0
0
0
0
0
0
0
0
0
0
0
0
0
0
0
0
0
0
0
0
0
0
0
0
0
0
0
0
0
0.000606963
0.00121393
0.0197146
0.0743342
0.126145
0.123337
0.06811
0.0643882
0.955857
1.81432
1.78148
0.903749
0.0718219
0.0689259
0.0579159
0.0520698
0.062846
0.105563
0.132599
0.121553
0.225324
0.339341
0.328125
0.200782
0.0920588
0.14447
0.148435
0.105185
0.0611679
0.0656136
0.235406
0.36266
0.354685
0.266973
0.252507
0.290692
0.206659
0.24324
0.352329
0.423593
0.347884
0.193189
0.130178
0.103472
0.170746
0.224338
0.210494
0.187096
0.161468
0.129457
0.118418
0.186148
0.257466
0.241412
0.154041
0.0963533
0.0907457
0.166433
0.238057
0.212974
0.118745
0.0252536
0.0125109
0.0103425
0.0119017
0.0466932
0.0903669
0.100601
0.0642884
0.0195708
0.0177449
0.0271092
0.0369915
1.19488
2.37739
2.40522
1.2445
0.262258
0.512094
0.675926
0.554606
0.264423
0.144021
0.164316
0.222038
0.173108
0.0666826
0.00918725
0.00481971
0.000226084
0
0
0
0
0
0
0
0
0
0
0
0
0
0
0
0
0
0
0
0
0
0
0
0
0
0
0
0
0
0
0
0
0
0
0
0
0
0.00264059
0.00612883
0.0309127
0.0557754
0.0558541
0.0310702
0.0418351
0.100063
0.909426
1.65699
1.60312
0.951062
0.325214
0.331071
0.192877
0.0499615
0.0568053
0.0907034
0.115192
0.105954
0.215836
0.342615
0.349233
0.229494
0.121984
0.231877
0.294862
0.245441
0.127141
0.0671091
0.0993787
0.0913469
0.0851633
0.0942846
0.236323
0.326885
0.29714
0.255731
0.225766
0.259275
0.234328
0.175446
0.11888
0.0745718
0.109226
0.177667
0.859046
1.56006
1.57969
0.882537
0.169425
0.178338
0.236503
0.228931
0.163193
0.121036
0.134442
0.262512
0.36742
0.316422
0.162681
0.0290965
0.0158263
0.0136641
0.0134494
0.0351824
0.0660487
0.0734042
0.0552361
0.0329824
0.0308726
0.0291631
0.0362415
0.616189
1.21992
1.25103
0.675097
0.221225
0.373186
0.487121
0.40947
0.207293
0.110065
0.109342
0.158183
0.130391
0.0538088
0.00501859
0.00256028
5.09818e-05
0
0
0
0
0
0
0
0
0
0
0
0
0
0
0
0
0
0
0
0
0
0
0
0
0
0
0
0
0
0
0
0
0
0
0
0
0
0.00406724
0.0118077
0.0395019
0.065362
0.0727926
0.054363
0.100972
0.17438
0.586521
0.931352
0.854779
0.71854
0.590612
0.594295
0.337304
0.0654931
0.0621355
0.0621801
0.0741524
0.0831383
0.142233
0.209061
0.225379
0.177853
0.132052
0.276138
0.38777
0.344202
0.171616
0.0463705
0.0605666
0.0538444
0.0581692
0.0755142
0.212481
0.308591
0.318136
0.233087
0.117387
0.0949612
0.134219
0.201892
0.178162
0.104951
0.0996203
0.19589
2.16854
4.12701
4.13454
2.20731
0.241639
0.176541
0.150471
0.123903
0.10169
0.0895428
0.128077
0.348142
0.52995
0.485698
0.269136
0.0749573
0.0532062
0.0343551
0.0242171
0.0240438
0.0291364
0.029384
0.0373218
0.0494757
0.0519068
0.0383475
0.0380551
0.0559338
0.0955608
0.128958
0.123225
0.159169
0.220196
0.306833
0.291904
0.173395
0.0843401
0.0615978
0.0882385
0.0725447
0.0302358
0.00362065
0.00183582
2.54909e-05
0
0
0
0
0
0
0
0
0
0
0
0
0
0
0
0
0
0
0
0
0
0
0
0
0
0
0
0
0
0
0
0
0
0
0
0
0
0.00346028
0.0125716
0.0383351
0.0611003
0.0840865
0.0843075
0.134618
0.21769
0.386336
0.48981
0.398652
0.489188
0.604775
0.60041
0.347146
0.0769585
0.0663495
0.041719
0.0445279
0.0715619
0.080087
0.0764453
0.0818531
0.0954923
0.105056
0.223854
0.32888
0.303747
0.154844
0.029772
0.0267258
0.017405
0.0230736
0.0445908
0.116874
0.163398
0.195048
0.184211
0.140704
0.109764
0.137888
0.210938
0.220263
0.162357
0.162778
0.277721
2.85953
5.36239
5.3097
2.8117
0.285031
0.185264
0.0730225
0.0174239
0.0242776
0.0323998
0.0863383
0.378178
0.635069
0.635769
0.401928
0.168213
0.155473
0.132085
0.101365
0.0547679
0.0165424
0.0113759
0.0334094
0.0676397
0.0821465
0.0671801
0.0511566
0.0578778
0.0850786
0.111691
0.106069
0.0674177
0.0489365
0.101034
0.138378
0.1088
0.0505725
0.0336621
0.0469824
0.0385964
0.01689
0.00356967
0.00178483
0
0
0
0
0
0
0
0
0
0
0
0
0
0
0
0
0
0
0
0
0
0
0
0
0
0
0
0
0
0
0
0
0
0
0
0
0
0
0.00142666
0.0076567
0.0280543
0.0462023
0.0773923
0.0904342
0.109128
0.172802
0.495481
0.774518
0.697434
0.486983
0.326689
0.324242
0.204596
0.0686519
0.0613321
0.0474295
0.0646039
0.0999239
0.113662
0.0956092
0.0729647
0.0707786
0.0686554
0.128142
0.181624
0.170498
0.0960541
0.0314343
0.0360717
0.0314421
0.0189087
0.0208502
0.0305375
0.0355804
0.0601495
0.0840457
0.109083
0.128616
0.172888
0.214962
0.242038
0.222671
0.243263
0.323383
2.22593
4.04801
3.95786
2.11012
0.259766
0.185095
0.0644737
0
0
0.00469747
0.728269
1.68753
1.99055
1.39585
0.530092
0.331381
0.352166
0.332935
0.229791
0.0859565
0.0279358
0.0370545
0.0593258
0.0799671
0.0831038
0.073794
0.050732
0.0440354
0.0511476
0.0621593
0.0570909
0.0356054
0.0292839
0.0440154
0.0465771
0.0375517
0.0311116
0.0292877
0.0198705
0.00619878
0.00673233
0.0114407
0.0104686
0.00478811
0
0
0
0
0
0
0
0
0
0
0
0
0
0
0
0
0
0
0
0
0
0
0
0
0
0
0
0
0
0
0
0
0
0
0
0
0
0
0.00197787
0.0110147
0.0269924
0.0603879
0.0778056
0.0618279
0.0868842
0.422285
0.737781
0.693393
0.344009
0.0537601
0.0667489
0.0755461
0.0632423
0.0481967
0.0494079
0.079414
0.109364
0.114201
0.0835356
0.0485243
0.0337725
0.0330328
0.0708227
0.102488
0.0973245
0.0593853
0.0246838
0.0333982
0.0375975
0.0280691
0.0264911
0.0383336
0.0536359
0.0529924
0.0397297
0.0519693
0.107957
0.165273
0.178368
0.212607
0.234727
0.2734
0.299512
0.914981
1.51374
1.44412
0.809651
0.184518
0.145817
0.0793502
0.0264196
0.0055225
0.189645
1.75752
3.29898
3.3752
1.96728
0.52584
0.434017
0.479516
0.45533
0.28593
0.0854032
0.0423728
0.0695532
0.0992037
0.106164
0.0879168
0.0681147
0.0372059
0.0435361
0.0597214
0.0634911
0.043705
0.0215697
0.0285303
0.0391727
0.0303544
0.0348811
0.049767
0.051308
0.0279394
0.00302985
0.0111534
0.0200734
0.019329
0.00966449
0
0
0
0
0
0
0
0
0
0
0
0
0
0
0
0
0
0
0
0
0
0
0
0
0
0
0
0
0
0
0
0
0
0
0
0
0
0
0
0.0324773
0.0809188
0.109124
0.088887
0.0404454
0.0460803
0.234238
0.407888
0.386942
0.208381
0.0851927
0.124064
0.124624
0.083325
0.0400787
0.0456757
0.0763595
0.0948652
0.0855868
0.0551283
0.0366304
0.0298209
0.0380646
0.0973533
0.144695
0.131632
0.0673932
0.011407
0.0198123
0.0387113
0.0542223
0.059012
0.0617604
0.0646458
0.0598148
0.0447381
0.0372252
0.0749643
0.11329
0.116724
0.140857
0.166734
0.19483
0.183929
0.211353
0.261129
0.228754
0.159854
0.120581
0.138169
0.17138
0.16778
0.130048
0.459325
2.15438
3.55816
3.30813
1.68877
0.37678
0.422982
0.463429
0.413573
0.233275
0.136679
0.184016
0.208904
0.181692
0.126746
0.0996438
0.0649738
0.0336147
0.0752739
0.113343
0.106647
0.0574227
0.0179299
0.0531782
0.085805
0.109622
0.128635
0.123831
0.0911965
0.0306104
0.00265897
0.0124117
0.020835
0.0195055
0.00975275
0
0
0
0
0
0
0
0
0
0
0
0
0
0
0
0
0
0
0
0
0
0
0
0
0
0
0
0
0
0
0
0
0
0
0
0
0
0
0.00130591
0.0614825
0.137435
0.158223
0.103057
0.0271049
0.0112886
0.0348287
0.0687158
0.0841611
0.0798769
0.106709
0.144715
0.135586
0.0783992
0.0219828
0.029992
0.0584951
0.0709262
0.0968393
0.110811
0.104133
0.0716006
0.0547363
0.115515
0.150948
0.123552
0.0586542
0.013965
0.021887
0.0475435
0.0842194
0.0994282
0.0875338
0.0730363
0.0753252
0.075013
0.0517239
0.042971
0.0455398
0.0448147
0.0545063
0.0667121
0.0873828
0.0934758
0.15044
0.21713
0.215152
0.15187
0.112878
0.138887
0.238493
0.293387
0.257927
0.572805
1.56023
2.23199
1.855
0.823262
0.229706
0.306996
0.438008
0.491149
0.373712
0.318753
0.314984
0.314001
0.221298
0.118027
0.102788
0.0634503
0.0387606
0.101564
0.149715
0.1329
0.0703237
0.0247647
0.105068
0.177276
0.239465
0.246615
0.186027
0.112846
0.0210825
0.00249958
0.00746422
0.0111791
0.00992928
0.00496464
0
0
0
0
0
0
0
0
0
0
0
0
0
0
0
0
0
0
0
0
0
0
0
0
0
0
0
0
0
0
0
0
0
0
0
0
0
0
0.00261182
0.0641132
0.133031
0.143179
0.0880178
0.0227079
0.00994773
0.0141026
0.033535
0.0566697
0.063506
0.0862285
0.460403
0.812408
0.803559
0.440793
0.0927544
0.0728839
0.0466017
0.109953
0.175364
0.176495
0.110274
0.0594383
0.0944985
0.0995841
0.0702352
0.0379452
0.0289757
0.03499
0.053976
0.0916673
0.113495
0.0946138
0.0732654
0.114482
0.162551
0.144683
0.0757495
0.0234264
0.0160244
0.0173403
0.0179588
0.0234235
0.0361349
0.100837
0.181732
0.214065
0.173921
0.120375
0.133369
0.250685
0.326102
0.287122
0.416531
0.559827
0.540496
0.269991
0.0290482
0.12121
0.197171
0.436564
0.618028
0.565266
0.470362
0.348721
0.330975
0.212638
0.0967273
0.0920546
0.0788695
0.0816222
0.126937
0.137584
0.0993032
0.0574371
0.0307875
0.126763
0.21102
0.278947
0.265294
0.172618
0.0915256
0.00580161
0.00268096
0.00428009
0.00378331
0.00168739
8.82617e-05
0
0
0
0
0
0
0
0
0
0
0
0
0
0
0
0
0
0
0
0
0
0
0
0
0
0
0
0
0
0
0
0
0
0
0
0
0
0
0.00261182
0.0350586
0.0667508
0.0662222
0.0412174
0.218765
0.418707
0.425032
0.244248
0.0636704
0.0578672
0.0560105
0.768937
1.49334
1.54363
0.881358
0.173408
0.10858
0.0516048
0.11861
0.191473
0.185088
0.107154
0.0476347
0.0627884
0.0567138
0.0376302
0.0281715
0.035759
0.0422778
0.0649596
0.0966669
0.105293
0.0737611
0.091416
0.212636
0.302932
0.254676
0.115494
0.0370757
0.0445721
0.0581149
0.0624904
0.0564041
0.0493382
0.0659093
0.113581
0.155893
0.14277
0.0891132
0.0993318
0.197196
0.255716
0.209141
0.158508
0.149591
0.133646
0.0626084
0.00979534
0.0919005
0.17063
0.585283
0.938804
0.903057
0.611827
0.292706
0.271586
0.167633
0.0745203
0.061507
0.0791329
0.106711
0.116492
0.082618
0.0328532
0.0250495
0.0266755
0.0965669
0.153292
0.192728
0.174281
0.105301
0.0526991
4.86904e-05
0.00323103
0.00646207
0.00646207
0.00323103
0
0
0
0
0
0
0
0
0
0
0
0
0
0
0
0
0
0
0
0
0
0
0
0
0
0
0
0
0
0
0
0
0
0
0
0
0
0
0
0.00130591
0.00340156
0.00512717
0.00475713
0.00995663
0.421421
0.826381
0.833723
0.451067
0.0635186
0.0513317
0.0389389
0.751035
1.48898
1.55422
0.898883
0.188522
0.125504
0.0729113
0.100929
0.247908
0.35003
0.297396
0.149968
0.0542099
0.0637725
0.0519739
0.0327157
0.02605
0.0302409
0.0566695
0.119672
0.156671
0.128405
0.151108
0.270155
0.351857
0.272182
0.112902
0.0500958
0.0779076
0.113204
0.135334
0.130309
0.101879
0.0643009
0.0615253
0.0886685
0.0944278
0.0646423
0.0837817
0.14
0.157286
0.109309
0.0677696
0.0724559
0.058209
0.0265409
0.150643
0.366862
0.445832
0.786838
1.0575
1.16321
0.893133
0.467985
0.31298
0.113226
0.0690511
0.0513031
0.0719826
0.0942035
0.0963459
0.0691896
0.0316381
0.0298911
0.0335547
0.061658
0.0720349
0.0693085
0.0552541
0.0325614
0.0162807
0
0.00344033
0.00688066
0.00688066
0.00344033
0
0
0
0
0
0
0
0
0
0
0
0
0
0
0
0
0
0
0
0
0
0
0
0
0
0
0
0
0
0
0
0
0
0
0
0
0
0
0
0
0.000799034
0.00206445
0.00253083
0.00549815
0.417967
0.82747
0.834097
0.443655
0.0465847
0.0393801
0.0391434
0.406188
0.783537
0.810367
0.495054
0.161034
0.1347
0.0924374
0.063153
0.292233
0.563648
0.594671
0.365291
0.106318
0.0804984
0.0703973
0.0388793
0.0183711
0.0124281
0.0381518
0.271324
0.483546
0.466903
0.316787
0.217199
0.249986
0.200083
0.120853
0.110976
0.132295
0.155734
0.18401
0.179045
0.14109
0.0968962
0.0868696
0.101574
0.109828
0.0865738
0.086036
0.107492
0.110768
0.0898814
0.0538037
0.0737387
0.0929934
0.0799984
0.333613
0.645211
0.719347
0.817107
0.843377
1.09447
1.06615
0.746647
0.450357
0.101106
0.056566
0.071669
0.109771
0.11761
0.101693
0.0791082
0.0632762
0.0505485
0.0528651
0.0679093
0.0525114
0.0279582
0.0169006
0.0169006
0.00942156
0.00194255
0.00387201
0.0048302
0.00385893
0.00192946
0
0
0
0
0
0
0
0
0
0
0
0
0
0
0
0
0
0
0
0
0
0
0
0
0
0
0
0
0
0
0
0
0
0
0
0
0
0
0
0
0.000418296
0.00390214
0.00696768
0.00670776
0.213553
0.42636
0.436037
0.235571
0.0277813
0.0272995
0.0360951
0.0441999
0.0649198
0.0755008
0.114459
0.147186
0.139229
0.0984225
0.0454083
0.283423
0.623596
0.714404
0.481624
0.16154
0.0852485
0.075123
0.0557333
0.0494583
0.0394728
0.0453862
0.389042
0.733343
0.724281
0.41445
0.125609
0.129311
0.133898
0.138614
0.167237
0.17244
0.175585
0.207414
0.200211
0.161459
0.134931
0.150871
0.163517
0.149767
0.106566
0.0742158
0.0582904
0.0578599
0.0715213
0.067418
0.126003
0.200187
0.203717
0.413368
0.643074
0.676758
0.62498
0.526432
0.809413
0.93309
0.749481
0.433701
0.0802767
0.0462714
0.0987588
0.148928
0.137076
0.0925634
0.0596205
0.063982
0.0553997
0.0674473
0.0880772
0.0858243
0.0646864
0.0511045
0.0417256
0.0220716
0.0123146
0.00513042
0.00339717
0.000936608
0.000209298
0
0
0
0
0
0
0
0
0
0
0
0
0
0
0
0
0
0
0
0
0
0
0
0
0
0
0
0
0
0
0
0
0
0
0
0
0
0
0
0
2.82552e-05
0.0055987
0.0111409
0.0113422
0.0123015
0.0244619
0.0356347
0.029105
0.0207087
0.0278181
0.0422733
0.0431463
0.0696282
0.100721
0.150962
0.177381
0.153842
0.0998788
0.0318607
0.150767
0.395885
0.505621
0.385207
0.166571
0.0814126
0.0839044
0.0865915
0.0918568
0.0798024
0.0628397
0.348119
0.650261
0.64362
0.345888
0.0778937
0.0948364
0.128233
0.144166
0.192838
0.224386
0.219096
0.214607
0.184641
0.177505
0.185519
0.294939
0.369202
0.326074
0.188367
0.0706104
0.0544923
0.070802
0.0947005
0.0833923
0.127536
0.222206
0.264898
0.33654
0.389014
0.378193
0.293159
0.193921
0.35619
0.602051
0.661951
0.469292
0.159632
0.0318094
0.0873826
0.139738
0.131564
0.0834286
0.0419402
0.0462606
0.046861
0.0615242
0.075587
0.0906769
0.089708
0.0864206
0.0670257
0.0336694
0.020744
0.00595715
0.0040146
0.00103602
0
0
0
0
0
0
0
0
0
0
0
0
0
0
0
0
0
0
0
0
0
0
0
0
0
0
0
0
0
0
0
0
0
0
0
0
0
0
0
0
0
0
0.00534589
0.0106918
0.0109926
0.0081745
0.0164581
0.0285124
0.0269374
0.0272132
0.0363633
0.050059
0.0506479
0.0750425
0.105983
0.132124
0.138753
0.115633
0.0784391
0.028191
0.0225822
0.106035
0.176069
0.170642
0.119354
0.0822481
0.100992
0.111806
0.108946
0.0931205
0.069781
0.184878
0.312335
0.303086
0.191529
0.110395
0.129015
0.122973
0.097517
0.171775
0.247117
0.24795
0.19901
0.155589
0.210141
0.25662
0.421088
0.520262
0.444401
0.238375
0.057352
0.0609006
0.0977281
0.122378
0.100426
0.0944305
0.158731
0.229831
0.212382
0.174744
0.160585
0.189695
0.20134
0.197654
0.389326
0.533478
0.476671
0.229174
0.0184083
0.0460686
0.0714982
0.0685488
0.0471322
0.027348
0.0305999
0.035512
0.0430597
0.0439493
0.0623453
0.078259
0.0877903
0.0681235
0.0367132
0.0260056
0.0107247
0.0061514
0.00103602
0
0
0
0
0
0
0
0
0
0
0
0
0
0
0
0
0
0
0
0
0
0
0
0
0
0
0
0
0
0
0
0
0
0
0
0
0
0
0
0
0
0
0.00267294
0.00995787
0.0152485
0.0132542
0.0116705
0.0142417
0.0157237
0.0215742
0.0290529
0.0377296
0.0664691
0.109692
0.145051
0.142146
0.121449
0.0997648
0.0681552
0.0430435
0.0359187
0.0563585
0.0656476
0.0606414
0.0961938
0.135769
0.157224
0.133402
0.0896555
0.069408
0.0497344
0.0411564
0.0357293
0.0329648
0.0705604
0.118661
0.123864
0.0858209
0.0455632
0.128681
0.212511
0.210308
0.180062
0.199846
0.308941
0.325432
0.402735
0.457302
0.385308
0.210953
0.0971122
0.165413
0.201309
0.169704
0.102365
0.0643362
0.0795104
0.14492
0.185531
0.227298
0.232636
0.226114
0.187968
0.140673
0.315719
0.466201
0.433389
0.226254
0.0384394
0.0355196
0.022182
0.0121945
0.0234165
0.045319
0.0583671
0.0579102
0.044405
0.0288309
0.0310936
0.0441649
0.070617
0.0746468
0.0584407
0.0377565
0.0144563
0.00725218
0.000518012
0
0
0
0
0
0
0
0
0
0
0
0
0
0
0
0
0
0
0
0
0
0
0
0
0
0
0
0
0
0
0
0
0
0
0
0
0
0
0
0
0
0
0
0.00922396
0.0195554
0.022439
0.0149911
0.00707535
0.00730561
0.0108267
0.0145934
0.0165871
0.0701311
0.129646
0.167886
0.164255
0.139678
0.121598
0.0780191
0.0663764
0.072684
0.0756006
0.0609181
0.0499789
0.117351
0.190402
0.215083
0.162346
0.0829455
0.0490967
0.0313047
0.0347527
0.0337339
0.0317733
0.0708347
0.11111
0.110791
0.0700056
0.0410123
0.105105
0.152584
0.130853
0.154429
0.249657
0.367097
0.331661
0.276523
0.261877
0.214198
0.12977
0.139357
0.255033
0.273294
0.188126
0.0898873
0.0721168
0.0675446
0.101544
0.146662
0.206975
0.223776
0.18923
0.123532
0.0681289
0.161202
0.249991
0.243325
0.156607
0.0786407
0.0713672
0.0428266
0.0182402
0.0356917
0.0788363
0.129091
0.138397
0.0974474
0.0456529
0.00918114
0.0164117
0.0550141
0.0829925
0.0785846
0.0442458
0.0134203
0.00621616
0
0
0
0
0
0
0
0
0
0
0
0
0
0
0
0
0
0
0
0
0
0
0
0
0
0
0
0
0
0
0
0
0
0
0
0
0
0
0
0
0
0
0
0
0.00922396
0.0196064
0.024317
0.0186452
0.00972565
0.00787422
0.0278634
0.0485454
0.0571897
0.10126
0.149268
0.186024
0.178008
0.147305
0.123026
0.0785808
0.0775713
0.10188
0.103382
0.0755149
0.046511
0.0990341
0.172776
0.202896
0.163394
0.0918158
0.0525233
0.0321657
0.0384238
0.0418384
0.0402437
0.0705238
0.126971
0.148878
0.106009
0.0539751
0.0607908
0.0772988
0.0593588
0.119695
0.244034
0.339332
0.288961
0.169542
0.106019
0.0692884
0.0484413
0.122936
0.227147
0.23375
0.151275
0.068994
0.0700279
0.0614767
0.0738562
0.102882
0.134633
0.141139
0.116022
0.0804313
0.052656
0.0516766
0.0509925
0.0510289
0.0766962
0.11087
0.119833
0.0921847
0.0490354
0.0540542
0.106586
0.197263
0.219837
0.152342
0.0630235
0.00633679
0.0181152
0.0571072
0.0850216
0.0764429
0.0374549
0.00691672
0.00310808
0
0
0
0
0
0
0
0
0
0
0
0
0
0
0
0
0
0
0
0
0
0
0
0
0
0
0
0
0
0
0
0
0
0
0
0
0
0
0
0
0
0
0
0
0.00461198
0.0100164
0.014361
0.0137944
0.00913842
0.00644518
0.0491757
0.0938071
0.115163
0.127123
0.133882
0.151826
0.138334
0.136641
0.138864
0.113035
0.100181
0.106956
0.107448
0.0773482
0.0370771
0.0518509
0.0988404
0.133614
0.125518
0.0816962
0.0443565
0.0244925
0.0311546
0.0457826
0.0585791
0.0780939
0.13643
0.173457
0.140733
0.0690786
0.0388615
0.0781777
0.0939567
0.116019
0.166952
0.225206
0.218393
0.157123
0.115892
0.0891491
0.0588224
0.089799
0.152064
0.155356
0.0982195
0.0411689
0.0474448
0.04292
0.0458234
0.0578468
0.0612475
0.0733529
0.189451
0.303253
0.288671
0.156378
0.0353277
0.0303713
0.0610219
0.105471
0.140073
0.133205
0.0911658
0.0971759
0.153888
0.237973
0.237068
0.149768
0.0599882
0.00681246
0.0131282
0.0323111
0.0455916
0.0383343
0.0157451
0.000413158
0
0
0
0
0
0
0
0
0
0
0
0
0
0
0
0
0
0
0
0
0
0
0
0
0
0
0
0
0
0
0
0
0
0
0
0
0
0
0
0
0
0
0
0
0
0
0.000225034
0.0190985
0.0391712
0.0403705
0.0221951
0.0492901
0.10092
0.129813
0.116487
0.0875739
0.0880205
0.0839122
0.11917
0.150535
0.144158
0.125949
0.111231
0.104011
0.0665364
0.0212748
0.0102723
0.249794
0.499932
0.5111
0.272156
0.0266547
0.0175474
0.0272062
0.0489387
0.0686854
0.0777237
0.120995
0.163549
0.157066
0.0942987
0.0446788
0.0937549
0.133859
0.116769
0.0951834
0.123025
0.162291
0.141592
0.0992265
0.0747742
0.0559141
0.0691918
0.106675
0.115127
0.0746111
0.0373863
0.044805
0.0499234
0.0403295
0.032229
0.0353869
0.0722746
0.324069
0.559285
0.541579
0.282954
0.0365105
0.0144302
0.030962
0.0678425
0.114464
0.13219
0.113408
0.130004
0.17429
0.206291
0.164049
0.081879
0.0323119
0.00870192
0.00849341
0.00594475
0.00375965
0.00263162
0.000958373
0.000413158
0
0
0
0
0
0
0
0
0
0
0
0
0
0
0
0
0
0
0
0
0
0
0
0
0
0
0
0
0
0
0
0
0
0
0
0
0
0
0
0
0
0
0
0
0
0
2.3658e-05
0.0337922
0.0704112
0.0749475
0.0428648
0.0305703
0.0635038
0.0890192
0.0850472
0.0617093
0.0751493
0.0975817
0.140778
0.162438
0.145571
0.24646
0.337508
0.322696
0.169464
0.0161155
0.010074
0.462772
0.92166
0.922841
0.465134
0.0164337
0.0233184
0.0405379
0.0602659
0.0680321
0.075514
0.102348
0.134986
0.185669
0.207035
0.185049
0.170656
0.151612
0.138463
0.11847
0.113
0.120367
0.0876162
0.0510979
0.0396003
0.048592
0.0952112
0.150474
0.157353
0.0946986
0.0451478
0.0471227
0.0571646
0.0447176
0.0310975
0.0359961
0.0687012
0.315813
0.55162
0.544773
0.296023
0.0497999
0.0231513
0.0250634
0.0432437
0.0719476
0.090155
0.0917735
0.116218
0.143898
0.131139
0.0717681
0.0145331
0.00992719
0.0165303
0.0198472
0.0168199
0.0101662
0.00565709
0.000677273
0.000206579
0
0
0
0
0
0
0
0
0
0
0
0
0
0
0
0
0
0
0
0
0
0
0
0
0
0
0
0
0
0
0
0
0
0
0
0
0
0
0
0
0
0
0
0
0
0
1.1829e-05
0.0337685
0.101099
0.139264
0.110417
0.0446844
0.0209567
0.0342736
0.0415221
0.0320456
0.0560311
0.0937109
0.123651
0.123705
0.100759
0.33015
0.541457
0.535707
0.289235
0.047128
0.0464017
0.495632
1.11236
1.26202
0.794962
0.186983
0.0446139
0.0673641
0.0764535
0.0651348
0.0803324
0.0978201
0.156303
0.287764
0.389973
0.363942
0.224298
0.120841
0.119924
0.136477
0.129229
0.101788
0.0584602
0.0278021
0.0171938
0.0431326
0.0955405
0.142325
0.136683
0.0776885
0.044871
0.044555
0.0549079
0.0499178
0.0424411
0.0458814
0.0537214
0.167995
0.284222
0.2872
0.174139
0.0569256
0.0471245
0.0440037
0.0379336
0.0341221
0.0351173
0.0436019
0.0660434
0.0790362
0.0635915
0.0289273
0.0341215
0.0817524
0.0974285
0.0740901
0.0353295
0.019391
0.00995963
0.000264116
0
0
0
0
0
0
0
0
0
0
0
0
0
0
0
0
0
0
0
0
0
0
0
0
0
0
0
0
0
0
0
0
0
0
0
0
0
0
0
0
0
0
0
0
0
0
0
0
0.0168724
0.0965926
0.166221
0.157787
0.0801052
0.0174412
0.0206442
0.0297571
0.0288861
0.0504239
0.0775323
0.0867216
0.0714977
0.0488244
0.278969
0.498608
0.510175
0.291899
0.0787282
0.0844972
0.317296
0.879328
1.18141
0.921458
0.359056
0.0514474
0.0738561
0.0830835
0.126802
0.202076
0.212296
0.243111
0.352755
0.46028
0.40126
0.193934
0.0642486
0.0765607
0.12532
0.135194
0.096308
0.0475482
0.0257867
0.0215215
0.0620778
0.102581
0.113234
0.0839069
0.0353167
0.0248877
0.0263285
0.0373434
0.0442628
0.0452297
0.0444963
0.0339411
0.0272269
0.0281637
0.0328905
0.0430909
0.0485051
0.0547547
0.0562185
0.0431755
0.0269134
0.0137852
0.0124146
0.0209658
0.0275624
0.0256182
0.0139641
0.0739808
0.165022
0.185729
0.123197
0.0400799
0.0192361
0.00969551
0.000132058
0
0
0
0
0
0
0
0
0
0
0
0
0
0
0
0
0
0
0
0
0
0
0
0
0
0
0
0
0
0
0
0
0
0
0
0
0
0
0
0
0
0
0
0
0
0
0
0
0
0.0613978
0.128862
0.139567
0.0832842
0.0196539
0.0148346
0.0186613
0.0215345
0.030151
0.042237
0.0520388
0.0520602
0.0410609
0.142328
0.240386
0.271893
0.196712
0.112801
0.110348
0.112559
0.461503
0.769405
0.727304
0.367558
0.0437832
0.0623515
0.0828825
0.192838
0.313394
0.306125
0.266844
0.276234
0.328926
0.334921
0.257094
0.187639
0.133904
0.118061
0.160853
0.146096
0.0885486
0.0522838
0.047023
0.0875143
0.110149
0.0922924
0.0522515
0.0126505
0.00943537
0.0105638
0.0156813
0.0251652
0.0323422
0.0320237
0.0256546
0.0291243
0.0299171
0.0238022
0.0232416
0.0275789
0.0734886
0.114636
0.109873
0.0619066
0.00909496
0.000934196
0.0152247
0.0302108
0.0309115
0.0166262
0.081035
0.174725
0.190868
0.116407
0.0257981
0.00964974
0.0047157
0
0
0
0
0
0
0
0
0
0
0
0
0
0
0
0
0
0
0
0
0
0
0
0
0
0
0
0
0
0
0
0
0
0
0
0
0
0
0
0
0
0
0
0
0
0
0
0
0
0
0.0301927
0.0635469
0.0751193
0.0541686
0.0283589
0.0245238
0.0198324
0.0164015
0.0111875
0.0175506
0.0298762
0.0373818
0.0311231
0.0167716
0.0291616
0.094433
0.142865
0.141304
0.100434
0.0960738
0.29789
0.46517
0.427622
0.212794
0.0334794
0.0464448
0.0715771
0.185068
0.290673
0.277887
0.197262
0.161003
0.202683
0.317466
0.373324
0.318849
0.206208
0.146268
0.221187
0.218144
0.145897
0.106663
0.100276
0.114483
0.126473
0.116433
0.0900547
0.0439994
0.0198778
0.0186015
0.0156364
0.0143598
0.0179443
0.0198933
0.02033
0.0300298
0.0344604
0.032918
0.02801
0.0211547
0.090773
0.16771
0.174167
0.0984905
0.0138119
0.005429
0.0206537
0.0330446
0.0435311
0.0416267
0.0747337
0.114206
0.107433
0.0603731
0.00676584
0.000218336
0
0
0
0
0
0
0
0
0
0
0
0
0
0
0
0
0
0
0
0
0
0
0
0
0
0
0
0
0
0
0
0
0
0
0
0
0
0
0
0
0
0
0
0
0
0
0
0
0
0
0
0
0.000971273
0.0111455
0.0217561
0.028906
0.0274929
0.0192498
0.0120357
0.007734
0.0173145
0.027882
0.0284603
0.0181512
0.055951
0.146876
0.230434
0.223579
0.136414
0.0635458
0.0594679
0.105717
0.14497
0.134063
0.0790157
0.0382083
0.0285725
0.0460269
0.101061
0.162181
0.175376
0.118426
0.119788
0.193381
0.357014
0.433608
0.353395
0.251652
0.191961
0.242076
0.228479
0.213199
0.24828
0.25904
0.224545
0.213472
0.215631
0.191966
0.125246
0.0677958
0.0492082
0.0269081
0.0210814
0.0175567
0.0146591
0.0160675
0.0271214
0.0336932
0.0429028
0.0446613
0.0329685
0.0917578
0.163981
0.173694
0.0974938
0.0143887
0.0089896
0.0294034
0.0489927
0.0748089
0.0810358
0.0657666
0.0424022
0.0158707
0.00809909
0.000218336
0.000109168
0
0
0
0
0
0
0
0
0
0
0
0
0
0
0
0
0
0
0
0
0
0
0
0
0
0
0
0
0
0
0
0
0
0
0
0
0
0
0
0
0
0
0
0
0
0
0
0
0
0
0
0
0
0.00622256
0.0140753
0.0190622
0.0182676
0.012486
0.00779261
0.00653061
0.013348
0.0196335
0.0181454
0.0103718
0.102341
0.251418
0.325764
0.252322
0.105118
0.0451584
0.0590913
0.101642
0.155066
0.163088
0.115988
0.0552307
0.0175053
0.0208471
0.0164336
0.0524938
0.101295
0.109364
0.154833
0.229836
0.331181
0.340009
0.262163
0.22596
0.202339
0.19386
0.164606
0.23101
0.357094
0.413789
0.362451
0.314253
0.290513
0.242468
0.172889
0.107018
0.0745391
0.0372387
0.030303
0.0196899
0.0100971
0.0090976
0.0207364
0.0312285
0.0470732
0.0550673
0.0467935
0.0674441
0.0960442
0.0982781
0.0549209
0.0102486
0.0080554
0.0354248
0.0675086
0.0988635
0.103574
0.0739689
0.0387193
0.00663949
0.00060018
0
0
0
0
0
0
0
0
0
0
0
0
0
0
0
0
0
0
0
0
0
0
0
0
0
0
0
0
0
0
0
0
0
0
0
0
0
0
0
0
0
0
0
0
0
0
0
0
0
0
0
0
0
0
0
0.00213126
0.00534867
0.00643483
0.00617327
0.00482556
0.0037394
0.00380588
0.00673093
0.010001
0.00939605
0.00552096
0.1008
0.233471
0.272175
0.184943
0.0594255
0.0441153
0.0670627
0.0914038
0.136496
0.152179
0.122758
0.0588439
0.0137492
0.012791
0.00905988
0.0933156
0.185357
0.192475
0.170198
0.183018
0.218115
0.18642
0.144932
0.157206
0.14955
0.13917
0.161759
0.277694
0.383171
0.419929
0.396401
0.335276
0.348408
0.344623
0.291723
0.177995
0.11896
0.126599
0.117233
0.117176
0.119654
0.121519
0.0794228
0.0346831
0.0438348
0.0473076
0.0445274
0.0347954
0.0226808
0.0154446
0.00852788
0.00403517
0.0035606
0.0326966
0.0692615
0.0900106
0.0850732
0.0582065
0.0362772
0.0120786
0.00060018
0
0
0
0
0
0
0
0
0
0
0
0
0
0
0
0
0
0
0
0
0
0
0
0
0
0
0
0
0
0
0
0
0
0
0
0
0
0
0
0
0
0
0
0
0
0
0
0
0
0
0
0
0
0
0
0
0.000319624
0.000639249
0.00228398
0.00360908
0.00328945
0.00164473
0.006195
0.01239
0.013216
0.00821323
0.0516589
0.111292
0.123623
0.0888193
0.0454753
0.0608322
0.0702589
0.0683515
0.0837249
0.104556
0.108317
0.0700769
0.0286352
0.0122811
0.0103043
0.115938
0.221848
0.232763
0.165461
0.118405
0.136669
0.124125
0.122775
0.120236
0.0907944
0.136593
0.23002
0.315974
0.297856
0.25197
0.259278
0.223785
0.31555
0.421568
0.426734
0.276349
0.189027
0.237196
0.219935
0.221998
0.230379
0.237843
0.141413
0.0429239
0.0538015
0.0577992
0.0534549
0.0360977
0.017228
0.00797578
0.0046562
0.00193604
0
0.0172688
0.0391422
0.0439784
0.0378194
0.0271244
0.0225883
0.0114784
0.00030009
0
0
0
0
0
0
0
0
0
0
0
0
0
0
0
0
0
0
0
0
0
0
0
0
0
0
0
0
0
0
0
0
0
0
0
0
0
0
0
0
0
0
0
0
0
0
0
0
0
0
0
0
0
0
0
0
0
0
0.0016536
0.0033072
0.0033072
0.0016536
0.0182579
0.0365159
0.0420916
0.030142
0.0126807
0.0140059
0.0152414
0.0276514
0.0398048
0.052583
0.0567779
0.0485908
0.0422155
0.0594694
0.0805103
0.0729296
0.0409451
0.0113977
0.0180217
0.105131
0.181649
0.192629
0.144383
0.0997692
0.0925026
0.0868939
0.109087
0.114582
0.0817654
0.139505
0.244803
0.269248
0.177493
0.0826543
0.0952925
0.0989365
0.230739
0.409701
0.472558
0.341043
0.244865
0.271278
0.238333
0.22938
0.230153
0.241222
0.14406
0.0473184
0.0670123
0.076189
0.0646487
0.0434382
0.0335092
0.0732636
0.103672
0.0875639
0.0399609
0.00270081
0.00540162
0.00586486
0.00906642
0.0118047
0.0113415
0.00543913
0
0
0
0
0
0
0
0
0
0
0
0
0
0
0
0
0
0
0
0
0
0
0
0
0
0
0
0
0
0
0
0
0
0
0
0
0
0
0
0
0
0
0
0
0
0
0
0
0
0
0
0
0
0
0
0
0
0
0
0.000863614
0.00183211
0.001937
0.0141803
0.0562552
0.0867739
0.125951
0.137154
0.109308
0.0614911
0.0115836
0.0334086
0.0587601
0.0616191
0.0514767
0.0383826
0.0430015
0.0974434
0.149271
0.146462
0.0793469
0.0118736
0.0217842
0.0691477
0.105746
0.117523
0.0985966
0.0673078
0.0371063
0.054984
0.1071
0.122826
0.0852871
0.11012
0.182032
0.231858
0.208506
0.133822
0.0890301
0.047724
0.122223
0.260954
0.349272
0.306095
0.236804
0.205509
0.162951
0.134925
0.140057
0.168508
0.125212
0.0627402
0.0628401
0.0745592
0.0623552
0.0533323
0.0620023
0.17033
0.25541
0.226005
0.111519
0.00469826
0
0.000463238
0.000926476
0.000926476
0.000463238
0
0
0
0
0
0
0
0
0
0
0
0
0
0
0
0
0
0
0
0
0
0
0
0
0
0
0
0
0
0
0
0
0
0
0
0
0
0
0
0
0
0
0
0
0
0
0
0
0
0
0
0
0
0
0
0
0
0
0
0
6.47516e-05
0.000339272
0.000682244
0.0269645
0.0810266
0.110181
0.178077
0.226529
0.209809
0.138783
0.0563528
0.0802799
0.0982959
0.0873125
0.0739447
0.062488
0.0795401
0.156742
0.224738
0.211946
0.112668
0.0180385
0.0235869
0.0391077
0.0523226
0.0714971
0.102341
0.111664
0.0741021
0.0744985
0.10071
0.113311
0.0831397
0.0939077
0.137019
0.227142
0.283313
0.245995
0.147424
0.0354064
0.043636
0.126033
0.213288
0.225683
0.174797
0.115033
0.0928108
0.0624008
0.071524
0.102232
0.101676
0.0742561
0.0473242
0.0545066
0.0471466
0.0661334
0.098784
0.225838
0.321589
0.283591
0.147889
0.0118058
4.55396e-05
0.000277158
0.000486008
0.000463238
0.000231619
0
0
0
0
0
0
0
0
0
0
0
0
0
0
0
0
0
0
0
0
0
0
0
0
0
0
0
0
0
0
0
0
0
0
0
0
0
0
0
0
0
0
0
0
0
0
0
0
0
0
0
0
0
0
0
0
0
0
0
0
3.23758e-05
0.00027452
0.000750696
0.0272572
0.0679181
0.0834467
0.146401
0.219135
0.234173
0.311295
0.365361
0.377636
0.253689
0.10041
0.0812114
0.0694175
0.0853506
0.155789
0.221631
0.216808
0.162705
0.104425
0.0925775
0.0610743
0.0479629
0.0908947
0.161373
0.183405
0.147715
0.128713
0.12281
0.113707
0.0724475
0.103839
0.156262
0.306882
0.418028
0.372913
0.209131
0.036897
0.0766482
0.177013
0.234174
0.196941
0.124282
0.116888
0.158545
0.164048
0.158465
0.140004
0.112049
0.0742933
0.0425132
0.0412444
0.0348922
0.0680695
0.10554
0.184143
0.23683
0.203537
0.113486
0.0149832
0.000859097
0.000475088
4.55396e-05
0
0
0
0
0
0
0
0
0
0
0
0
0
0
0
0
0
0
0
0
0
0
0
0
0
0
0
0
0
0
0
0
0
0
0
0
0
0
0
0
0
0
0
0
0
0
0
0
0
0
0
0
0
0
0
0
0
0
0
0
0
0
0
0.000104884
0.000476175
0.0139668
0.0300382
0.033306
0.0729922
0.16016
0.212836
0.450923
0.646608
0.624486
0.361044
0.0774842
0.062559
0.0587817
0.0642743
0.099867
0.138856
0.158415
0.192769
0.20039
0.166784
0.0845293
0.0613637
0.140075
0.223349
0.221999
0.177133
0.157098
0.155431
0.137308
0.0803082
0.0878503
0.111936
0.275079
0.413333
0.403938
0.250996
0.0831896
0.122609
0.207698
0.239442
0.168149
0.0845
0.138775
0.255572
0.29313
0.233496
0.132749
0.0844367
0.0583057
0.0579776
0.0622986
0.0523457
0.0702152
0.0865334
0.0974553
0.0908838
0.0663255
0.0441037
0.0124447
0.00232299
0.000859097
4.55396e-05
0
0
0
0
0
0
0
0
0
0
0
0
0
0
0
0
0
0
0
0
0
0
0
0
0
0
0
0
0
0
0
0
0
0
0
0
0
0
0
0
0
0
0
0
0
0
0
0
0
0
0
0
0
0
0
0
0
0
0
0
0
0
0
0
0.000133203
0.000383692
0.000500978
0.000367774
0.0284075
0.116807
0.180195
0.424852
0.619346
0.574412
0.344738
0.104231
0.0987183
0.0757498
0.046432
0.0523145
0.0644048
0.106166
0.191794
0.226946
0.175623
0.107204
0.14008
0.235361
0.256016
0.208174
0.179618
0.188811
0.191115
0.154419
0.0944506
0.069339
0.0637404
0.18818
0.307709
0.341703
0.254448
0.131271
0.12857
0.15199
0.166895
0.118336
0.140353
0.292652
0.41764
0.386776
0.224243
0.0901601
0.0453203
0.0320534
0.0525611
0.0685735
0.0674441
0.0731894
0.0696626
0.0562977
0.0320515
0.0105803
0.0097064
0.00679645
0.00297332
0.000813558
2.27698e-05
0
0
0
0
0
0
0
0
0
0
0
0
0
0
0
0
0
0
0
0
0
0
0
0
0
0
0
0
0
0
0
0
0
0
0
0
0
0
0
0
0
0
0
0
0
0
0
0
0
0
0
0
0
0
0
0
0
0
0
0
0
0
0
0
0
5.86429e-05
0.000117286
0.000117286
0.0350291
0.114202
0.159329
0.252106
0.30637
0.273085
0.218907
0.153904
0.150132
0.0983754
0.0465056
0.060922
0.0792269
0.121567
0.170841
0.163879
0.105827
0.0949716
0.197356
0.283972
0.235047
0.160061
0.153316
0.172118
0.151577
0.111503
0.0935463
0.0841986
0.0725795
0.143593
0.217247
0.251738
0.226027
0.153462
0.115202
0.0742775
0.0684712
0.0695006
0.213718
0.416405
0.480418
0.34876
0.13785
0.050232
0.0272074
0.0156517
0.0292179
0.0558357
0.0705969
0.071542
0.0567084
0.0421465
0.0263179
0.00932336
0.0047301
0.0036867
0.00215976
0.000384009
0
0
0
0
0
0
0
0
0
0
0
0
0
0
0
0
0
0
0
0
0
0
0
0
0
0
0
0
0
0
0
0
0
0
0
0
0
0
0
0
0
0
0
0
0
0
0
0
0
0
0
0
0
0
0
0
0
0
0
0
0
0
0
0
0
0
0
0
0
0.0241655
0.0653391
0.0832124
0.0599122
0.0187385
0.00347976
0.0726773
0.140126
0.14498
0.0979539
0.0488004
0.0604755
0.076651
0.103109
0.107796
0.0719192
0.0301178
0.0657197
0.176473
0.229666
0.175141
0.128725
0.145269
0.154519
0.105808
0.0716445
0.0872079
0.109739
0.106781
0.112005
0.120845
0.122213
0.138875
0.123806
0.0984839
0.0581131
0.0468947
0.0676631
0.222002
0.374001
0.370829
0.211833
0.0452532
0.024826
0.0185679
0.0122125
0.0162984
0.040427
0.0558246
0.0574217
0.0502163
0.0391975
0.0257587
0.00934507
0.00255402
0.00152694
0.000695872
0
0
0
0
0
0
0
0
0
0
0
0
0
0
0
0
0
0
0
0
0
0
0
0
0
0
0
0
0
0
0
0
0
0
0
0
0
0
0
0
0
0
0
0
0
0
0
0
0
0
0
0
0
0
0
0
0
0
0
0
0
0
0
0
0
0
0
0
0
0
0.00668028
0.0133606
0.0137932
0.00761537
0.00100494
0.000572314
0.0349195
0.0696994
0.0764842
0.0585165
0.0362988
0.0409892
0.0499077
0.0615262
0.0610723
0.041828
0.0224999
0.0441532
0.091492
0.129229
0.125813
0.116046
0.127549
0.126606
0.0909416
0.0648466
0.0732964
0.097792
0.0939861
0.101445
0.120028
0.104137
0.0910245
0.0747134
0.0794228
0.0614352
0.0429558
0.0527799
0.12723
0.186683
0.165752
0.0816692
0.0214915
0.0340781
0.0310395
0.0231068
0.019353
0.0291371
0.0306985
0.0285128
0.0291868
0.0247999
0.0166925
0.00585057
0.000581138
6.75962e-05
0
0
0
0
0
0
0
0
0
0
0
0
0
0
0
0
0
0
0
0
0
0
0
0
0
0
0
0
0
0
0
0
0
0
0
0
0
0
0
0
0
0
0
0
0
0
0
0
0
0
0
0
0
0
0
0
0
0
0
0
0
0
0
0
0
0
0
0
0
0
0
0
0
0
0.000139689
0.000279377
0.000279377
0.00249753
0.00471569
0.0116276
0.0191369
0.0220766
0.0189707
0.01603
0.0178953
0.0202419
0.0206934
0.0186467
0.0221738
0.0283565
0.0700458
0.115684
0.120357
0.0970525
0.07005
0.06028
0.0550845
0.0521958
0.0573313
0.0455039
0.0675486
0.103116
0.100437
0.0700988
0.0432247
0.0522005
0.043768
0.0318394
0.0331671
0.0327013
0.0259823
0.0204196
0.0204175
0.0335863
0.0407906
0.034324
0.0274844
0.0228334
0.0242921
0.0163194
0.0102442
0.0128705
0.0124032
0.00738493
0.00153371
0
0
0
0
0
0
0
0
0
0
0
0
0
0
0
0
0
0
0
0
0
0
0
0
0
0
0
0
0
0
0
0
0
0
0
0
0
0
0
0
0
0
0
0
0
0
0
0
0
0
0
0
0
0
0
0
0
0
0
0
0
0
0
0
0
0
0
0
0
0
0
0
0
0
0
0
0.000139689
0.000279377
0.000279377
0.00263691
0.00499444
0.00887711
0.0102626
0.0101077
0.0100311
0.00761212
0.00660901
0.00765835
0.0111734
0.0131731
0.166168
0.325243
0.374002
0.275301
0.128454
0.0891164
0.0457786
0.0345724
0.0279201
0.041526
0.059709
0.0536007
0.0694684
0.0942041
0.101943
0.0619995
0.0210268
0.0220023
0.0197243
0.0239637
0.0313835
0.035942
0.0310454
0.0286479
0.0334071
0.0384416
0.035534
0.0257826
0.0204044
0.0160831
0.0138211
0.0070236
0.00225063
0.0034702
0.0033222
0.0015871
0
0
0
0
0
0
0
0
0
0
0
0
0
0
0
0
0
0
0
0
0
0
0
0
0
0
0
0
0
0
0
0
0
0
0
0
0
0
0
0
0
0
0
0
0
0
0
0
0
0
0
0
0
0
0
0
0
0
0
0
0
0
0
0
0
0
0
0
0
0
0
0
0
0
0
0
0
6.98443e-05
0.000139689
0.000139689
0.00152752
0.00291535
0.0038851
0.00339719
0.00311067
0.00404395
0.00380606
0.00476713
0.00691178
0.00809539
0.00733114
0.307083
0.620314
0.657672
0.390795
0.0878297
0.0518926
0.0182785
0.0096342
0.011867
0.0559196
0.0976413
0.0949166
0.077766
0.0676486
0.0779937
0.0595055
0.0335679
0.0258855
0.0160118
0.0194734
0.0306937
0.0359307
0.0319212
0.0291728
0.0330709
0.0299113
0.0457692
0.0626808
0.0593288
0.0316748
0.00378017
0.00169776
0.000123704
0.000123704
6.18522e-05
0
0
0
0
0
0
0
0
0
0
0
0
0
0
0
0
0
0
0
0
0
0
0
0
0
0
0
0
0
0
0
0
0
0
0
0
0
0
0
0
0
0
0
0
0
0
0
0
0
0
0
0
0
0
0
0
0
0
0
0
0
0
0
0
0
0
0
0
0
0
0
0
0
0
0
0
0
0
0
0
0
0.000278751
0.000557502
0.00140759
0.00197892
0.00176291
0.00097556
0.000125473
0.00298798
0.00616522
0.00647996
0.00398456
0.301578
0.61266
0.627942
0.337972
0.0339894
0.0210662
0.0135113
0.0096342
0.0132163
0.0598824
0.10404
0.102264
0.0635803
0.0314662
0.0404771
0.0443966
0.0390549
0.0283293
0.0147975
0.0124596
0.0195463
0.0221328
0.0206093
0.0185727
0.0212377
0.0195551
0.0643345
0.109701
0.105377
0.0528271
0.000530891
0.000159574
0
0
0
0
0
0
0
0
0
0
0
0
0
0
0
0
0
0
0
0
0
0
0
0
0
0
0
0
0
0
0
0
0
0
0
0
0
0
0
0
0
0
0
0
0
0
0
0
0
0
0
0
0
0
0
0
0
0
0
0
0
0
0
0
0
0
0
0
0
0
0
0
0
0
0
0
0
0
0
0
0
0
0
0
0.000139376
0.000278751
0.000765696
0.00111326
0.00109936
0.000737891
0.000250946
0.00383211
0.0108834
0.0150042
0.0119482
0.153959
0.303662
0.309081
0.162016
0.00951658
0.00484092
0.004372
0.0048171
0.00795737
0.033904
0.0584683
0.0600572
0.0413829
0.0248482
0.0283902
0.0317818
0.0304594
0.0224278
0.0114546
0.00563677
0.00645099
0.00582833
0.006279
0.00693918
0.0104911
0.0117447
0.0599453
0.107104
0.103034
0.0518042
0.000371316
7.97872e-05
0
0
0
0
0
0
0
0
0
0
0
0
0
0
0
0
0
0
0
0
0
0
0
0
0
0
0
0
0
0
0
0
0
0
0
0
0
0
0
0
0
0
0
0
0
0
0
0
0
0
0
0
0
0
0
0
0
0
0
0
0
0
0
0
0
0
0
0
0
0
0
0
0
0
0
0
0
0
0
0
0
0
0
0
0
0
0.000243472
0.000486944
0.000612418
0.000494418
0.000250946
0.00315088
0.012519
0.0202885
0.0185643
0.00907075
0.00130129
0
0.000502314
0.00389983
0.00679501
0.0062927
0.00289519
0.00134924
0.00396279
0.00649705
0.0105032
0.0126507
0.0121241
0.00963164
0.00975616
0.0113353
0.0087312
0.00752258
0.00867761
0.00951042
0.00583346
0.00320872
0.00423421
0.00721948
0.00817582
0.0317574
0.0544885
0.051521
0.0258223
0.000105871
0
0
0
0
0
0
0
0
0
0
0
0
0
0
0
0
0
0
0
0
0
0
0
0
0
0
0
0
0
0
0
0
0
0
0
0
0
0
0
0
0
0
0
0
0
0
0
0
0
0
0
0
0
0
0
0
0
0
0
0
0
0
0
0
0
0
0
0
0
0
0
0
0
0
0
0
0
0
0
0
0
0
0
0
0
0
0
0
0
6.27366e-05
0.000125473
0.000125473
0.00162552
0.00943638
0.0170485
0.016787
0.00891338
0.00130129
0
0.00100463
0.00779965
0.01359
0.0125854
0.00664168
0.00270737
0.00450908
0.00545405
0.00867133
0.0116757
0.0115813
0.00857583
0.00563861
0.00482359
0.00288514
0.00735881
0.0133469
0.0137633
0.0074208
0.00129625
0.00150088
0.00299351
0.0037798
0.00307344
0.00158081
4.40861e-05
0
0
0
0
0
0
0
0
0
0
0
0
0
0
0
0
0
0
0
0
0
0
0
0
0
0
0
0
0
0
0
0
0
0
0
0
0
0
0
0
0
0
0
0
0
0
0
0
0
0
0
0
0
0
0
0
0
0
0
0
0
0
0
0
0
0
0
0
0
0
0
0
0
0
0
0
0
0
0
0
0
0
0
0
0
0
0
0
0
0
0
0
0
0
0.000781392
0.00471819
0.00852424
0.00839349
0.00445669
0.000650643
0
0.00100463
0.00779965
0.01359
0.0125854
0.00749299
0.00541475
0.00901817
0.0107613
0.0126089
0.0141776
0.0141356
0.0127116
0.0105865
0.00803374
0.00389805
0.00685638
0.0120108
0.0120108
0.00600542
0.00037522
0.00075044
0.00075044
0.00037522
0
0
0
0
0
0
0
0
0
0
0
0
0
0
0
0
0
0
0
0
0
0
0
0
0
0
0
0
0
0
0
0
0
0
0
0
0
0
0
0
0
0
0
0
0
0
0
0
0
0
0
0
0
0
0
0
0
0
0
0
0
0
0
0
0
0
0
0
0
0
0
0
0
0
0
0
0
0
0
0
0
0
0
0
0
0
0
0
0
0
0
0
0
0
0
0
0
0
0
0
0
0
0
0
0.000502314
0.00389983
0.00679501
0.0062927
0.0045978
0.00541475
0.00901817
0.0107123
0.011031
0.0111196
0.0111266
0.0112315
0.0105865
0.00803374
0.00389805
0.00385367
0.00600542
0.00600542
0.00300271
0
0
0
0
0
0
0
0
0
0
0
0
0
0
0
0
0
0
0
0
0
0
0
0
0
0
0
0
0
0
0
0
0
0
0
0
0
0
0
0
0
0
0
0
0
0
0
0
0
0
0
0
0
0
0
0
0
0
0
0
0
0
0
0
0
0
0
0
0
0
0
0
0
0
0
0
0
0
0
0
0
0
0
0
0
0
0
0
0
0
0
0
0
0
0
0
0
0
0
0
0
0
0
0
0
0
0
0
0
0
0
0
0.000851307
0.00270737
0.00450908
0.00535616
0.00551548
0.00555981
0.00556331
0.00561577
0.00529327
0.00401687
0.00194902
0.000425479
0
0
0
0
0
0
0
0
0
0
0
0
0
0
0
0
0
0
0
0
0
0
0
0
0
0
0
0
0
0
0
0
0
0
0
0
0
0
0
0
0
0
0
0
0
0
0
0
0
0
0
0
0
0
0
0
0
0
0
0
0
0
0
0
0
0
0
0
0
0
0
0
0
0
0
0
0
0
0
0
0
0
0
0
0
0
0
0
0
0
0
0
0
0
0
0
0
0
0
0
0
0
0
0
0
0
0
0
0
0
0
0
0
0
0
0
0
0
0
0
0
0
0
0
0
0
0
0
0
0
0
0
0
0
0
0
0
0
0
0
0
0
0
0
0
0
0
0
0
0
0
0
0
0
0
0
0
0
0
0
0
0
0
0
0
0
0
0
0
0
0
0
0
0
0
0
0
0
0
0
0
0
0
0
0
0
0
0
0
0
0
0
0
0
0
0
0
0
0
0
0
0
0
0
0
0
0
0
0
0
0
0
0
0
0
0
0
0
0
0
0
0
0
0
0
0
0
0
0
0
0
0
0
0
0
0
0
0
0
0
0
0
0
0
0
0
0
0
0
0
0
0
0
0
0
0
0
0
0
0
0
0
0
0
0
0
0
0
0
0
0
0
0
0
0
0
0
0
0
0
0
0
0
0
0
0
0
0
0
0
0
0
0
0
0
0
0
0
0
0
0
0
0
0
0
0
0
0
0
0
0
0
0
0
0
0
0
0
0
0
0
0
0
0
0
0
0
0
0
0
0
0
0
0
0
0
0
0
0
0
0
0
0
0
0
0
0
0
0
0
0
0
0
0
0
0
0
0
0
0
0
0
0
0
0
0
0
0
0
0
0
0
0
0
0
0
0
0
0
0
0
0
0
0
0
0
0
0
0
0
0
0
0
0
0
0
0
0
0
0
0
0
0
0
0
0
0
0
0
0
0
0
0
0
0
0
0
0
0
0
0
0
0
0
0
0
0
0
0
0
0
0
0
0
0
0
0
0
0
0
0
0
0
0
0
0
0
0
0
0
0
0
0
0
0
0
0
0
0
0
0
0
0
0
0
0
0
0
0
0
0
0
0
0
0
0
0
0
0
0
0
0
0
0
0
0
0
0
0
0
0
0
0
0
0
0
0
0
0
0
0
0
0
0
0
0
0
0
0
0
0
0
0
0
0
0
0
0
0
0
0
0
0
0
0
0
0
0
0
0
0
0
0
0
0
0
0
0
0
0
0
0
0
0
0
0
0
0
0
0
0
0
0
0
0
0
0
0
0
0
0
0
0
0
0
0
0
0
0
0
0
0
0
0
0
0
0
0
0
0
0
0
0
0
0
0
0
0
0
0
0
0
0
0
0
0
0
0
0
0
0
0
0
0
0
0
0
0
0
0
0
0
0
0
0
0
0
0
0
0
0
0
0
0
0
0
0
0
0
0
0
0
0
0
0
0
0
0
0
0
0
0
0
0
0
0
0
0
0
0
0
0
0
0
0
0
0
0
0
0
0
0
0
0
0
0
0
0
0
0
0
0
0
0
0
0
0
0
0
0
0
0
0
0
0
0
0
0
0
0
0
0
0
0
0
0
0
0
0
0
0
0
0
0
0
0
0
0
0
0
0
0
0
0
0
0
0
0
0
0
0
0
0
0
0
0
0
0
0
0
0
0
0
0
0
0
0
0
0
0
0
0
0
0
0
0
0
0
0
0
0
0
0
0
0
0
0
0
0
0
0
0
0
0
0
0
0
0
0
0
0
0
0
0
0
0
0
0
0
0
0
0
0
0
0
0
0
0
0
0
0
0
0
0
0
0
0
0
0
0
0
0
0
0
0
0
0
0
0
0
0
0
0
0
0
0
0
0
0
0
0
0
0
0
0
0
0
0
0
0
0
0
0
0
0
0
0
0
0
0
0
0
0
0
0
0
0
0
0
0
0
0
0
0
0
0
0
0
0
0
0
0
0
0
0
0
0
0
0
0
0
0
0
0
0
0
0
0
0
0
0
0
0
0
0
0
0
0
0
0
0
0
0
0
0
0
0
0
0
0
0
0
0
0
0
0
0
0
0
0
0
0
0
0
0
0
0
0
0
0
0
0
0
0
0
0
0
0
0
0
0
0
0
0
0
0
0
0
0
0
0
0
0
0
0
0
0
0
0
0
0
0
0
0
0
0
0
0
0
0
0
0
0
0
0
0
0
0
0
0
0
0
0
0
0
0
0
0
0
0
0
0
0
0
0
0
0
0
0
0
0
0
0
0
0
0
0
0
0
0
0
0
0
0
0
0
0
0
0
0
0
0
0
0
0
0
0
0
0
0
0
0
0
0
0
0
0
0
0
0
0
0
0
0
0
0
0
0
0
0
0
0
0
0
0
0
0
0
0
0
0
0
0
0
0
0
0
0
0
0
0
0
0
0
0
0
0
0
0
0
0
0
0
0
0
0
0
0
0
0
0
0
0
0
0
0
0
0
0
0
0
0
0
0
0
0
0
0
0
0
0
0
0
0
0
0
0
0
0
0
0
0
0
0
0
0
0
0
0
0
0
0
0
0
0
0
0
0
0
0
0
0
0
0
0
0
0
0
0
0
0
0
0
0
0
0
0
0
0
0
0
0
0
0
0
0
0
0
0
0
0
0
0
0
0
0
0
0
0
0
0
0
0
0
0
0
0
0
0
0
0
0
0
0
0
0
0
0
0
0
0
0
0
0
0
0
0
0
