0
0
0
0
0
0
0
0
0
0
0
0
0
0
0
0
0
0
0
0
0
0
0
0
0
0
0
0
0
0
0
0
0
0
0
0
0
0
0
0
0
0
0
0
0
0
0
0
0
0
0
0
0
0
0
0
0
0
0
0
0
0
0
0
0
0
0
0
0
0
0
0
0
0
0
0
0
0
0
0
0
0
0
0
0
0
0
0
0
0
0
0
0
0
0
0
0
0
0
0
0
0
0
0
0
0
0
0
0
0
0
0
0
0
0
0
0
0
0
0
0
0
0
0
0
0
0
0
0
0
0
0
0
0
0
0
0
0
0
0
0
0
0
0
0
0
0
0
0
0
0
0
0
0
0
0
0
0
0
0
0
0
0
0
0
0
0
0
0
0
0
0
0
0
0
0
0
0
0
0
0
0
0
0
0
0
0
0
0
0
0
0
0
0
0
0
0
0
0
0
0
0
0
0
0
0
0
0
0
0
0
0
0
0
0
0
0
0
0
0
0
0
0
0
0
0
0
0
0
0
0
0
0
0
0
0
0
0
0
0
0
0
0
0
0
0
0
0
0
0
0
0
0
0
0
0
0
0
0
0
0
0
0
0
0
0
0
0
0
0
0
0
0
0
0
0
0
0
0
0
0
0
0
0
0
0
0
0
0
0
0
0
0
0
0
0
0
0
0
0
0
0
0
0
0
0
0
0
0
0
0
0
0
0
0
0
0
0
0
0
0
0
0
0
0
0
0
0
0
0
0
0
0
0
0
0
0
0
0
0
0
0
0
0
0
0
0
0
0
0
0
0
0
0
0
0
0
0
0
0
0
0
0
0
0
0
0
0
0
0
0
0
0
0
0
0
0
0
0
0
0
0
0
0
0
0
0
0
0
0
0
0
0
0
0
0
0
0
0
0
0
0
0
0
0
0
0
0
0
0
0
0
0
0
0
0
0
0
0
0
0
0
0
0
0
0
0
0
0
0
0
0
0
0
0
0
0
0
0
0
0
0
0
0
0
0
0
0
0
0
0
0
0
0
0
0
0
0
0
0
0
0
0
0
0
0
0
0
0
0
0
0
0
0
0
0
0
0
0
0
0
0
0
0
0
0
0
0
0
0
0
0
0
0
0
0
0
0
0
0
0
0
0
0
0
0
0
0
0
0
0
0
0
0
0
0
0
0
0
0
0
0
0
0
0
0
0
0
0
0
0
0
0
0
0
0
0
0
0
0
0
0
0
0
0
0
0
0
0
0
0
0
0
0
0
0
0
0
0
0
0
0
0
0
0
0
0
0
0
0
0
0
0
0
0
0
0
0
0
0
0
0
0
0
0
0
0
0
0
0
0
0
0
0
0
0
0
0
0
0
0
0
0
0
0
0
0
0
0
0
0
0
0
0
0
0
0
0
0
0
0
0
0
0
0
0
0
0
0
0
0
0
0
0
0
0
0
0
0
0
0
0
0
0
0
0
0
0
0
0
0
0
0
0
0
0
0
0
0
0
0
0
0
0
0
0
0
0
0
0
0
0
0
0
0
0
0
0
0
0
0
0
0
0
0
0
0
0
0
0
0
0
0
0
0
0
0
0
0
0
0
0
0
0
0
0
0
0
0
0
0
0
0
0
0
0
0
0
0
0
0
0
0
0
0
0
0
0
0
0
0
0
0
0
0
0
0
0
0
0
0
0
0
0
0
0
0
0
0
0
0
0
0
0
0
0
0
0
0
0
0
0
0
0
0
0
0
0
0
0
0
0
0
0
0
0
0
0
0
0
0
0
0
0
0
0
0
0
0
0
0
0
0
0
0
0
0
0
0
0
0
0
0
0
0
0
0
0
0
0
0
0
0
0
0
0
0
0
0
0
0
0
0
0
0
0
0
0
0
0
0
0
0
0
0
0
0
0
0
0
0
0
0
0
0
0
0
0
0
0
0
0
0
0
0
0
0
0
0
0
0
0
0
0
0
0
0
0
0
0
0
0
0
0
0
0
0
0
0
0
0
0
0
0
0
0
0
0
0
0
0
0
0
0
0
0
0
0
0
0
0
0
0
0
0
0
0
0
0
0
0
0
0
0
0
0
0
0
0
0
0
0
0
0
0
0
0
0
0
0
0
0
0
0
0
0
0
0
0
0
0
0
0
0
0
0
0
0
0
0
0
0
0
0
0
0
0
0
0
0
0
0
0
0
0
0
0
0
0
0
0
0
0
0
0
0
0
0
0
0
0
0
0
0
0
0
0
0
0
0
0
0
0
0
0
0
0
0
0
0
0
0
0
0
0
0
0
0
0
0
0
0
0
0
0
0
0
0
0
0
0
0
0
0
0
0
0
0
0
0
0
0
0
0
0
0
0
0
0
0
0
0
0
0
0
0
0
0
0
0
0
0
0
0
0
0
0
0
0
0
0
0
0
0
0
0
0
0
0
0
0
0
0
0
0
0
0
0
0
0
0
0
0
0
0
0
0
0
0
0
0
0
0
0
0
0
0
0
0
0
0
0
0
0
0
0
0
0
0
0
0
0
0
0
0
0
0
0
0
0
0
0
0
0
0
0
0
0
0
0
0
0
0
0
0
0
0
0
0
0
0
0
0
0
0
0
0
0
0
0
0
0
0
0
0
0
0
0
0
0
0
0
0
0
0
0
0
0
0
0
0
0
0
0
0
0
0
0
0
0
0
0
0
0
0
0
0
0
0
0
0
0
0
0
0
0
0
0
0
0
0
0
0
0
0
0
0
0
0
0
0
0
0
0
0
0
0
0
0
0
0
0
0
0
0
0
0
0
0
0
0
0
0
0
0
0
0
0
0
0
0
0
0
0
0
0
0
0
0
0
0
0
0
0
0
0
0
0
0
0
0
0
0
0
0
0
0
0
0
0
0
0
0
0
0
0
0
0
0
0
0
0
0
0
0
0
0
0
0
0
0
0
0
0
0
0
0
0
0
0
0
0
0
0
0
0
0
0
0
0
0
0
0
0
0
0
0
0
0
0
0
0
0
0
0
0
0
0
0
0
0
0
0
0
0
0
0
0
0
0
0
0
0
0
0
0
0
0
0
0
0
0
0
0
0
0
0
0
0
0
0
0
0
0
0
0
0
0
0
0
0
0
0
0
0
0
0
0
0
0
0
0
0
0
0
0
0
0
0
0
0
0
0
0
0
0
0
0
0
0
0
0
0
0
0
0
0
0
0
0
0
0
0
0
0
0
0
0
0
0
0
0
0
0
0
0
0
0
0
0
0
0
0
0
0
0
0
0
0
0
0
0
0
0
0
0
0
0
0
0
0
0
0
0
0
0
0
0
0
0
0
0.00100409
0.00653799
0.0144933
0.0212181
0.0299879
0.0344811
0.0287073
0.0223179
0.0212829
0.0208495
0.0171822
0.0202951
0.0295321
0.0270601
0.0197864
0.0181158
0.0185248
0.0222822
0.0250578
0.0187575
0.00724514
0.00088847
0
0
0
0
0
0
0
0
0
0
0
0
0
0
0
0
0
0
0
0
0
0
0
0
0
0
0
0
0
0
0
0
0
0
0
0
0
0
0
0
0
0
0
0
0
0
0
0
0
0
0
0
0
0
0
0
0
0
0
0
0
0
0
0
0
0
0
0
0
0
0
0
0
0
0
0
0
0
0
0
0
0
0
0
0
0
0
0
0
0
0
0
0
0
0
0
0
0
0
0
0
0
0
0
0.0060393
0.0241288
0.0457495
0.062554
0.0716415
0.0781979
0.0947136
0.100663
0.0814385
0.0673453
0.0698343
0.0701182
0.0619751
0.0685729
0.0839934
0.069327
0.0476011
0.0475761
0.0553712
0.0686616
0.0786748
0.0691846
0.0491343
0.0384527
0.0344876
0.0240627
0.00994216
0.00175186
0
0
0
0
0
0
0
0
0
0
0
0
0
0
0
0
0
0
0
0
0
0
0
0
0
0
0
0
0
0
0
0
0
0
0
0
0
0
0
0
0
0
0
0
0
0
0
0
0
0
0
0
0
0
0
0
0
0
0
0
0
0
0
0
0
0
0
0
0
0
0
0
0
0
0
0
0
0
0
0
0
0
0
0
0
0
0
0
0
0
0
0
0
0
0
0
0
0
0.0089168
0.0359136
0.069926
0.101255
0.127981
0.137032
0.125207
0.113141
0.118606
0.118655
0.0989603
0.0934963
0.106371
0.107639
0.0976147
0.0973681
0.0948793
0.0660806
0.0450907
0.0594064
0.0799601
0.0947221
0.10415
0.0993552
0.0873241
0.0830823
0.0856275
0.0787525
0.0541163
0.024612
0.00705337
0.00127207
0
0
0
0
0
0
0
0
0
0
0
0
0
0
0
0
0
0
0
0
0
0
0
0
0
0
0
0
0
0
0
0
0
0
0
0
0
0
0
0
0
0
0
0
0
0
0
0
0
0
0
0
0
0
0
0
0
0
0
0
0
0
0
0
0
0
0
0
0
0
0
0
0
0
0
0
0
0
0
0
0
0
0
0
0
0
0
0
0
0
0
0
0
0
0
0
0.0230647
0.0905065
0.146114
0.145379
0.13371
0.127903
0.106064
0.0819771
0.080246
0.0923597
0.101019
0.111638
0.124043
0.127119
0.11861
0.102543
0.0777442
0.0465544
0.0346222
0.0568052
0.0853792
0.0983921
0.0984776
0.0848415
0.0609077
0.0489687
0.0689295
0.101263
0.100994
0.0638474
0.0266991
0.00689466
0.000368565
0
0
0
0
0
0
0
0
0
0
0
0
0
0
0
0
0
0
0
0
0
0
0
0
0
0
0
0
0
0
0
0
0
0
0
0
0
0
0
0
0
0
0
0
0
0
0
0
0
0
0
0
0
0
0
0
0
0
0
0
0
0
0
0
0
0
0
0
0
0
0
0
0
0
0
0
0
0
0
0
0
0
0
0
0
0
0
0
0
0
0
0
0
0
0
0.0172102
0.0769583
0.116405
0.0900679
0.0720622
0.0767323
0.056426
0.0290398
0.0339414
0.0666032
0.100905
0.11498
0.113089
0.114078
0.111771
0.0941755
0.0673424
0.0404926
0.0231237
0.0268593
0.0557948
0.0859154
0.0894328
0.0651619
0.0277504
0.00730927
0.0300009
0.0745991
0.0886928
0.064052
0.0323377
0.0100934
0.000831907
0
0
0
0
0
0
0
0
0
0
0
0
0
0
0
0
0
0
0
0
0
0
0
0
0
0
0
0
0
0
0
0
0
0
0
0
0
0
0
0
0
0
0
0
0
0
0
0
0
0
0
0
0
0
0
0
0
0
0
0
0
0
0
0
0
0
0
0
0
0
0
0
0
0
0
0
0
0
0
0
0
0
0
0
0
0
0
0
0
0
0
0
0
0
0
0.0112822
0.0528937
0.0728508
0.0488358
0.0437541
0.0483144
0.0253802
0.00322347
0.00942504
0.0343786
0.0597578
0.0659279
0.0562661
0.0495774
0.0502726
0.0480702
0.0366055
0.0201505
0.00577758
0
0.0135292
0.044323
0.0573876
0.0400186
0.023522
0.026954
0.045309
0.0614264
0.0555936
0.0365073
0.0248787
0.0151854
0.00419484
0.00110926
0.00206682
0.000957565
0
0
0
0
0
0
0
0
0
0
0
0
0
0
0
0
0
0
0
0
0
0
0
0
0
0
0
0
0
0
0
0
0
0
0
0
0
0
0
0
0
0
0
0
0
0
0
0
0
0
0
0
0
0
0
0
0
0
0
0
0
0
0
0
0
0
0
0
0
0
0
0
0
0
0
0
0
0
0
0
0
0
0
0
0
0
0
0
0
0
0
0.0215784
0.0679083
0.108333
0.106231
0.0686887
0.0407202
0.0263965
0.0153344
0.0123949
0.016249
0.0180233
0.0168029
0.014117
0.00940082
0.00424775
0.00428985
0.00734765
0.00658918
0.00239865
0
0
0.00142213
0.014629
0.0259206
0.0177102
0.0157477
0.0335337
0.0543297
0.0637787
0.0554177
0.047249
0.0539187
0.0449193
0.0150635
0.00482521
0.014391
0.0151495
0.00598131
0.000397557
0
0
0
0
0
0
0
0
0
0
0
0
0
0
0
0
0
0
0
0
0
0
0
0
0
0
0
0
0
0
0
0
0
0
0
0
0
0
0
0
0
0
0
0
0
0
0
0
0
0
0
0
0
0
0
0
0
0
0
0
0
0
0
0
0
0
0
0
0
0
0
0
0
0
0
0
0
0
0
0
0
0
0
0.000662595
0.0050343
0.0059076
0.0015359
0.00793548
0.0472907
0.114473
0.166534
0.17898
0.152754
0.106137
0.0728575
0.0680401
0.0819207
0.103267
0.116714
0.106265
0.0691448
0.0221185
0
0
0
0
0
0
0.0146447
0.0514412
0.0829236
0.0980593
0.104557
0.0931415
0.0692489
0.0528598
0.0562896
0.0689311
0.0697943
0.0767792
0.0961307
0.0814
0.0344131
0.0131871
0.0263922
0.0378422
0.0295839
0.0139749
0.00363825
0
0
0
0
0
0
0
0
0
0
0
0
0
0
0
0
0
0
0
0
0
0
0
0
0
0
0
0
0
0
0
0
0
0
0
0
0
0
0
0
0
0
0
0
0
0
0
0
0
0
0
0
0
0
0
0
0
0
0
0
0
0
0
0
0
0
0
0
0
0
0
0
0
0
0
0
0
0
0
0
0
0.0097812
0.0337174
0.0554917
0.0584838
0.0542049
0.0732407
0.133617
0.194254
0.219657
0.229763
0.228322
0.217371
0.215865
0.228914
0.250657
0.277484
0.283857
0.252185
0.201702
0.141164
0.080944
0.0309939
0.00347343
0
0.0181416
0.0749794
0.15844
0.230159
0.255923
0.252052
0.251011
0.247588
0.227794
0.200442
0.187523
0.169423
0.125089
0.0992542
0.102546
0.0875836
0.0565201
0.0403692
0.042099
0.0602324
0.0792477
0.0716541
0.0399134
0.0117999
0.00128827
0
0
0
0
0
0
0
0
0
0
0
0
0
0
0
0
0
0
0
0
0
0
0
0
0
0
0
0
0
0
0
0
0
0
0
0
0
0
0
0
0
0
0
0
0
0
0
0
0
0
0
0
0
0
0
0
0
0
0
0
0
0
0
0
0
0
0
0
0
0
0
0
0
0
0
0
0
0.00249519
0.0173934
0.0601491
0.116183
0.142249
0.137055
0.130617
0.13345
0.156054
0.204421
0.258893
0.302112
0.332921
0.356969
0.376106
0.387193
0.39645
0.402338
0.384031
0.339059
0.306066
0.300019
0.271753
0.169989
0.051334
0.0218651
0.101878
0.248569
0.376539
0.415933
0.383571
0.339442
0.322063
0.334044
0.346716
0.34486
0.344279
0.321052
0.25086
0.178028
0.130072
0.090949
0.0740264
0.0872427
0.0998811
0.112531
0.135813
0.140017
0.09859
0.0378753
0.00518379
0
0
0
0
0
0
0
0
0
0
0
0
0
0
0
0
0
0
0
0
0
0
0
0
0
0
0
0
0
0
0
0
0
0
0
0
0
0
0
0
0
0
0
0
0
0
0
0
0
0
0
0
0
0
0
0
0
0
0
0
0
0
0
0
0
0
0
0
0
0
0
0
0
0
0
0
0.00324448
0.023333
0.0754074
0.145097
0.187318
0.179522
0.155604
0.143153
0.140544
0.177024
0.260473
0.334061
0.368429
0.383689
0.395036
0.402922
0.403058
0.398095
0.390841
0.378011
0.359039
0.349132
0.378671
0.42111
0.365331
0.212384
0.150239
0.234333
0.356316
0.440439
0.454411
0.414517
0.355793
0.317719
0.323702
0.34741
0.363433
0.381657
0.387835
0.353135
0.286359
0.216386
0.163396
0.147785
0.174174
0.199829
0.188984
0.162976
0.148682
0.118742
0.0557677
0.00962492
0
0
0
0
0
0
0
0
0
0
0
0
0
0
0
0
0
0
0
0
0
0
0
0
0
0
0
0
0
0
0
0
0
0
0
0
0
0
0
0
0
0
0
0
0
0
0
0
0
0
0
0
0
0
0
0
0
0
0
0
0
0
0
0
0
0
0
0
0
0
0
0
0
0
0
0.00085493
0.015127
0.0669666
0.148881
0.206816
0.20457
0.168772
0.150755
0.161304
0.199605
0.273927
0.354436
0.395866
0.391092
0.366605
0.343989
0.333716
0.326802
0.311816
0.303913
0.313165
0.322945
0.327205
0.357706
0.420688
0.444499
0.378284
0.310478
0.311802
0.347948
0.384245
0.393985
0.366324
0.314029
0.273674
0.271441
0.295015
0.328004
0.367517
0.393538
0.384404
0.352689
0.318533
0.290634
0.276933
0.285864
0.300889
0.271404
0.198352
0.147866
0.123186
0.0743563
0.0214542
0.00331853
0.00200244
0.000445015
0
0
0
0
0
0
0
0
0
0
0
0
0
0
0
0
0
0
0
0
0
0
0
0
0
0
0
0
0
0
0
0
0
0
0
0
0
0
0
0
0
0
0
0
0
0
0
0
0
0
0
0
0
0
0
0
0
0
0
0
0
0
0
0
0
0
0
0
0
0
0
0.000840718
0.00665372
0.034543
0.102476
0.181463
0.214052
0.200448
0.199693
0.226004
0.251259
0.289249
0.343685
0.389643
0.403697
0.364814
0.30214
0.264231
0.262798
0.270049
0.256299
0.241137
0.248901
0.260844
0.264682
0.288233
0.346744
0.409972
0.41818
0.367973
0.334273
0.337594
0.338861
0.319217
0.279023
0.235432
0.212467
0.215993
0.238838
0.277011
0.329313
0.371248
0.376354
0.372902
0.385704
0.390058
0.372166
0.352394
0.354189
0.356572
0.294776
0.207059
0.157237
0.110862
0.0557524
0.0247026
0.015157
0.00488059
0
0
0
0
0
0
0
0
0
0
0
0
0
0
0
0
0
0
0
0
0
0
0
0
0
0
0
0
0
0
0
0
0
0
0
0
0
0
0
0
0
0
0
0
0
0
0
0
0
0
0
0
0
0
0
0
0
0
0
0
0
0
0
0
0
0
0
0
0
0
0
0.00393169
0.0206173
0.0592813
0.1168
0.165321
0.188951
0.217859
0.279147
0.325067
0.325129
0.325894
0.3457
0.370633
0.367986
0.303968
0.223808
0.194134
0.216137
0.246419
0.244168
0.220735
0.210164
0.209977
0.215672
0.244203
0.302083
0.379158
0.420731
0.399576
0.373773
0.354966
0.316316
0.26803
0.217321
0.176868
0.165015
0.177811
0.202571
0.233201
0.280689
0.333911
0.353954
0.361099
0.387939
0.40819
0.398172
0.371692
0.362389
0.406462
0.405556
0.294532
0.188896
0.135735
0.0959175
0.0596933
0.0335506
0.0108061
0
0
0
0
0
0
0
0
0
0
0
0
0
0
0
0
0
0
0
0
0
0
0
0
0
0
0
0
0
0
0
0
0
0
0
0
0
0
0
0
0
0
0
0
0
0
0
0
0
0
0
0
0
0
0
0
0
0
0
0
0
0
0
0
0
0
0
0
0
0
0.000265115
0.00918854
0.0408024
0.0902428
0.127922
0.14867
0.195502
0.275323
0.338506
0.353354
0.333739
0.319701
0.330991
0.347631
0.325668
0.248667
0.17476
0.157933
0.185395
0.218577
0.226066
0.208474
0.195056
0.193365
0.199882
0.224464
0.276436
0.365859
0.443673
0.452682
0.418155
0.363846
0.298414
0.2426
0.18963
0.14083
0.127104
0.151501
0.18202
0.204901
0.248362
0.315344
0.358048
0.365324
0.360373
0.360948
0.365985
0.363227
0.361426
0.414326
0.495987
0.416854
0.232999
0.139505
0.114421
0.0856658
0.0419552
0.0105379
0
0
0
0
0
0
0
0
0
0
0
0
0
0
0
0
0
0
0
0
0
0
0
0
0
0
0
0
0
0
0
0
0
0
0
0
0
0
0
0
0
0
0
0
0
0
0
0
0
0
0
0
0
0
0
0
0
0
0
0
0
0
0
0
0
0
0
0
0
0
0.000923255
0.0182626
0.0679367
0.120787
0.14351
0.180183
0.268258
0.341058
0.351417
0.331228
0.303647
0.293833
0.317163
0.32934
0.284772
0.206953
0.152685
0.143324
0.159448
0.176718
0.18687
0.187101
0.190005
0.198617
0.200691
0.20682
0.246854
0.345282
0.451867
0.484237
0.437721
0.352341
0.272861
0.228196
0.191706
0.137084
0.1116
0.141144
0.17438
0.196181
0.251913
0.350113
0.435036
0.439522
0.368191
0.3184
0.322581
0.334599
0.349131
0.406674
0.548825
0.570041
0.370749
0.183729
0.117378
0.097623
0.0552889
0.0162181
0.00220221
0
0
0
0
0
0
0
0
0
0
0
0
0
0
0
0
0
0
0
0
0
0
0
0
0
0
0
0
0
0
0
0
0
0
0
0
0
0
0
0
0
0
0
0
0
0
0
0
0
0
0
0
0
0
0
0
0
0
0
0
0
0
0
0
0
0
0
0
0.00140729
0.00887155
0.0400134
0.0921451
0.127715
0.164959
0.253056
0.344544
0.364062
0.33034
0.290599
0.263153
0.269054
0.301177
0.301995
0.236612
0.163777
0.133312
0.124521
0.122931
0.128816
0.145422
0.166065
0.187802
0.202871
0.197799
0.191559
0.225717
0.325537
0.442572
0.48875
0.438872
0.336999
0.249827
0.217415
0.210236
0.17684
0.145852
0.156875
0.177906
0.202813
0.283079
0.421974
0.544277
0.539249
0.408975
0.315389
0.304894
0.310641
0.324942
0.381905
0.529952
0.649567
0.553735
0.316262
0.145484
0.0993486
0.0799617
0.0405397
0.0122255
0.00195961
0
0
0
0
0
0
0
0
0
0
0
0
0
0
0
0
0
0
0
0
0
0
0
0
0
0
0
0
0
0
0
0
0
0
0
0
0
0
0
0
0
0
0
0
0
0
0
0
0
0
0
0
0
0
0
0
0
0
0
0
0
0
0
0
0
0
0.000425953
0.0105349
0.0377101
0.0709639
0.0858878
0.108243
0.202314
0.31985
0.36891
0.345576
0.292796
0.253318
0.246875
0.268469
0.288419
0.271298
0.206352
0.142874
0.122094
0.112419
0.101146
0.105644
0.131555
0.169006
0.200522
0.211054
0.201985
0.198006
0.229216
0.317826
0.428853
0.478807
0.43235
0.332784
0.245848
0.20898
0.207418
0.200603
0.180888
0.170007
0.17662
0.20394
0.283968
0.422753
0.538393
0.524986
0.41042
0.330305
0.310493
0.302963
0.297038
0.331178
0.453684
0.593066
0.600148
0.4369
0.225336
0.119469
0.0998272
0.0648467
0.0246187
0.00544465
0
0
0
0
0
0
0
0
0
0
0
0
0
0
0
0
0
0
0
0
0
0
0
0
0
0
0
0
0
0
0
0
0
0
0
0
0
0
0
0
0
0
0
0
0
0
0
0
0
0
0
0
0
0
0
0
0
0
0
0
0
0
0
0
0
0
0.00508105
0.0362606
0.0829538
0.0884147
0.0625326
0.121308
0.270601
0.362277
0.358676
0.311164
0.255773
0.232835
0.250129
0.278196
0.278749
0.244911
0.196933
0.153213
0.129723
0.120397
0.122054
0.131857
0.152291
0.191751
0.220383
0.220278
0.212756
0.22023
0.250803
0.319832
0.418169
0.471989
0.428825
0.326111
0.233094
0.185568
0.170937
0.170972
0.172473
0.166116
0.172029
0.197367
0.241569
0.317548
0.383815
0.388502
0.356028
0.323965
0.299487
0.274143
0.249793
0.267124
0.350411
0.45307
0.498686
0.44952
0.31496
0.184428
0.122544
0.0779217
0.0354437
0.012909
0.0024745
0
0
0
0
0
0
0
0
0
0
0
0
0
0
0
0
0
0
0
0
0
0
0
0
0
0
0
0
0
0
0
0
0
0
0
0
0
0
0
0
0
0
0
0
0
0
0
0
0
0
0
0
0
0
0
0
0
0
0
0
0
0
0
0
0.000511965
0.0221757
0.0841033
0.127521
0.0980605
0.0938584
0.218634
0.358349
0.383017
0.335512
0.2755
0.232457
0.230097
0.258594
0.280041
0.260483
0.212841
0.177988
0.159492
0.141765
0.132655
0.152248
0.174332
0.183966
0.207504
0.223493
0.215659
0.207295
0.217573
0.246472
0.30521
0.407704
0.48238
0.4347
0.293144
0.172099
0.131104
0.127704
0.129963
0.14978
0.16837
0.180786
0.197467
0.211669
0.230186
0.251146
0.272319
0.293109
0.284618
0.242205
0.194949
0.179558
0.205978
0.252294
0.316489
0.379998
0.409111
0.377414
0.28288
0.180468
0.104871
0.0551122
0.0257405
0.0068736
0
0
0
0
0
0
0
0
0
0
0
0
0
0
0
0
0
0
0
0
0
0
0
0
0
0
0
0
0
0
0
0
0
0
0
0
0
0
0
0
0
0
0
0
0
0
0
0
0
0
0
0
0
0
0
0
0
0
0
0
0
0
0
0
0.00586864
0.0507983
0.12838
0.15267
0.136696
0.209818
0.352479
0.41497
0.374799
0.305735
0.24928
0.229449
0.250602
0.283043
0.284584
0.242422
0.191023
0.167916
0.164382
0.15266
0.141916
0.164136
0.193612
0.201713
0.207514
0.207559
0.195403
0.182252
0.182017
0.204119
0.264314
0.374968
0.46725
0.426937
0.26467
0.12176
0.0858278
0.103731
0.116046
0.145243
0.182758
0.196493
0.20152
0.208701
0.214619
0.218474
0.229781
0.252913
0.246645
0.186063
0.132022
0.137982
0.167771
0.187183
0.22522
0.29532
0.37369
0.419589
0.386234
0.281258
0.169523
0.0902204
0.0386818
0.00903523
0
0
0
0
0
0
0
0
0
0
0
0
0
0
0
0
0
0
0
0
0
0
0
0
0
0
0
0
0
0
0
0
0
0
0
0
0
0
0
0
0
0
0
0
0
0
0
0
0
0
0
0
0
0
0
0
0
0
0
0
0
0
0
0.00181084
0.0263852
0.0918979
0.150253
0.164007
0.213228
0.343187
0.43406
0.40649
0.327992
0.262454
0.226632
0.233484
0.275664
0.310375
0.294358
0.240315
0.199697
0.188855
0.182629
0.163377
0.149296
0.16745
0.194807
0.198098
0.185417
0.171129
0.160419
0.151133
0.147617
0.166692
0.223439
0.313655
0.388425
0.375663
0.266257
0.150572
0.106509
0.107254
0.11225
0.142703
0.18751
0.204483
0.207297
0.213524
0.215752
0.212759
0.216225
0.237723
0.245891
0.205999
0.166772
0.164902
0.164835
0.158474
0.176489
0.237208
0.335121
0.424659
0.441588
0.369138
0.253628
0.145786
0.0649817
0.0178714
0.00170655
0
0
0
0
0
0
0
0
0
0
0
0
0
0
0
0
0
0
0
0
0
0
0
0
0
0
0
0
0
0
0
0
0
0
0
0
0
0
0
0
0
0
0
0
0
0
0
0
0
0
0
0
0
0
0
0
0
0
0
0
0
0
0.0126095
0.0687267
0.146043
0.173689
0.191596
0.295089
0.423231
0.442796
0.355847
0.263325
0.21778
0.207193
0.224415
0.26265
0.290413
0.277171
0.237197
0.216148
0.214046
0.194367
0.15768
0.142706
0.16539
0.191701
0.183554
0.14826
0.121649
0.11911
0.125407
0.132655
0.152743
0.197328
0.254422
0.289475
0.289179
0.237474
0.161457
0.120676
0.10107
0.0915078
0.122407
0.175259
0.205744
0.215698
0.21206
0.204141
0.204017
0.206423
0.219405
0.244968
0.255034
0.239023
0.209107
0.175512
0.152318
0.152053
0.19299
0.285856
0.386435
0.430775
0.402295
0.320981
0.216519
0.120335
0.0494299
0.0109984
0.000582238
0
0
0
0
0
0
0
0
0
0
0
0
0
0
0
0
0
0
0
0
0
0
0
0
0
0
0
0
0
0
0
0
0
0
0
0
0
0
0
0
0
0
0
0
0
0
0
0
0
0
0
0
0
0
0
0
0
0
0
0
0.0028727
0.0412511
0.128247
0.192376
0.193829
0.232112
0.358036
0.446483
0.413342
0.310631
0.22215
0.192092
0.198368
0.212773
0.23352
0.245631
0.231893
0.210772
0.209817
0.213447
0.185689
0.1422
0.134133
0.164432
0.189531
0.171726
0.121543
0.0896341
0.0978664
0.120625
0.139777
0.160332
0.192517
0.222313
0.220189
0.210766
0.187415
0.139065
0.107077
0.0852297
0.0735816
0.10638
0.166216
0.205841
0.213648
0.193634
0.178393
0.187332
0.18805
0.1805
0.200874
0.242771
0.251425
0.215837
0.178549
0.156009
0.141912
0.15804
0.234716
0.336192
0.400519
0.41239
0.369147
0.278072
0.181065
0.097559
0.0342167
0.00598595
0.000311315
0
0
0
0
0
0
0
0
0
0
0
0
0
0
0
0
0
0
0
0
0
0
0
0
0
0
0
0
0
0
0
0
0
0
0
0
0
0
0
0
0
0
0
0
0
0
0
0
0
0
0
0
0
0
0
0
0
0
0
0.0164019
0.0871954
0.182165
0.212803
0.207194
0.285581
0.405865
0.431657
0.36575
0.27659
0.210731
0.189094
0.19803
0.213188
0.22623
0.222755
0.192223
0.169555
0.17817
0.190132
0.17295
0.146182
0.151006
0.181036
0.197622
0.166524
0.105366
0.0761676
0.098148
0.134487
0.159838
0.17783
0.198861
0.207118
0.18437
0.168255
0.161999
0.139171
0.115111
0.0924226
0.0805977
0.111287
0.167341
0.197715
0.190559
0.166451
0.16158
0.177173
0.170797
0.14702
0.155709
0.204311
0.228869
0.206601
0.184495
0.171321
0.148944
0.141859
0.196036
0.292871
0.372192
0.416166
0.405127
0.314578
0.208471
0.134474
0.0697022
0.0215242
0.00264506
0
0
0
0
0
0
0
0
0
0
0
0
0
0
0
0
0
0
0
0
0
0
0
0
0
0
0
0
0
0
0
0
0
0
0
0
0
0
0
0
0
0
0
0
0
0
0
0
0
0
0
0
0
0
0
0
0
0
0.0043043
0.0438015
0.130817
0.204568
0.218561
0.248911
0.358571
0.428207
0.384399
0.299734
0.227029
0.191206
0.191349
0.208318
0.226128
0.23365
0.223022
0.186286
0.153276
0.157268
0.173446
0.1685
0.16244
0.17864
0.204176
0.209993
0.162344
0.087372
0.0578562
0.0892254
0.13474
0.159685
0.171566
0.189804
0.193581
0.176864
0.173924
0.168748
0.144021
0.119765
0.0998835
0.0905543
0.117468
0.166708
0.184159
0.163832
0.147184
0.161399
0.182443
0.170041
0.142082
0.152007
0.200707
0.224278
0.208866
0.19789
0.191494
0.170373
0.157205
0.191616
0.264839
0.334592
0.392444
0.417072
0.340604
0.217688
0.152608
0.106118
0.0457327
0.00855282
0
0
0
0
0
0
0
0
0
0
0
0
0
0
0
0
0
0
0
0
0
0
0
0
0
0
0
0
0
0
0
0
0
0
0
0
0
0
0
0
0
0
0
0
0
0
0
0
0
0
0
0
0
0
0
0
0
0.000682222
0.0194258
0.0801416
0.158472
0.208051
0.239603
0.319215
0.42043
0.424366
0.335003
0.23555
0.167502
0.148518
0.170877
0.210924
0.240258
0.248525
0.245827
0.22328
0.1893
0.181183
0.18703
0.175802
0.171159
0.187205
0.204796
0.200519
0.146017
0.0727526
0.0448006
0.0693696
0.10798
0.130232
0.146378
0.173197
0.183102
0.188232
0.211996
0.204916
0.162174
0.125298
0.10195
0.0895623
0.11213
0.169353
0.195329
0.172605
0.156296
0.171408
0.190648
0.178705
0.155794
0.173774
0.219943
0.23325
0.213466
0.200521
0.196123
0.184992
0.180348
0.207706
0.253993
0.300392
0.36049
0.412124
0.365897
0.239284
0.164506
0.133003
0.0749997
0.0206262
0.00122122
0
0
0
0
0
0
0
0
0
0
0
0
0
0
0
0
0
0
0
0
0
0
0
0
0
0
0
0
0
0
0
0
0
0
0
0
0
0
0
0
0
0
0
0
0
0
0
0
0
0
0
0
0
0
0
0
0.00750842
0.0464368
0.112177
0.174571
0.217895
0.277088
0.383391
0.456087
0.419065
0.309909
0.194958
0.122492
0.110334
0.141018
0.192774
0.234863
0.258163
0.275976
0.270656
0.238634
0.221698
0.21643
0.188932
0.165986
0.168276
0.173738
0.157797
0.107164
0.0592875
0.0476942
0.0602555
0.0852217
0.111651
0.140003
0.172544
0.181359
0.190453
0.226698
0.225157
0.175353
0.129069
0.0976185
0.0768818
0.0950948
0.168343
0.217761
0.204538
0.184565
0.182141
0.18831
0.181305
0.171152
0.197126
0.236084
0.23815
0.212071
0.193011
0.188896
0.18666
0.188384
0.212904
0.246061
0.275483
0.331554
0.391611
0.37151
0.259673
0.169456
0.145369
0.108113
0.0460883
0.00797004
0
0
0
0
0
0
0
0
0
0
0
0
0
0
0
0
0
0
0
0
0
0
0
0
0
0
0
0
0
0
0
0
0
0
0
0
0
0
0
0
0
0
0
0
0
0
0
0
0
0
0
0
0
0
0
0.00112822
0.0233323
0.0754392
0.125147
0.175847
0.231329
0.313786
0.42368
0.468224
0.408207
0.292123
0.178396
0.113154
0.11059
0.143912
0.187222
0.221789
0.251048
0.282528
0.284964
0.251447
0.231938
0.223362
0.18461
0.145534
0.139305
0.140353
0.116112
0.0674981
0.0398119
0.0470814
0.0635918
0.0904902
0.125597
0.158611
0.192351
0.190106
0.162203
0.18902
0.209941
0.169263
0.121458
0.0821195
0.0515254
0.0621259
0.138246
0.204194
0.207802
0.188828
0.171761
0.170831
0.175092
0.181121
0.214324
0.246653
0.240283
0.213052
0.194682
0.190852
0.189888
0.188376
0.202216
0.229209
0.255024
0.300226
0.348231
0.348086
0.270324
0.171064
0.142671
0.136292
0.0842798
0.0258756
0.00241789
0
0
0
0
0
0
0
0
0
0
0
0
0
0
0
0
0
0
0
0
0
0
0
0
0
0
0
0
0
0
0
0
0
0
0
0
0
0
0
0
0
0
0
0
0
0
0
0
0
0
0
0
0
0
0.00655127
0.0394687
0.0864275
0.120084
0.169574
0.245349
0.347401
0.441193
0.452333
0.376667
0.267247
0.179743
0.142957
0.155335
0.190254
0.221905
0.238831
0.252654
0.271922
0.269792
0.238936
0.218294
0.200189
0.154524
0.120965
0.131071
0.144574
0.115837
0.0551499
0.0221383
0.0352777
0.065643
0.104234
0.143082
0.171909
0.206666
0.200346
0.132339
0.139241
0.186829
0.166145
0.122787
0.0774736
0.0346494
0.0344617
0.103628
0.176186
0.192718
0.1724
0.147501
0.149372
0.166759
0.185865
0.227347
0.262963
0.254608
0.22571
0.207848
0.20297
0.200312
0.194103
0.195745
0.216151
0.247917
0.287597
0.316906
0.315098
0.270211
0.179057
0.132438
0.147168
0.124041
0.0584438
0.0114531
0
0
0
0
0
0
0
0
0
0
0
0
0
0
0
0
0
0
0
0
0
0
0
0
0
0
0
0
0
0
0
0
0
0
0
0
0
0
0
0
0
0
0
0
0
0
0
0
0
0
0
0
0
0.000843795
0.0129698
0.0430715
0.0772595
0.109738
0.163619
0.25622
0.374028
0.449488
0.431329
0.34196
0.240551
0.18316
0.17788
0.202907
0.238147
0.269805
0.286295
0.293308
0.299841
0.292219
0.26349
0.229036
0.18153
0.122532
0.104912
0.146671
0.185992
0.159456
0.0874062
0.0437834
0.0436209
0.0652661
0.103901
0.138907
0.155836
0.185228
0.199939
0.148474
0.141085
0.186453
0.179285
0.14194
0.0962474
0.0470067
0.0421261
0.111116
0.186469
0.201727
0.173436
0.142998
0.14455
0.169988
0.200467
0.247694
0.288937
0.28291
0.247864
0.221743
0.209222
0.202964
0.198437
0.196841
0.20897
0.243173
0.294831
0.327152
0.30137
0.259095
0.19327
0.131517
0.147927
0.163056
0.103815
0.0284615
0.00105237
0
0
0
0
0
0
0
0
0
0
0
0
0
0
0
0
0
0
0
0
0
0
0
0
0
0
0
0
0
0
0
0
0
0
0
0
0
0
0
0
0
0
0
0
0
0
0
0
0
0
0
0
0.000843795
0.00754675
0.0260534
0.0645244
0.103731
0.147916
0.247564
0.382962
0.462638
0.436647
0.331317
0.225969
0.185213
0.197077
0.224724
0.256613
0.291057
0.317919
0.337141
0.349892
0.344459
0.313071
0.260963
0.190614
0.123399
0.111218
0.161408
0.212301
0.205118
0.165521
0.146398
0.127886
0.102765
0.106652
0.124929
0.127135
0.145798
0.186839
0.18602
0.177485
0.195541
0.183927
0.147165
0.107458
0.0707495
0.0836038
0.169373
0.247638
0.24502
0.19668
0.159847
0.157414
0.187361
0.223864
0.265471
0.30362
0.302594
0.269421
0.233219
0.204827
0.190871
0.192421
0.19534
0.200677
0.236296
0.313271
0.367832
0.334655
0.284359
0.230121
0.150427
0.146686
0.188292
0.148292
0.0567274
0.00766052
0
0
0
0
0
0
0
0
0
0
0
0
0
0
0
0
0
0
0
0
0
0
0
0
0
0
0
0
0
0
0
0
0
0
0
0
0
0
0
0
0
0
0
0
0
0
0
0
0
0
0
0
0
0
0.0164303
0.0684936
0.108988
0.140586
0.240582
0.381825
0.467644
0.445221
0.335932
0.230139
0.19375
0.202452
0.21852
0.240693
0.271061
0.304828
0.341878
0.368575
0.362964
0.31766
0.250638
0.187678
0.141883
0.130521
0.154558
0.184578
0.20221
0.233892
0.278882
0.273421
0.209881
0.15408
0.131444
0.115605
0.125258
0.176303
0.202031
0.190609
0.185867
0.167122
0.127337
0.0971192
0.0971837
0.153771
0.255257
0.320622
0.289158
0.213518
0.168837
0.164681
0.198987
0.234207
0.258455
0.28868
0.302463
0.287881
0.248333
0.201894
0.17655
0.178793
0.185181
0.189119
0.224166
0.310328
0.389106
0.396531
0.371445
0.317538
0.206686
0.151269
0.182244
0.171782
0.0895265
0.019303
0
0
0
0
0
0
0
0
0
0
0
0
0
0
0
0
0
0
0
0
0
0
0
0
0
0
0
0
0
0
0
0
0
0
0
0
0
0
0
0
0
0
0
0
0
0
0
0
0
0
0
0
0
0
0.0427018
0.107226
0.137274
0.189248
0.29797
0.404746
0.452194
0.421023
0.329105
0.244007
0.209672
0.204261
0.201941
0.208979
0.231745
0.268888
0.316677
0.352021
0.34416
0.280341
0.194144
0.146319
0.135319
0.128422
0.12533
0.132106
0.161857
0.239676
0.339867
0.381972
0.338719
0.256819
0.184761
0.135991
0.131783
0.180534
0.207195
0.182947
0.167222
0.151195
0.115529
0.107934
0.157194
0.245303
0.33196
0.363035
0.298139
0.198984
0.152967
0.153643
0.190239
0.231484
0.24765
0.264476
0.289089
0.301772
0.277412
0.2233
0.182477
0.172971
0.176458
0.182288
0.205858
0.264402
0.344417
0.408545
0.43816
0.412652
0.301589
0.189591
0.174991
0.180113
0.108267
0.0248208
0
0
0
0
0
0
0
0
0
0
0
0
0
0
0
0
0
0
0
0
0
0
0
0
0
0
0
0
0
0
0
0
0
0
0
0
0
0
0
0
0
0
0
0
0
0
0
0
0
0
0
0
0
0.024745
0.101374
0.155413
0.189071
0.291218
0.401792
0.440012
0.426701
0.385249
0.320825
0.265787
0.233523
0.214416
0.204385
0.207487
0.227322
0.261398
0.301443
0.329544
0.320386
0.256713
0.170294
0.128263
0.120388
0.10638
0.0953488
0.101474
0.135235
0.213594
0.327763
0.413545
0.426308
0.376307
0.290694
0.203655
0.157629
0.178914
0.205039
0.182252
0.161465
0.148064
0.137582
0.175034
0.25336
0.32836
0.376304
0.366154
0.268753
0.161885
0.131961
0.145725
0.18141
0.231906
0.251458
0.251282
0.268183
0.294547
0.297239
0.262036
0.218879
0.195525
0.189807
0.19336
0.200452
0.217978
0.268704
0.350198
0.416961
0.327438
0.270256
0.25756
0.192082
0.186362
0.116331
0.0269256
0
0
0
0
0
0
0
0
0
0
0
0
0
0
0
0
0
0
0
0
0
0
0
0
0
0
0
0
0
0
0
0
0
0
0
0
0
0
0
0
0
0
0
0
0
0
0
0
0
0
0
0
0.00942395
0.058658
0.123049
0.160135
0.240911
0.383564
0.460805
0.4372
0.393351
0.354766
0.316535
0.289125
0.263421
0.236568
0.224232
0.231465
0.253989
0.283499
0.30973
0.324461
0.316937
0.271492
0.200454
0.151151
0.116338
0.083415
0.0738742
0.0899351
0.126952
0.18931
0.289002
0.391854
0.445565
0.442045
0.394333
0.311574
0.216878
0.171854
0.185214
0.190147
0.180789
0.177199
0.204959
0.274616
0.34241
0.38063
0.38429
0.327888
0.214374
0.133805
0.132945
0.15917
0.199879
0.253893
0.263153
0.240804
0.244173
0.267576
0.281363
0.272916
0.251012
0.231042
0.218941
0.214418
0.208207
0.201182
0.221984
0.289372
0.372594
0.318344
0.311632
0.321692
0.215311
0.18029
0.127329
0.0392838
0
0
0
0
0
0
0
0
0
0
0
0
0
0
0
0
0
0
0
0
0
0
0
0
0
0
0
0
0
0
0
0
0
0
0
0
0
0
0
0
0
0
0
0
0
0
0
0
0
0
0.000843795
0.0144583
0.0393739
0.0522647
0.0594056
0.122749
0.285175
0.441096
0.462967
0.405923
0.360868
0.328324
0.303097
0.289177
0.276891
0.261263
0.25255
0.259048
0.278197
0.301526
0.316441
0.31559
0.306371
0.283606
0.232978
0.173167
0.106981
0.0530859
0.0446028
0.0700412
0.110253
0.159609
0.236146
0.334312
0.402292
0.418315
0.417295
0.395942
0.311276
0.208936
0.176515
0.197666
0.226869
0.257321
0.300949
0.355932
0.395387
0.399566
0.357165
0.2628
0.161403
0.125307
0.144486
0.176774
0.232669
0.291169
0.286994
0.246492
0.235666
0.249528
0.260758
0.264925
0.264138
0.255524
0.243378
0.23461
0.223296
0.208798
0.211309
0.255151
0.342856
0.427857
0.454326
0.377489
0.235594
0.15954
0.128296
0.0547099
0.00353543
0
0
0
0
0
0
0
0
0
0
0
0
0
0
0
0
0
0
0
0
0
0
0
0
0
0
0
0
0
0
0
0
0
0
0
0
0
0
0
0
0
0
0
0
0
0
0
0
0.00200675
0.0208073
0.0644888
0.0730215
0.0293495
0.00551503
0.117342
0.342433
0.471855
0.447391
0.385586
0.347263
0.315479
0.288723
0.273602
0.271093
0.271899
0.272732
0.281593
0.295504
0.309547
0.313114
0.295452
0.280945
0.280222
0.259035
0.194207
0.0948999
0.0239574
0.0150753
0.0429763
0.0862252
0.130475
0.186121
0.269015
0.34075
0.359204
0.375443
0.40918
0.386183
0.295579
0.226434
0.23375
0.291772
0.344732
0.370731
0.391738
0.407384
0.386651
0.316412
0.212606
0.131699
0.122405
0.150244
0.190549
0.260304
0.31376
0.300383
0.260684
0.245228
0.253978
0.266259
0.272155
0.273146
0.265324
0.25415
0.248633
0.241667
0.23299
0.232355
0.253308
0.317969
0.411595
0.479103
0.430438
0.256907
0.137578
0.114214
0.0678845
0.0169734
0.00183442
0
0
0
0
0
0
0
0
0
0
0
0
0
0
0
0
0
0
0
0
0
0
0
0
0
0
0
0
0
0
0
0
0
0
0
0
0
0
0
0
0
0
0
0
0
0
0.0017824
0.0174415
0.0684579
0.121061
0.083479
0.0152167
0.0268413
0.183837
0.391726
0.460724
0.422108
0.376684
0.345751
0.30842
0.274982
0.265452
0.273055
0.276777
0.277283
0.288679
0.301218
0.307067
0.303485
0.283328
0.271791
0.280162
0.280181
0.222793
0.106676
0.0242227
0.00711305
0.0241731
0.0634932
0.10437
0.14389
0.2108
0.287886
0.324703
0.347009
0.388995
0.411621
0.382331
0.336599
0.332026
0.371412
0.401026
0.399653
0.392607
0.384948
0.354308
0.283889
0.191043
0.121755
0.119593
0.162421
0.218546
0.285961
0.313378
0.285455
0.257774
0.260279
0.281753
0.295328
0.289869
0.27946
0.27136
0.266615
0.266867
0.26608
0.268288
0.277841
0.294141
0.332716
0.406485
0.491455
0.469283
0.285953
0.132279
0.103239
0.0838094
0.0384411
0.00765622
0
0
0
0
0
0
0
0
0
0
0
0
0
0
0
0
0
0
0
0
0
0
0
0
0
0
0
0
0
0
0
0
0
0
0
0
0
0
0
0
0
0
0
0
0
0
0.0127802
0.0614738
0.129169
0.145239
0.0710685
0.0147221
0.0945136
0.272489
0.402158
0.417909
0.385772
0.359343
0.340548
0.303135
0.265147
0.264333
0.282879
0.290317
0.291986
0.300782
0.308761
0.308625
0.298788
0.282593
0.274927
0.275272
0.283844
0.252944
0.148192
0.0549512
0.0154078
0.00913954
0.0362927
0.0712385
0.10022
0.153057
0.229759
0.294211
0.339389
0.381806
0.421078
0.444318
0.447863
0.448674
0.453605
0.442782
0.413249
0.379748
0.351842
0.312996
0.240892
0.168531
0.119659
0.119393
0.182427
0.258033
0.306673
0.307852
0.276134
0.263001
0.285755
0.315244
0.318793
0.295059
0.274558
0.275317
0.286972
0.294856
0.297171
0.301674
0.31311
0.336
0.373588
0.427107
0.491252
0.481537
0.329362
0.162592
0.107921
0.0990118
0.0574047
0.0136017
0
0
0
0
0
0
0
0
0
0
0
0
0
0
0
0
0
0
0
0
0
0
0
0
0
0
0
0
0
0
0
0
0
0
0
0
0
0
0
0
0
0
0
0
0
0
0.0299121
0.115126
0.180245
0.145475
0.0583084
0.052542
0.187583
0.339564
0.39447
0.377832
0.340838
0.320027
0.316323
0.292153
0.259206
0.256814
0.27496
0.293942
0.312534
0.325244
0.32702
0.321086
0.304511
0.28479
0.278463
0.28486
0.302231
0.287437
0.1985
0.0963628
0.0281513
0
0.0147332
0.0438015
0.0719268
0.111007
0.171909
0.244184
0.313265
0.373437
0.429546
0.476322
0.49964
0.510262
0.508034
0.472821
0.413171
0.359696
0.319839
0.261159
0.184554
0.143126
0.128406
0.136648
0.20527
0.28215
0.311673
0.304522
0.278337
0.270041
0.297958
0.326638
0.315127
0.273194
0.249325
0.265054
0.295719
0.307421
0.30551
0.304353
0.308039
0.336197
0.381448
0.419849
0.455657
0.449467
0.349297
0.207578
0.131425
0.115148
0.0725399
0.0182716
0
0
0
0
0
0
0
0
0
0
0
0
0
0
0
0
0
0
0
0
0
0
0
0
0
0
0
0
0
0
0
0
0
0
0
0
0
0
0
0
0
0
0
0
0
0.00277787
0.0462096
0.145977
0.198404
0.137899
0.0662857
0.125247
0.281597
0.37654
0.37833
0.338111
0.285423
0.263454
0.273058
0.265529
0.244876
0.238264
0.246854
0.270307
0.306697
0.334503
0.337921
0.32724
0.306466
0.284466
0.286182
0.311691
0.338049
0.330252
0.254804
0.145044
0.0511075
0.0049623
0.0115584
0.0396785
0.0655885
0.0899921
0.136517
0.205499
0.278201
0.34917
0.42091
0.47197
0.488267
0.502033
0.511537
0.474498
0.396354
0.327645
0.275904
0.207793
0.146568
0.134304
0.152094
0.185674
0.247981
0.295849
0.301737
0.292963
0.273588
0.260153
0.279604
0.305228
0.287
0.240187
0.220431
0.245251
0.281981
0.2906
0.279817
0.268454
0.271036
0.304121
0.340867
0.365738
0.396478
0.401654
0.334594
0.223925
0.149015
0.129372
0.0913252
0.0272075
0
0
0
0
0
0
0
0
0
0
0
0
0
0
0
0
0
0
0
0
0
0
0
0
0
0
0
0
0
0
0
0
0
0
0
0
0
0
0
0
0
0
0
0
0
0.0143445
0.0781412
0.171082
0.193678
0.125631
0.0965013
0.208937
0.347925
0.383838
0.352046
0.29409
0.234696
0.220956
0.240975
0.243413
0.232503
0.228354
0.233976
0.251728
0.286367
0.321881
0.333987
0.325323
0.304476
0.284848
0.288517
0.316062
0.349158
0.362511
0.311721
0.203269
0.0896713
0.0200828
0.0133971
0.0314095
0.044797
0.0655411
0.111702
0.18107
0.260939
0.342213
0.413919
0.45062
0.452671
0.461478
0.476531
0.451146
0.370961
0.285123
0.225576
0.174067
0.139791
0.142961
0.183788
0.249128
0.298609
0.294855
0.270431
0.266722
0.265074
0.254421
0.259402
0.272549
0.258442
0.225401
0.209183
0.22646
0.25706
0.263735
0.242572
0.223009
0.236118
0.27069
0.291664
0.313225
0.359338
0.394551
0.34998
0.234208
0.142714
0.129226
0.109956
0.0387968
0
0
0
0
0
0
0
0
0
0
0
0
0
0
0
0
0
0
0
0
0
0
0
0
0
0
0
0
0
0
0
0
0
0
0
0
0
0
0
0
0
0
0
0
0
0.0326046
0.123407
0.198437
0.182835
0.118839
0.143847
0.286183
0.385527
0.379455
0.330072
0.263683
0.212946
0.213666
0.233334
0.231894
0.224827
0.230758
0.246051
0.261065
0.282026
0.308878
0.322218
0.315211
0.298467
0.283344
0.277064
0.291724
0.328944
0.36326
0.350673
0.274269
0.157928
0.0589436
0.0164617
0.00946965
0.0122208
0.0365487
0.0842412
0.152763
0.254754
0.362841
0.431587
0.449828
0.441041
0.436179
0.441216
0.42463
0.349719
0.258683
0.210096
0.184782
0.165178
0.16295
0.205793
0.286706
0.317789
0.265948
0.221564
0.233755
0.256558
0.258198
0.258702
0.263584
0.256899
0.239701
0.221763
0.220595
0.242098
0.253045
0.231307
0.213615
0.225881
0.248378
0.266805
0.297515
0.357916
0.420351
0.402658
0.279748
0.158403
0.128995
0.109545
0.0393421
0
0
0
0
0
0
0
0
0
0
0
0
0
0
0
0
0
0
0
0
0
0
0
0
0
0
0
0
0
0
0
0
0
0
0
0
0
0
0
0
0
0
0
0
0
0.0368047
0.126444
0.183687
0.161089
0.129434
0.205635
0.350977
0.412978
0.382637
0.318749
0.248737
0.212067
0.225498
0.236673
0.222918
0.217966
0.234859
0.261881
0.281528
0.293289
0.303638
0.301877
0.286678
0.276525
0.272222
0.26235
0.264836
0.296255
0.339559
0.368686
0.347363
0.252166
0.132665
0.0430798
0.00366712
0
0.0291536
0.0810496
0.14924
0.267276
0.395891
0.465097
0.473188
0.456217
0.439013
0.439568
0.433171
0.368059
0.283141
0.242867
0.228473
0.214923
0.200259
0.221871
0.295362
0.315532
0.236727
0.177774
0.203092
0.247421
0.263201
0.270884
0.274518
0.269791
0.267618
0.255631
0.237897
0.24496
0.262999
0.255196
0.233033
0.221629
0.233032
0.264829
0.309297
0.372691
0.438923
0.439264
0.339952
0.21489
0.143792
0.0945392
0.0309872
0
0
0
0
0
0
0
0
0
0
0
0
0
0
0
0
0
0
0
0
0
0
0
0
0
0
0
0
0
0
0
0
0
0
0
0
0
0
0
0
0
0
0
0
0
0.0157667
0.056641
0.10802
0.127094
0.148626
0.264741
0.397446
0.432868
0.389826
0.313912
0.236827
0.210409
0.238623
0.246557
0.226423
0.227569
0.251183
0.279893
0.300143
0.308194
0.302472
0.274911
0.244939
0.239669
0.247314
0.249563
0.254616
0.270633
0.299735
0.347007
0.365001
0.298075
0.194643
0.105643
0.0385445
0.0266886
0.078909
0.137833
0.212019
0.345652
0.476042
0.525151
0.500153
0.46028
0.448509
0.47886
0.502926
0.451881
0.35621
0.290494
0.268636
0.26819
0.255858
0.254218
0.301291
0.305349
0.214134
0.15258
0.183675
0.234462
0.261211
0.28005
0.286688
0.284127
0.291082
0.280572
0.250814
0.246239
0.264671
0.264524
0.23733
0.215709
0.22942
0.268593
0.31206
0.365457
0.423571
0.436159
0.375816
0.256854
0.14392
0.0849287
0.0375904
0.00445395
0
0
0
0
0
0
0
0
0
0
0
0
0
0
0
0
0
0
0
0
0
0
0
0
0
0
0
0
0
0
0
0
0
0
0
0
0
0
0
0
0
0
0
0
0
0.00275815
0.0398002
0.0922583
0.178279
0.319994
0.418267
0.428614
0.383106
0.302528
0.216829
0.199239
0.24528
0.256044
0.236617
0.249462
0.284315
0.31533
0.330093
0.329783
0.305635
0.248624
0.197926
0.186407
0.197785
0.221899
0.251763
0.261455
0.256878
0.284505
0.308059
0.262178
0.206061
0.175124
0.119178
0.10738
0.174685
0.240567
0.341065
0.503926
0.625242
0.617535
0.525832
0.455706
0.459831
0.530814
0.596069
0.569043
0.45619
0.34827
0.308743
0.318894
0.319672
0.297682
0.286615
0.249384
0.175021
0.156402
0.196098
0.231243
0.253566
0.273448
0.287475
0.295173
0.295028
0.268746
0.236183
0.235775
0.25626
0.26276
0.245883
0.229659
0.237472
0.259129
0.282293
0.32519
0.384268
0.41006
0.383893
0.269507
0.12341
0.076579
0.0623775
0.024356
0.00521855
0.00083125
0
0
0
0
0
0
0
0
0
0
0
0
0
0
0
0
0
0
0
0
0
0
0
0
0
0
0
0
0
0
0
0
0
0
0
0
0
0
0
0
0
0
0
0
0.0149877
0.080396
0.236133
0.382054
0.422641
0.405055
0.36038
0.285817
0.20374
0.191461
0.24003
0.250507
0.23574
0.26152
0.313935
0.355331
0.367507
0.354612
0.310447
0.233224
0.164021
0.135523
0.143804
0.186526
0.244043
0.264873
0.244679
0.246639
0.258317
0.230341
0.220291
0.236436
0.20722
0.189932
0.245219
0.342917
0.486868
0.660606
0.756678
0.690707
0.544045
0.455856
0.470405
0.557029
0.643191
0.648259
0.549539
0.421738
0.357541
0.366781
0.365279
0.3077
0.233883
0.156752
0.122927
0.168307
0.222835
0.247479
0.258523
0.263029
0.274342
0.290906
0.285204
0.252497
0.22966
0.239038
0.268662
0.288889
0.275293
0.248275
0.238509
0.242687
0.254474
0.291021
0.352785
0.392497
0.388035
0.284271
0.124158
0.0752042
0.0735969
0.0312683
0.00521855
0.00083125
0
0
0
0
0
0
0
0
0
0
0
0
0
0
0
0
0
0
0
0
0
0
0
0
0
0
0
0
0
0
0
0
0
0
0
0
0
0
0
0
0
0
0
0
0.020119
0.121998
0.313995
0.434123
0.424553
0.379662
0.329834
0.271274
0.212671
0.205907
0.239838
0.243176
0.230904
0.257018
0.314114
0.361854
0.376647
0.361615
0.313001
0.235191
0.163057
0.125468
0.130307
0.174515
0.23175
0.257933
0.255282
0.266968
0.276667
0.255487
0.252777
0.272931
0.256628
0.230092
0.272086
0.40071
0.572247
0.720933
0.775113
0.692843
0.535283
0.434836
0.449015
0.533185
0.617637
0.643271
0.579548
0.468527
0.392345
0.388797
0.378599
0.301434
0.192755
0.103591
0.100728
0.165919
0.223337
0.254005
0.265227
0.263854
0.268199
0.279538
0.27595
0.256909
0.248293
0.265941
0.304897
0.328634
0.300729
0.251176
0.230413
0.24816
0.270395
0.285157
0.332616
0.394098
0.412851
0.322022
0.165522
0.0952701
0.0616875
0.0135891
0
0
0
0
0
0
0
0
0
0
0
0
0
0
0
0
0
0
0
0
0
0
0
0
0
0
0
0
0
0
0
0
0
0
0
0
0
0
0
0
0
0
0
0
0
0.0176385
0.0700628
0.195163
0.376267
0.465682
0.431722
0.360993
0.301055
0.254772
0.21511
0.221614
0.255222
0.251261
0.232396
0.246564
0.287251
0.325181
0.346425
0.350902
0.320188
0.251108
0.183817
0.149765
0.150944
0.182013
0.22234
0.239467
0.252545
0.294201
0.318459
0.288529
0.256327
0.252957
0.246342
0.23338
0.277286
0.417252
0.591752
0.695832
0.69818
0.622481
0.491075
0.391047
0.392876
0.462034
0.541336
0.579503
0.545307
0.466772
0.398048
0.370548
0.353646
0.289346
0.171897
0.0913483
0.104993
0.155728
0.204319
0.23962
0.252303
0.253862
0.254173
0.253618
0.25507
0.25986
0.266162
0.293166
0.343743
0.365083
0.32003
0.2478
0.222328
0.266052
0.29976
0.287307
0.319168
0.403959
0.448069
0.374175
0.219734
0.116771
0.0523705
0.00574301
0
0
0
0
0
0
0
0
0
0
0
0
0
0
0
0
0
0
0
0
0
0
0
0
0
0
0
0
0
0
0
0
0
0
0
0
0
0
0
0
0
0
0
0
0.00319955
0.060828
0.146648
0.258843
0.412138
0.477078
0.429059
0.343823
0.282702
0.248345
0.219078
0.23481
0.274332
0.26636
0.240055
0.243922
0.264607
0.285007
0.310869
0.335157
0.321035
0.263489
0.206004
0.175846
0.167711
0.183175
0.21317
0.22554
0.237903
0.285146
0.319574
0.295241
0.249403
0.223811
0.223822
0.238184
0.294003
0.426043
0.57502
0.633088
0.593806
0.523418
0.43306
0.354744
0.338779
0.378429
0.450631
0.505548
0.497994
0.444049
0.37925
0.324199
0.290617
0.239524
0.134277
0.0732413
0.0994812
0.140225
0.187664
0.230252
0.236428
0.220588
0.206354
0.203436
0.219829
0.252056
0.280591
0.317981
0.369913
0.386152
0.335162
0.259066
0.235751
0.279501
0.30703
0.295353
0.330874
0.412634
0.457694
0.411851
0.265037
0.130695
0.0696506
0.0237312
0.000205246
0
0
0
0
0
0
0
0
0
0
0
0
0
0
0
0
0
0
0
0
0
0
0
0
0
0
0
0
0
0
0
0
0
0
0
0
0
0
0
0
0
0
0
0.0220954
0.106924
0.19893
0.310982
0.447335
0.47727
0.408702
0.321878
0.26878
0.252753
0.245842
0.267041
0.30132
0.294601
0.268242
0.261217
0.264644
0.272183
0.293998
0.315858
0.303493
0.261951
0.223663
0.196497
0.175251
0.174375
0.195807
0.210901
0.222762
0.252126
0.280535
0.282857
0.252453
0.22155
0.234052
0.275302
0.331954
0.419771
0.509362
0.536873
0.502815
0.454069
0.393418
0.334221
0.307072
0.320564
0.375944
0.435238
0.449852
0.413464
0.347917
0.276702
0.232461
0.186327
0.096316
0.0560223
0.0877517
0.120134
0.171224
0.227297
0.229
0.191522
0.165853
0.170516
0.20156
0.245627
0.289343
0.334654
0.371151
0.371847
0.329152
0.275838
0.263175
0.291891
0.308517
0.311398
0.348605
0.404986
0.437106
0.423012
0.301156
0.157779
0.124744
0.0902271
0.0228909
0
0
0
0
0
0
0
0
0
0
0
0
0
0
0
0
0
0
0
0
0
0
0
0
0
0
0
0
0
0
0
0
0
0
0
0
0
0
0
0
0
0.00281212
0.0190215
0.0685592
0.140054
0.21085
0.346043
0.491162
0.495941
0.405106
0.315193
0.262384
0.250909
0.259031
0.287339
0.324298
0.329043
0.304974
0.283567
0.271407
0.268955
0.279856
0.292098
0.28682
0.266621
0.242983
0.214258
0.182646
0.167654
0.177367
0.192859
0.206521
0.221595
0.242433
0.265734
0.251692
0.224648
0.253527
0.312729
0.360185
0.397485
0.419467
0.425222
0.426969
0.419031
0.381787
0.335489
0.308295
0.305887
0.334913
0.378051
0.400426
0.376913
0.314227
0.239069
0.19523
0.154168
0.0755813
0.0496891
0.0798117
0.103427
0.155566
0.216444
0.219055
0.184319
0.164647
0.174722
0.207447
0.245035
0.28359
0.32601
0.346176
0.329147
0.29492
0.267169
0.267633
0.292377
0.306478
0.308388
0.327486
0.367238
0.404991
0.41198
0.315486
0.184919
0.173195
0.157609
0.0615381
0.00547045
0
0
0
0
0
0
0
0
0
0
0
0
0
0
0
0
0
0
0
0
0
0
0
0
0
0
0
0
0
0
0
0
0
0
0
0
0
0
0
0
0.00840583
0.0473311
0.112071
0.163539
0.21987
0.365192
0.519393
0.52043
0.422948
0.334451
0.277484
0.253735
0.252637
0.274982
0.31343
0.330403
0.311383
0.280994
0.259702
0.256171
0.268817
0.279416
0.280303
0.278184
0.262084
0.227871
0.192862
0.170645
0.168701
0.179315
0.191727
0.203259
0.224402
0.255817
0.248771
0.225083
0.261023
0.32748
0.368197
0.373513
0.354224
0.346988
0.368016
0.390862
0.385208
0.360344
0.335231
0.314866
0.315399
0.341005
0.364231
0.346667
0.284773
0.206254
0.16874
0.138581
0.0673046
0.0472217
0.0773928
0.100723
0.152636
0.203657
0.204379
0.18568
0.176891
0.185191
0.211609
0.24204
0.267487
0.294839
0.305012
0.283661
0.258047
0.246941
0.254144
0.275644
0.286859
0.283927
0.293914
0.33414
0.3813
0.395577
0.327537
0.215461
0.180549
0.156246
0.068518
0.00928175
0
0
0
0
0
0
0
0
0
0
0
0
0
0
0
0
0
0
0
0
0
0
0
0
0
0
0
0
0
0
0
0
0
0
0
0
0
0
0
0
0.0112443
0.0550741
0.119702
0.168531
0.231457
0.376312
0.511444
0.500805
0.41228
0.343441
0.2988
0.272897
0.265468
0.27569
0.295265
0.305482
0.293878
0.268039
0.24367
0.240366
0.262944
0.280984
0.274614
0.265529
0.258674
0.238001
0.209754
0.182734
0.168019
0.169808
0.178859
0.19212
0.218015
0.250577
0.244916
0.228074
0.270383
0.338805
0.369801
0.352314
0.322031
0.321463
0.343182
0.370345
0.38725
0.378022
0.34633
0.309882
0.295672
0.313821
0.338687
0.327304
0.270228
0.192506
0.158036
0.132343
0.0627443
0.0429264
0.078137
0.112293
0.160817
0.195059
0.191835
0.181561
0.177282
0.182246
0.204151
0.233297
0.248006
0.259364
0.266979
0.253952
0.240167
0.239337
0.246057
0.256475
0.262501
0.270838
0.300515
0.347603
0.382069
0.388291
0.349424
0.256603
0.181742
0.132279
0.058383
0.0080208
0
0
0
0
0
0
0
0
0
0
0
0
0
0
0
0
0
0
0
0
0
0
0
0
0
0
0
0
0
0
0
0
0
0
0
0
0
0
0
0
0.0109125
0.0518981
0.111448
0.160707
0.234663
0.373594
0.470903
0.43882
0.361986
0.315221
0.294096
0.284614
0.288397
0.298943
0.300857
0.29473
0.282306
0.265344
0.248375
0.240966
0.255166
0.273696
0.26183
0.232533
0.230311
0.242286
0.230964
0.198611
0.17024
0.162615
0.170172
0.184574
0.214386
0.245272
0.236457
0.231357
0.290166
0.359736
0.368041
0.3226
0.295309
0.315596
0.338143
0.361067
0.387688
0.380042
0.334591
0.291235
0.279825
0.295808
0.319715
0.317177
0.271645
0.198629
0.15651
0.120558
0.0491297
0.0338638
0.0818875
0.129869
0.169268
0.188583
0.184566
0.176257
0.176783
0.184389
0.199923
0.219259
0.228016
0.240062
0.253223
0.248837
0.242478
0.245182
0.249473
0.248845
0.252179
0.279417
0.333356
0.383618
0.402321
0.399128
0.370638
0.287218
0.19572
0.132472
0.0615572
0.010389
0
0
0
0
0
0
0
0
0
0
0
0
0
0
0
0
0
0
0
0
0
0
0
0
0
0
0
0
0
0
0
0
0
0
0
0
0
0
0
0
0.0107323
0.0493288
0.103538
0.156332
0.237619
0.353321
0.414708
0.382518
0.323885
0.287816
0.277315
0.277856
0.285146
0.293853
0.293225
0.286591
0.274603
0.259642
0.249601
0.244598
0.247301
0.254118
0.247778
0.227496
0.223416
0.242177
0.241203
0.205929
0.17122
0.162476
0.170558
0.182983
0.214227
0.242974
0.225264
0.221492
0.293218
0.360253
0.338465
0.273848
0.263287
0.303752
0.331456
0.360374
0.397513
0.390049
0.331716
0.280573
0.269364
0.282827
0.308766
0.318047
0.279954
0.20587
0.151001
0.0979939
0.029694
0.0306028
0.0921927
0.141786
0.166705
0.177701
0.179982
0.183878
0.197689
0.204167
0.19694
0.19724
0.216326
0.24522
0.26345
0.263949
0.258223
0.257522
0.258886
0.252558
0.255547
0.293693
0.355861
0.403367
0.421066
0.422714
0.39661
0.312251
0.214853
0.142244
0.067058
0.0131783
0
0
0
0
0
0
0
0
0
0
0
0
0
0
0
0
0
0
0
0
0
0
0
0
0
0
0
0
0
0
0
0
0
0
0
0
0
0
0
0
0.00720544
0.0363022
0.0804629
0.136057
0.222814
0.316861
0.363209
0.356969
0.327723
0.300281
0.287027
0.281317
0.277911
0.274079
0.26795
0.265535
0.263096
0.253743
0.243762
0.237722
0.232506
0.230038
0.240584
0.25699
0.261197
0.256114
0.237534
0.2004
0.17097
0.166951
0.174502
0.185304
0.216654
0.243715
0.222323
0.213439
0.279874
0.332554
0.290911
0.233177
0.245181
0.292373
0.327556
0.37153
0.416503
0.408569
0.344245
0.282257
0.255329
0.261978
0.300428
0.331155
0.297383
0.216457
0.150594
0.084114
0.0272669
0.0473284
0.108564
0.143989
0.155338
0.164972
0.180441
0.205678
0.226751
0.217508
0.194248
0.198744
0.229461
0.255235
0.268702
0.269634
0.260391
0.257423
0.260421
0.258957
0.266762
0.301321
0.353056
0.396732
0.419695
0.430065
0.413024
0.334174
0.23343
0.149079
0.0674755
0.0139029
0.000259693
0
0
0
0
0
0
0
0
0
0
0
0
0
0
0
0
0
0
0
0
0
0
0
0
0
0
0
0
0
0
0
0
0
0
0
0
0
0
0
0.001735
0.012107
0.0421401
0.102249
0.197338
0.289562
0.337953
0.352193
0.343975
0.327163
0.318033
0.310826
0.300155
0.285748
0.269198
0.262033
0.263822
0.260499
0.247899
0.229227
0.208886
0.204753
0.235037
0.279446
0.301813
0.284549
0.238363
0.194819
0.171401
0.166929
0.172113
0.185621
0.218305
0.24498
0.2364
0.234217
0.2755
0.296256
0.25634
0.229435
0.25379
0.291137
0.331195
0.385298
0.426989
0.414054
0.352773
0.288927
0.243921
0.240573
0.294086
0.353202
0.335131
0.25129
0.168323
0.0908074
0.0538702
0.088608
0.132498
0.144747
0.145495
0.154989
0.1822
0.218232
0.230717
0.214178
0.207246
0.223306
0.23305
0.232699
0.240547
0.245931
0.242492
0.243122
0.251775
0.264333
0.277349
0.293277
0.324412
0.366351
0.3913
0.404048
0.406988
0.348699
0.246254
0.149575
0.0633646
0.0124372
0.000259693
0
0
0
0
0
0
0
0
0
0
0
0
0
0
0
0
0
0
0
0
0
0
0
0
0
0
0
0
0
0
0
0
0
0
0
0
0
0
0
0
0
0.0219521
0.0854765
0.194848
0.300042
0.345952
0.354867
0.347469
0.338402
0.340401
0.339096
0.325891
0.308058
0.291136
0.282567
0.28251
0.277067
0.25808
0.227927
0.198339
0.196663
0.23262
0.279826
0.309501
0.295208
0.241747
0.194051
0.171415
0.166841
0.171751
0.186663
0.220796
0.25443
0.273421
0.283315
0.277879
0.253209
0.231455
0.245455
0.277241
0.302634
0.339512
0.387269
0.415412
0.398288
0.350761
0.301017
0.250468
0.233171
0.286507
0.372036
0.395432
0.321998
0.207782
0.110822
0.0889208
0.132448
0.155107
0.143512
0.134659
0.141688
0.172177
0.209598
0.223137
0.218659
0.221736
0.225421
0.216133
0.20903
0.212196
0.217134
0.222334
0.231183
0.248434
0.270408
0.27779
0.274469
0.291025
0.325229
0.34384
0.35685
0.385077
0.357383
0.254193
0.143818
0.0546664
0.00847575
0
0
0
0
0
0
0
0
0
0
0
0
0
0
0
0
0
0
0
0
0
0
0
0
0
0
0
0
0
0
0
0
0
0
0
0
0
0
0
0
0
0.000993378
0.0277923
0.0880006
0.199427
0.315729
0.359204
0.356989
0.340403
0.328642
0.330422
0.329203
0.317358
0.306209
0.298793
0.295087
0.29668
0.292251
0.274072
0.246045
0.218879
0.216781
0.244455
0.277483
0.29344
0.278057
0.237479
0.197879
0.178967
0.18187
0.185889
0.186418
0.213867
0.268822
0.319989
0.323761
0.268347
0.214987
0.212697
0.250816
0.2884
0.312436
0.34288
0.376282
0.388655
0.372522
0.352093
0.331705
0.286836
0.24852
0.275811
0.367764
0.440966
0.403205
0.271399
0.140364
0.0981268
0.137491
0.153685
0.129117
0.121312
0.13236
0.155872
0.194907
0.224943
0.228662
0.221158
0.212607
0.20713
0.207022
0.204847
0.204888
0.21676
0.237812
0.260615
0.27604
0.271405
0.259363
0.26517
0.285357
0.299055
0.314374
0.356536
0.350544
0.252018
0.136088
0.0450336
0.00341266
0
0
0
0
0
0
0
0
0
0
0
0
0
0
0
0
0
0
0
0
0
0
0
0
0
0
0
0
0
0
0
0
0
0
0
0
0
0
0
0
0
0.004133
0.0370124
0.0910199
0.183264
0.292254
0.344863
0.345718
0.319901
0.297567
0.293375
0.294726
0.293125
0.291547
0.287985
0.286216
0.292021
0.293822
0.283873
0.266213
0.245126
0.239566
0.258032
0.274111
0.267715
0.250305
0.23266
0.213725
0.204374
0.209983
0.200868
0.175012
0.186133
0.24851
0.307707
0.297185
0.23232
0.196093
0.212666
0.249369
0.282013
0.307559
0.33228
0.353674
0.353808
0.34035
0.35007
0.365064
0.337521
0.290431
0.283857
0.342553
0.420259
0.429573
0.333618
0.173348
0.0737515
0.0964962
0.120957
0.0954912
0.101489
0.129596
0.145302
0.182421
0.226687
0.233524
0.216679
0.201136
0.194372
0.19872
0.203484
0.208553
0.224282
0.249396
0.2704
0.272829
0.256285
0.239445
0.238575
0.25457
0.270526
0.284498
0.323537
0.321792
0.235431
0.13167
0.0449212
0.00336663
0
0
0
0
0
0
0
0
0
0
0
0
0
0
0
0
0
0
0
0
0
0
0
0
0
0
0
0
0
0
0
0
0
0
0
0
0
0
0
0
0
0.00448591
0.0383067
0.0915335
0.161193
0.251033
0.311399
0.317899
0.28869
0.261777
0.2587
0.268298
0.275305
0.272505
0.264072
0.264407
0.276214
0.284838
0.282097
0.26996
0.251233
0.24215
0.250306
0.249587
0.229174
0.215488
0.220157
0.224088
0.224353
0.225205
0.199816
0.156305
0.13915
0.161939
0.196892
0.199742
0.183152
0.193692
0.225768
0.250381
0.271208
0.294642
0.311206
0.319517
0.313508
0.306204
0.332818
0.367273
0.36146
0.334052
0.315607
0.321528
0.355007
0.384326
0.351048
0.209464
0.0640052
0.0545244
0.081981
0.0583262
0.0738865
0.11974
0.138359
0.171767
0.223998
0.238989
0.217836
0.19312
0.180787
0.183943
0.18858
0.193707
0.209302
0.234747
0.25816
0.25959
0.237576
0.217284
0.217143
0.234904
0.247466
0.254582
0.287343
0.285476
0.214223
0.129962
0.0542946
0.0110602
0.00125798
0
0
0
0
0
0
0
0
0
0
0
0
0
0
0
0
0
0
0
0
0
0
0
0
0
0
0
0
0
0
0
0
0
0
0
0
0
0
0
0
0.00246339
0.033404
0.0853061
0.141571
0.221899
0.283961
0.289579
0.262494
0.237029
0.233936
0.244911
0.252433
0.244425
0.231258
0.234292
0.250049
0.259744
0.257186
0.243704
0.225759
0.218489
0.22031
0.209724
0.187854
0.178004
0.189577
0.206265
0.218657
0.217917
0.185825
0.137796
0.0974658
0.0846086
0.1007
0.125685
0.157781
0.195729
0.225991
0.244787
0.264291
0.279039
0.277755
0.274058
0.271552
0.272884
0.297779
0.327216
0.334408
0.333873
0.321665
0.294835
0.288556
0.31023
0.311668
0.238302
0.12154
0.0739981
0.0725474
0.0462855
0.0577858
0.107644
0.13548
0.165049
0.21428
0.235695
0.218069
0.197302
0.189929
0.183568
0.169909
0.167466
0.186037
0.213617
0.239217
0.246781
0.228985
0.209798
0.210621
0.224249
0.228445
0.237875
0.270802
0.261621
0.196937
0.1277
0.06416
0.021709
0.00451938
0
0
0
0
0
0
0
0
0
0
0
0
0
0
0
0
0
0
0
0
0
0
0
0
0
0
0
0
0
0
0
0
0
0
0
0
0
0
0
0
0.00164979
0.0238398
0.0668159
0.121296
0.201776
0.261319
0.26517
0.241492
0.216134
0.207859
0.214386
0.222298
0.216275
0.202547
0.203581
0.216315
0.220452
0.21227
0.19663
0.182882
0.180468
0.181628
0.173725
0.159514
0.151017
0.158542
0.180568
0.202316
0.199091
0.167574
0.126346
0.0888574
0.079709
0.0979766
0.127795
0.166033
0.195701
0.21325
0.236106
0.261828
0.261142
0.23922
0.232054
0.236448
0.235148
0.240895
0.255337
0.268581
0.28096
0.276529
0.250622
0.236588
0.247044
0.247528
0.226477
0.192371
0.148218
0.104631
0.0687741
0.0695894
0.106783
0.137554
0.164183
0.202084
0.22358
0.216555
0.209466
0.211678
0.202237
0.180381
0.175527
0.19006
0.205212
0.221396
0.232291
0.2247
0.21206
0.213606
0.223115
0.226859
0.251332
0.28083
0.250233
0.186069
0.130132
0.076727
0.0331136
0.00792238
0
0
0
0
0
0
0
0
0
0
0
0
0
0
0
0
0
0
0
0
0
0
0
0
0
0
0
0
0
0
0
0
0
0
0
0
0
0
0
0.000312777
0.00084546
0.0132335
0.0513467
0.113001
0.189765
0.236958
0.239127
0.217939
0.187852
0.174023
0.179091
0.189942
0.19045
0.181488
0.182326
0.191163
0.189464
0.176667
0.16315
0.156929
0.156903
0.155444
0.149939
0.139809
0.131623
0.1411
0.167778
0.186146
0.177042
0.1541
0.129366
0.105663
0.105725
0.123939
0.142243
0.166901
0.190336
0.206975
0.228896
0.252321
0.246941
0.216704
0.202564
0.204707
0.194752
0.183445
0.193362
0.213276
0.225975
0.230074
0.232179
0.237038
0.236414
0.217721
0.204118
0.216597
0.210579
0.159639
0.110395
0.0985251
0.11505
0.136857
0.156232
0.182144
0.203908
0.209024
0.210872
0.217383
0.214158
0.199131
0.195045
0.201118
0.202962
0.208299
0.215208
0.212625
0.205757
0.208903
0.219661
0.229863
0.261778
0.277607
0.235306
0.180506
0.133919
0.08481
0.0374469
0.00779868
0
0
0
0
0
0
0
0
0
0
0
0
0
0
0
0
0
0
0
0
0
0
0
0
0
0
0
0
0
0
0
0
0
0
0
0
0
0
0
0.000312777
0.000312777
0.0078318
0.0472061
0.116837
0.187326
0.221573
0.220924
0.197611
0.158465
0.140502
0.147056
0.160032
0.16713
0.166907
0.172449
0.179904
0.173548
0.157723
0.148182
0.148403
0.149
0.143934
0.13495
0.12303
0.116887
0.13292
0.161173
0.173856
0.163459
0.148726
0.140176
0.132944
0.134633
0.136423
0.134813
0.149679
0.1765
0.197487
0.21344
0.231882
0.232233
0.201355
0.170542
0.165779
0.167583
0.16586
0.178318
0.194765
0.20108
0.212911
0.241931
0.267003
0.258629
0.225407
0.207874
0.223843
0.244194
0.219523
0.162245
0.12912
0.128193
0.134152
0.136255
0.147881
0.168248
0.178566
0.182499
0.192345
0.201006
0.20324
0.208512
0.214896
0.214833
0.21183
0.204486
0.192806
0.182702
0.185539
0.200045
0.21749
0.245687
0.248829
0.214015
0.172817
0.126923
0.0760574
0.0285345
0.00366677
0
0
0
0
0
0
0
0
0
0
0
0
0
0
0
0
0
0
0
0
0
0
0
0
0
0
0
0
0
0
0
0
0
0
0
0
0
0
0
0
0
0.00480443
0.043708
0.116909
0.185164
0.219563
0.219311
0.189321
0.14406
0.12472
0.133562
0.150657
0.162643
0.164335
0.167647
0.171692
0.163822
0.149166
0.143239
0.143684
0.139314
0.130244
0.12065
0.111284
0.110099
0.128896
0.154449
0.165905
0.157947
0.145769
0.143598
0.142132
0.13566
0.126553
0.129223
0.14568
0.159495
0.167147
0.180984
0.205652
0.212134
0.182328
0.138074
0.132376
0.166091
0.18533
0.184431
0.180918
0.183603
0.202442
0.236923
0.26713
0.268806
0.244224
0.225501
0.229985
0.244476
0.24095
0.198281
0.152167
0.136322
0.129725
0.121169
0.127376
0.146929
0.154178
0.151141
0.156051
0.168829
0.184446
0.201188
0.214668
0.221963
0.220984
0.209153
0.191578
0.17468
0.172071
0.185715
0.208978
0.234368
0.22639
0.193533
0.15797
0.112013
0.0610144
0.0180201
0.000529067
0
0
0
0
0
0
0
0
0
0
0
0
0
0
0
0
0
0
0
0
0
0
0
0
0
0
0
0
0
0
0
0
0
0
0
0
0
0
0
0
0
0.00157465
0.0308642
0.0976973
0.166034
0.212663
0.225378
0.196568
0.152174
0.134169
0.146947
0.166752
0.17815
0.175347
0.167006
0.159846
0.150364
0.141827
0.13899
0.134369
0.123383
0.113871
0.11013
0.10681
0.109519
0.130816
0.15584
0.160734
0.143387
0.125358
0.11819
0.109807
0.0996705
0.103267
0.127847
0.146899
0.139184
0.124882
0.138529
0.178551
0.199389
0.177294
0.127692
0.120625
0.17267
0.197763
0.176919
0.159264
0.168163
0.193368
0.219869
0.245341
0.273324
0.283415
0.265472
0.23891
0.215976
0.208407
0.195966
0.164126
0.138
0.122578
0.115487
0.128611
0.151297
0.155087
0.142611
0.136867
0.145841
0.161749
0.176593
0.191968
0.208349
0.217607
0.216801
0.210689
0.199742
0.194561
0.201441
0.226835
0.249439
0.223256
0.177661
0.141009
0.0978885
0.0498522
0.0128117
0
0
0
0
0
0
0
0
0
0
0
0
0
0
0
0
0
0
0
0
0
0
0
0
0
0
0
0
0
0
0
0
0
0
0
0
0
0
0
0
0
0
0
0.0155895
0.0701882
0.137328
0.193166
0.22717
0.216624
0.181142
0.163342
0.171753
0.184867
0.192095
0.183426
0.160223
0.13873
0.128055
0.127502
0.127117
0.119421
0.109771
0.107474
0.112246
0.111883
0.113886
0.138515
0.162689
0.150152
0.115147
0.0953717
0.0915265
0.085541
0.0825548
0.0981202
0.127731
0.142519
0.12512
0.100046
0.111579
0.159841
0.196586
0.187775
0.142203
0.129128
0.170128
0.187461
0.162818
0.149172
0.165861
0.186099
0.192432
0.200458
0.244826
0.303027
0.308976
0.264291
0.2121
0.188537
0.187436
0.173748
0.14548
0.121628
0.11537
0.13171
0.153324
0.154471
0.138237
0.128684
0.138864
0.15461
0.161918
0.17301
0.192355
0.206169
0.214732
0.222931
0.226403
0.228357
0.233961
0.260379
0.270683
0.221229
0.163988
0.12628
0.0858518
0.0398148
0.00844452
0
0
0
0
0
0
0
0
0
0
0
0
0
0
0
0
0
0
0
0
0
0
0
0
0
0
0
0
0
0
0
0
0
0
0
0
0
0
0
0
0
0
0
0.00785253
0.0555044
0.123485
0.177845
0.224989
0.242772
0.224072
0.201302
0.193631
0.19475
0.18913
0.165829
0.134792
0.112175
0.10608
0.111662
0.113479
0.106445
0.10182
0.107689
0.118159
0.117158
0.113871
0.134218
0.151759
0.12947
0.0979108
0.0946909
0.103213
0.102147
0.100366
0.111556
0.129499
0.135453
0.120079
0.0993405
0.107122
0.147299
0.184795
0.186812
0.155892
0.141786
0.161974
0.168718
0.149531
0.143986
0.161749
0.167164
0.1482
0.132416
0.165337
0.249992
0.30348
0.284046
0.237979
0.210731
0.205777
0.194841
0.161716
0.12751
0.116362
0.128596
0.144477
0.141635
0.125921
0.119529
0.130756
0.144092
0.146564
0.155486
0.178817
0.199069
0.213904
0.226309
0.236472
0.248352
0.263581
0.290855
0.275863
0.206785
0.14914
0.1119
0.0746426
0.0301857
0.00386496
0
0
0
0
0
0
0
0
0
0
0
0
0
0
0
0
0
0
0
0
0
0
0
0
0
0
0
0
0
0
0
0
0
0
0
0
0
0
0
0
0
0
0
0.00514093
0.0496787
0.123116
0.178234
0.232496
0.272885
0.26602
0.236777
0.211774
0.193626
0.172549
0.148281
0.126407
0.108584
0.100972
0.104599
0.107009
0.101222
0.0977925
0.10427
0.114148
0.112556
0.104348
0.113068
0.124023
0.112514
0.104337
0.118068
0.128809
0.124559
0.119969
0.12561
0.131916
0.126806
0.115359
0.106738
0.111818
0.135403
0.160601
0.163996
0.146248
0.138856
0.151379
0.152028
0.134702
0.132506
0.147433
0.144091
0.117406
0.0919933
0.100584
0.166357
0.243569
0.271677
0.257955
0.241906
0.23628
0.218703
0.173927
0.129802
0.114581
0.121259
0.129783
0.124056
0.113395
0.113507
0.121784
0.128845
0.129381
0.134766
0.156433
0.181309
0.196993
0.20693
0.224735
0.252036
0.281269
0.303953
0.261479
0.184584
0.134779
0.0974768
0.0623373
0.0217886
0.000867782
0
0
0
0
0
0
0
0
0
0
0
0
0
0
0
0
0
0
0
0
0
0
0
0
0
0
0
0
0
0
0
0
0
0
0
0
0
0
0
0
0
0
0
0.00397402
0.040746
0.11131
0.171799
0.237187
0.297648
0.300536
0.265172
0.218738
0.177059
0.160748
0.158018
0.145025
0.120769
0.103666
0.103365
0.105812
0.100932
0.0970931
0.10037
0.107178
0.107334
0.098872
0.097817
0.105093
0.108186
0.115957
0.130972
0.135651
0.130062
0.128197
0.133468
0.133605
0.12103
0.112265
0.11478
0.120772
0.132529
0.145492
0.141581
0.123586
0.122708
0.13923
0.138584
0.125555
0.128845
0.13803
0.132255
0.1165
0.0994564
0.0952497
0.126749
0.184884
0.238106
0.265708
0.268218
0.257931
0.228256
0.1717
0.124033
0.112341
0.117034
0.119612
0.114498
0.110974
0.11526
0.11744
0.116464
0.116011
0.118237
0.133862
0.157082
0.169461
0.176884
0.202769
0.240494
0.278372
0.292767
0.234819
0.163092
0.123659
0.0883328
0.0509521
0.0148211
0
0
0
0
0
0
0
0
0
0
0
0
0
0
0
0
0
0
0
0
0
0
0
0
0
0
0
0
0
0
0
0
0
0
0
0
0
0
0
0
0
0
0
0
0.00226635
0.0233751
0.0736929
0.134196
0.20551
0.284838
0.313263
0.277279
0.210641
0.157031
0.151963
0.160519
0.14579
0.117191
0.100925
0.103036
0.105308
0.0996605
0.0954054
0.0981302
0.104526
0.106926
0.100634
0.0958727
0.101308
0.114
0.128981
0.13609
0.130304
0.124573
0.126857
0.130073
0.123825
0.108361
0.106094
0.120266
0.130365
0.137607
0.147211
0.141288
0.121561
0.12348
0.140207
0.138647
0.133759
0.140766
0.139184
0.12622
0.116762
0.109976
0.107214
0.122689
0.155316
0.199739
0.253636
0.290432
0.286058
0.238817
0.165279
0.115526
0.107799
0.110057
0.110058
0.110185
0.11481
0.12292
0.123393
0.117994
0.115446
0.116893
0.128628
0.145737
0.154332
0.163496
0.189357
0.216784
0.252256
0.258269
0.200952
0.147209
0.117145
0.0845591
0.0410707
0.00838135
0
0
0
0
0
0
0
0
0
0
0
0
0
0
0
0
0
0
0
0
0
0
0
0
0
0
0
0
0
0
0
0
0
0
0
0
0
0
0
0
0
0
0
0
0.000478162
0.0110252
0.0452234
0.100166
0.161708
0.233651
0.28592
0.271831
0.211331
0.160251
0.146309
0.145825
0.135371
0.120428
0.113336
0.113043
0.109391
0.0999205
0.0926658
0.0941721
0.100831
0.103919
0.0996515
0.0962746
0.102602
0.12296
0.146354
0.152416
0.137052
0.119922
0.115095
0.111707
0.101045
0.0925254
0.102368
0.124059
0.135358
0.141466
0.15556
0.157384
0.145621
0.150224
0.159402
0.153228
0.150982
0.157719
0.148237
0.120514
0.100689
0.0944735
0.0953538
0.108094
0.130257
0.161516
0.215988
0.276845
0.292392
0.237809
0.154122
0.109136
0.103354
0.100942
0.100106
0.105769
0.118111
0.132268
0.138304
0.137576
0.135083
0.132812
0.138201
0.145744
0.148717
0.162203
0.184744
0.197123
0.22298
0.215247
0.167456
0.138553
0.112213
0.0746816
0.0279366
0.00247774
0
0
0
0
0
0
0
0
0
0
0
0
0
0
0
0
0
0
0
0
0
0
0
0
0
0
0
0
0
0
0
0
0
0
0
0
0
0
0
0
0
0
0
0
0
0.0136981
0.0519505
0.101509
0.145189
0.187703
0.242956
0.265854
0.22562
0.177122
0.153107
0.141387
0.136311
0.136145
0.134323
0.126464
0.114541
0.101481
0.0909503
0.0891671
0.0949548
0.0983904
0.0966037
0.0963804
0.101612
0.119545
0.144515
0.155998
0.142669
0.119496
0.106987
0.0997893
0.0927048
0.0978322
0.117127
0.133777
0.135969
0.140155
0.159207
0.169315
0.170337
0.179566
0.179269
0.164377
0.15786
0.166093
0.159531
0.122855
0.0919194
0.0819105
0.0821054
0.0914672
0.106138
0.129153
0.166556
0.209315
0.225448
0.185446
0.12648
0.106882
0.112863
0.111643
0.104582
0.102965
0.114253
0.130949
0.141819
0.148524
0.150738
0.149077
0.153739
0.161059
0.165828
0.182671
0.197305
0.204316
0.213613
0.183051
0.146274
0.131547
0.099368
0.0532493
0.0139999
0
0
0
0
0
0
0
0
0
0
0
0
0
0
0
0
0
0
0
0
0
0
0
0
0
0
0
0
0
0
0
0
0
0
0
0
0
0
0
0
0
0
0
0
0
0
0.0149635
0.0608996
0.116873
0.151505
0.168922
0.209544
0.261929
0.251396
0.204354
0.176747
0.155374
0.140013
0.133958
0.129929
0.122122
0.111353
0.100325
0.0899467
0.0856001
0.0899793
0.0953178
0.0977397
0.0981116
0.0968752
0.103986
0.120635
0.131287
0.127242
0.118976
0.114928
0.110852
0.106541
0.11268
0.130406
0.14233
0.139061
0.13866
0.156104
0.174442
0.187432
0.196699
0.188406
0.168106
0.157217
0.162207
0.159555
0.137731
0.119011
0.106363
0.098506
0.0979716
0.0982121
0.106552
0.122772
0.13413
0.133375
0.114302
0.097073
0.108112
0.131675
0.139739
0.129003
0.114461
0.111592
0.118656
0.127987
0.138927
0.146583
0.152796
0.167188
0.183813
0.197911
0.218989
0.230198
0.233253
0.20877
0.156825
0.136169
0.122688
0.0803483
0.0308137
0.00437395
0
0
0
0
0
0
0
0
0
0
0
0
0
0
0
0
0
0
0
0
0
0
0
0
0
0
0
0
0
0
0
0
0
0
0
0
0
0
0
0
0
0
0
0
0
0
0.00751075
0.0504305
0.120507
0.163605
0.170439
0.181428
0.236021
0.273724
0.251706
0.217262
0.179252
0.144215
0.122416
0.112526
0.110806
0.108893
0.102923
0.0937532
0.0877311
0.0904278
0.097793
0.103016
0.0996724
0.0918551
0.0964739
0.11303
0.122404
0.122634
0.125862
0.129476
0.127354
0.121333
0.119058
0.1283
0.140949
0.145794
0.145214
0.155891
0.180679
0.199208
0.20024
0.184826
0.16247
0.145522
0.140095
0.144999
0.154639
0.156364
0.143752
0.130863
0.118691
0.100999
0.092353
0.0957151
0.0946313
0.0859658
0.0790655
0.083004
0.103143
0.132962
0.152361
0.152353
0.142785
0.131788
0.123572
0.122871
0.128283
0.135351
0.148578
0.17151
0.194357
0.217765
0.24898
0.269369
0.249179
0.182535
0.133794
0.13064
0.112924
0.0622556
0.0162117
0.000416
0
0
0
0
0
0
0
0
0
0
0
0
0
0
0
0
0
0
0
0
0
0
0
0
0
0
0
0
0
0
0
0
0
0
0
0
0
0
0
0
0
0
0
0
0
0
0.00142743
0.0290721
0.0977016
0.161704
0.178403
0.164131
0.189839
0.251158
0.266661
0.23722
0.186775
0.138005
0.11202
0.101605
0.102575
0.105489
0.104311
0.100088
0.0967238
0.0982305
0.104599
0.107771
0.099564
0.0902062
0.102821
0.133495
0.149305
0.147616
0.146656
0.144094
0.138144
0.132151
0.127171
0.130222
0.141092
0.150882
0.154462
0.162307
0.184674
0.199622
0.192274
0.172045
0.146615
0.120627
0.111174
0.131592
0.156809
0.161932
0.15552
0.147125
0.128751
0.102055
0.086202
0.0839203
0.0810832
0.0762465
0.0767939
0.0829741
0.0934653
0.111791
0.13453
0.153573
0.165376
0.165229
0.154746
0.142925
0.133632
0.131576
0.14375
0.166491
0.190765
0.221748
0.266007
0.288264
0.229698
0.149347
0.127584
0.126632
0.0969777
0.0420253
0.00650882
0
0
0
0
0
0
0
0
0
0
0
0
0
0
0
0
0
0
0
0
0
0
0
0
0
0
0
0
0
0
0
0
0
0
0
0
0
0
0
0
0
0
0
0
0
0
0
0
0.00914742
0.0580833
0.136062
0.177619
0.165278
0.160267
0.204704
0.239718
0.226004
0.181425
0.135495
0.108664
0.0923737
0.0856431
0.0862696
0.0925817
0.101575
0.105752
0.106898
0.11222
0.112242
0.101056
0.0952204
0.115698
0.156012
0.175839
0.169762
0.161847
0.15452
0.148102
0.144114
0.139515
0.137323
0.143601
0.155138
0.164666
0.173534
0.186198
0.192686
0.183454
0.168287
0.15145
0.128936
0.119797
0.134992
0.149636
0.151526
0.148614
0.142104
0.126068
0.10412
0.0897525
0.0814505
0.0756981
0.0790326
0.0879875
0.0934498
0.0930259
0.0921953
0.101934
0.129224
0.165002
0.187838
0.187594
0.172126
0.15315
0.141632
0.144504
0.161016
0.188048
0.22742
0.272332
0.263216
0.183002
0.132486
0.131207
0.113987
0.068817
0.0212176
0.00104439
0
0
0
0
0
0
0
0
0
0
0
0
0
0
0
0
0
0
0
0
0
0
0
0
0
0
0
0
0
0
0
0
0
0
0
0
0
0
0
0
0
0
0
0
0
0
0
0
0.000747895
0.0254321
0.0915467
0.156742
0.173339
0.158963
0.170067
0.203085
0.209653
0.183662
0.152269
0.123337
0.0936123
0.0741502
0.0702524
0.0845244
0.106116
0.114483
0.115496
0.123578
0.1222
0.107998
0.106924
0.129993
0.16491
0.178836
0.166649
0.157134
0.15652
0.15608
0.155401
0.152835
0.145659
0.142844
0.15533
0.174974
0.186784
0.191875
0.193
0.185485
0.178951
0.172558
0.156466
0.144087
0.14323
0.146853
0.147903
0.145892
0.143844
0.133685
0.114847
0.0989527
0.0847281
0.0782085
0.088578
0.101591
0.102655
0.092845
0.0829211
0.0845387
0.10356
0.142502
0.184929
0.203027
0.194163
0.176773
0.166072
0.166113
0.178139
0.204713
0.239189
0.247142
0.195076
0.139049
0.13221
0.125887
0.0856452
0.0355842
0.00642705
0
0
0
0
0
0
0
0
0
0
0
0
0
0
0
0
0
0
0
0
0
0
0
0
0
0
0
0
0
0
0
0
0
0
0
0
0
0
0
0
0
0
0
0
0
0
0
0
0
0
0.00638933
0.0459374
0.119127
0.170892
0.171353
0.155699
0.163965
0.185762
0.185414
0.166238
0.144983
0.115061
0.0870574
0.0810872
0.102618
0.128722
0.133033
0.13182
0.141303
0.137315
0.12004
0.123096
0.146648
0.170079
0.174073
0.159897
0.15207
0.153557
0.153559
0.157001
0.163403
0.159747
0.148811
0.15219
0.174291
0.19015
0.195876
0.199545
0.190693
0.179699
0.17125
0.156792
0.145693
0.144503
0.148584
0.150949
0.155926
0.161987
0.151504
0.128948
0.110296
0.0951919
0.0908832
0.100128
0.105114
0.0957516
0.0805746
0.0793656
0.0946917
0.107667
0.124006
0.156652
0.185675
0.193873
0.189864
0.189322
0.197486
0.2152
0.24182
0.240019
0.186383
0.131812
0.125961
0.136902
0.10948
0.0532991
0.0125503
0.00059555
0
0
0
0
0
0
0
0
0
0
0
0
0
0
0
0
0
0
0
0
0
0
0
0
0
0
0
0
0
0
0
0
0
0
0
0
0
0
0
0
0
0
0
0
0
0
0
0
0
0
0
0.0181321
0.0765804
0.146606
0.176911
0.162322
0.143644
0.16048
0.191064
0.18844
0.171286
0.143852
0.108262
0.105291
0.137474
0.164699
0.162781
0.156878
0.159917
0.149585
0.131579
0.138021
0.163478
0.18362
0.187229
0.17769
0.16239
0.147364
0.140563
0.147998
0.164621
0.17346
0.166773
0.158195
0.168338
0.18417
0.193414
0.199622
0.186744
0.167906
0.162868
0.161556
0.156824
0.154027
0.156449
0.160652
0.168828
0.174366
0.160748
0.13894
0.124797
0.113665
0.109979
0.111678
0.102467
0.0831138
0.0724111
0.0883126
0.119493
0.135513
0.134723
0.136964
0.149274
0.16851
0.185167
0.19879
0.221431
0.259512
0.27885
0.219782
0.13547
0.115181
0.135873
0.132905
0.0842673
0.0277195
0.00255397
0
0
0
0
0
0
0
0
0
0
0
0
0
0
0
0
0
0
0
0
0
0
0
0
0
0
0
0
0
0
0
0
0
0
0
0
0
0
0
0
0
0
0
0
0
0
0
0
0
0
0
0
0.00531398
0.037834
0.102183
0.15871
0.172331
0.151913
0.14701
0.186089
0.213361
0.203338
0.164987
0.120556
0.123869
0.165581
0.193079
0.189961
0.178457
0.169726
0.154296
0.137993
0.142854
0.166814
0.192145
0.207023
0.203769
0.174478
0.138704
0.126548
0.136778
0.158132
0.181152
0.189549
0.177916
0.174388
0.187656
0.199928
0.201169
0.184093
0.171104
0.181167
0.195101
0.188947
0.171891
0.167274
0.171505
0.174219
0.172895
0.159608
0.145512
0.139981
0.132758
0.131055
0.132815
0.11851
0.0939819
0.0863812
0.108915
0.143679
0.163244
0.160702
0.145236
0.134679
0.148715
0.176961
0.205618
0.247484
0.286297
0.257479
0.165147
0.111988
0.126629
0.142645
0.113417
0.0519352
0.00954125
0
0
0
0
0
0
0
0
0
0
0
0
0
0
0
0
0
0
0
0
0
0
0
0
0
0
0
0
0
0
0
0
0
0
0
0
0
0
0
0
0
0
0
0
0
0
0
0
0
0
0
0
0
0.000416975
0.0125824
0.0535654
0.116653
0.166139
0.171031
0.148541
0.152114
0.186978
0.204788
0.175527
0.133447
0.140596
0.182046
0.205077
0.200945
0.182457
0.167102
0.1562
0.144661
0.142074
0.154768
0.180505
0.206203
0.208768
0.174122
0.132541
0.122313
0.133382
0.153109
0.183211
0.203227
0.19612
0.191028
0.207214
0.223182
0.216203
0.194894
0.192797
0.215129
0.23081
0.212303
0.18207
0.174711
0.178921
0.176324
0.167473
0.154759
0.151105
0.153781
0.147898
0.151097
0.162927
0.156198
0.13218
0.116692
0.128742
0.157643
0.176991
0.176245
0.160381
0.143768
0.148729
0.172557
0.205261
0.238051
0.22527
0.159384
0.106849
0.111696
0.136718
0.126634
0.0763544
0.0230081
0.00120257
0
0
0
0
0
0
0
0
0
0
0
0
0
0
0
0
0
0
0
0
0
0
0
0
0
0
0
0
0
0
0
0
0
0
0
0
0
0
0
0
0
0
0
0
0
0
0
0
0
0
0
0
0
0
0.00235125
0.0194475
0.0699996
0.140668
0.18119
0.166342
0.132024
0.134768
0.17136
0.185952
0.17253
0.179933
0.203366
0.210521
0.196541
0.172351
0.163153
0.166344
0.163255
0.152007
0.146696
0.163251
0.189402
0.192829
0.162138
0.133017
0.134601
0.145714
0.156561
0.179316
0.19868
0.199926
0.208746
0.235543
0.251957
0.237497
0.216343
0.217905
0.233059
0.236021
0.211728
0.186768
0.186019
0.191639
0.186872
0.171701
0.155303
0.156469
0.165616
0.162455
0.170893
0.190821
0.193026
0.175314
0.148681
0.140766
0.158793
0.17507
0.174409
0.162865
0.152974
0.157319
0.175366
0.201298
0.201967
0.150381
0.101739
0.104033
0.133228
0.135406
0.0904501
0.034966
0.00560788
0
0
0
0
0
0
0
0
0
0
0
0
0
0
0
0
0
0
0
0
0
0
0
0
0
0
0
0
0
0
0
0
0
0
0
0
0
0
0
0
0
0
0
0
0
0
0
0
0
0
0
0
0
0
0
0
0.00475881
0.0357644
0.101639
0.164763
0.180075
0.146939
0.1146
0.134795
0.190704
0.22941
0.242061
0.238914
0.224414
0.195874
0.167081
0.165836
0.180348
0.183526
0.169247
0.154945
0.161674
0.177347
0.174174
0.149356
0.136587
0.149874
0.162339
0.168452
0.181783
0.194552
0.2046
0.229863
0.263217
0.272951
0.251172
0.233842
0.238594
0.238668
0.222878
0.201736
0.19216
0.20004
0.206412
0.200066
0.183368
0.162999
0.1585
0.169654
0.178573
0.19616
0.216011
0.21978
0.206693
0.172888
0.151606
0.16092
0.169365
0.164501
0.159762
0.165927
0.181816
0.203187
0.213688
0.181212
0.12966
0.114055
0.136177
0.15117
0.116506
0.0523328
0.0100562
0
0
0
0
0
0
0
0
0
0
0
0
0
0
0
0
0
0
0
0
0
0
0
0
0
0
0
0
0
0
0
0
0
0
0
0
0
0
0
0
0
0
0
0
0
0
0
0
0
0
0
0
0
0
0
0
0
0.00079581
0.014019
0.0551573
0.114649
0.158154
0.157783
0.124687
0.11395
0.167222
0.247476
0.287236
0.274667
0.242814
0.2086
0.179428
0.173288
0.180723
0.180535
0.173373
0.169099
0.171957
0.172245
0.158583
0.137242
0.132869
0.149598
0.166759
0.180818
0.194625
0.202943
0.218158
0.249855
0.278487
0.278553
0.253101
0.238164
0.248177
0.244069
0.218035
0.202592
0.202912
0.210176
0.211103
0.201408
0.187856
0.171446
0.160503
0.168968
0.193338
0.221187
0.236686
0.2352
0.218321
0.185061
0.168192
0.175351
0.175237
0.168727
0.175298
0.199287
0.229151
0.239858
0.202578
0.138591
0.109371
0.12863
0.156686
0.142697
0.0790894
0.0217095
0.00178034
0
0
0
0
0
0
0
0
0
0
0
0
0
0
0
0
0
0
0
0
0
0
0
0
0
0
0
0
0
0
0
0
0
0
0
0
0
0
0
0
0
0
0
0
0
0
0
0
0
0
0
0
0
0
0
0
0
0
0.00275748
0.0181854
0.0521887
0.0976539
0.133897
0.137252
0.11864
0.129915
0.192694
0.255439
0.264757
0.239607
0.218948
0.203752
0.189244
0.174988
0.163782
0.164268
0.172801
0.175936
0.165826
0.145834
0.129669
0.129688
0.143416
0.163433
0.186779
0.202729
0.20645
0.220854
0.252809
0.277608
0.274741
0.254194
0.243581
0.251803
0.245302
0.222532
0.218094
0.220792
0.215741
0.202714
0.187164
0.180266
0.17777
0.17065
0.175036
0.202181
0.232675
0.246783
0.240554
0.217327
0.190847
0.186475
0.194151
0.19109
0.191101
0.21073
0.243844
0.254665
0.210544
0.131708
0.0850148
0.100141
0.141693
0.15723
0.11118
0.039576
0.00431247
0
0
0
0
0
0
0
0
0
0
0
0
0
0
0
0
0
0
0
0
0
0
0
0
0
0
0
0
0
0
0
0
0
0
0
0
0
0
0
0
0
0
0
0
0
0
0
0
0
0
0
0
0
0
0
0
0
0
0
0
0.0025626
0.0113273
0.0374237
0.086764
0.128907
0.130908
0.113516
0.124915
0.163382
0.183903
0.189996
0.208674
0.221641
0.209872
0.182772
0.161045
0.156847
0.163913
0.170321
0.162838
0.145456
0.137594
0.141241
0.149007
0.165312
0.189478
0.203404
0.203073
0.217119
0.252381
0.279472
0.275204
0.25557
0.249599
0.251848
0.240233
0.227008
0.229196
0.224052
0.203084
0.178689
0.163155
0.167488
0.182096
0.186036
0.187051
0.205081
0.231264
0.246322
0.242197
0.218719
0.196103
0.196569
0.205354
0.209029
0.223895
0.252566
0.26145
0.207233
0.116311
0.0620805
0.0690869
0.111346
0.148562
0.136777
0.0699612
0.0137086
0
0
0
0
0
0
0
0
0
0
0
0
0
0
0
0
0
0
0
0
0
0
0
0
0
0
0
0
0
0
0
0
0
0
0
0
0
0
0
0
0
0
0
0
0
0
0
0
0
0
0
0
0
0
0
0
0
0
0
0
0
0
0
0.00968747
0.0492233
0.109547
0.141624
0.125648
0.101482
0.0932627
0.0847243
0.0972416
0.157222
0.214349
0.225515
0.205671
0.177503
0.153481
0.145151
0.162662
0.17447
0.165621
0.160934
0.161751
0.162381
0.172662
0.194127
0.208565
0.213313
0.233396
0.272757
0.298721
0.282243
0.244927
0.230936
0.232179
0.226328
0.221776
0.21887
0.203322
0.183784
0.16761
0.157834
0.168804
0.190281
0.199159
0.19727
0.206162
0.226901
0.239165
0.24134
0.228357
0.206072
0.20284
0.216995
0.236865
0.265329
0.277728
0.22499
0.122758
0.0530263
0.0494521
0.084284
0.126442
0.138846
0.0947314
0.0312091
0.00241951
0
0
0
0
0
0
0
0
0
0
0
0
0
0
0
0
0
0
0
0
0
0
0
0
0
0
0
0
0
0
0
0
0
0
0
0
0
0
0
0
0
0
0
0
0
0
0
0
0
0
0
0
0
0
0
0
0
0
0
0
0
0
0
0.00261222
0.025221
0.0911843
0.169186
0.180974
0.126583
0.0731119
0.039342
0.0302652
0.0838988
0.171944
0.222756
0.222363
0.18081
0.11477
0.0855908
0.141883
0.202767
0.209669
0.195747
0.178421
0.163721
0.165652
0.189993
0.215226
0.231146
0.255297
0.300376
0.327474
0.291445
0.22676
0.19558
0.195528
0.198683
0.202264
0.203708
0.199027
0.210058
0.209404
0.189056
0.193443
0.208212
0.212129
0.206949
0.206286
0.221197
0.236892
0.249581
0.250921
0.23044
0.221814
0.243193
0.274636
0.28716
0.24863
0.156659
0.0726347
0.05012
0.0730874
0.111565
0.135405
0.107878
0.0459184
0.00700453
0
0
0
0
0
0
0
0
0
0
0
0
0
0
0
0
0
0
0
0
0
0
0
0
0
0
0
0
0
0
0
0
0
0
0
0
0
0
0
0
0
0
0
0
0
0
0
0
0
0
0
0
0
0
0
0
0
0
0
0
0
0
0
0
0.000255273
0.0079404
0.0606039
0.179196
0.262231
0.209602
0.103468
0.0486715
0.03057
0.0475945
0.115114
0.180138
0.171501
0.103132
0.0388507
0.0191181
0.12105
0.245251
0.258499
0.213342
0.171569
0.145907
0.136046
0.159854
0.197888
0.22546
0.259324
0.324812
0.358536
0.301216
0.218622
0.179348
0.172475
0.173439
0.188588
0.213185
0.242558
0.295862
0.289292
0.234691
0.227076
0.233885
0.235881
0.232655
0.220681
0.220922
0.246871
0.274899
0.275519
0.244973
0.215567
0.220062
0.243482
0.235074
0.174834
0.103519
0.0692784
0.0827039
0.124293
0.152866
0.126253
0.0596986
0.0122416
0
0
0
0
0
0
0
0
0
0
0
0
0
0
0
0
0
0
0
0
0
0
0
0
0
0
0
0
0
0
0
0
0
0
0
0
0
0
0
0
0
0
0
0
0
0
0
0
0
0
0
0
0
0
0
0
0
0
0
0
0
0
0
0
0
0
0.000728852
0.0215447
0.11372
0.247332
0.268936
0.162942
0.0812578
0.0662813
0.0717658
0.0974982
0.125384
0.0832306
0.0170371
0
0
0.137273
0.290057
0.262186
0.18728
0.152826
0.138286
0.120367
0.126741
0.159002
0.194952
0.252332
0.33708
0.356049
0.284845
0.220906
0.196529
0.182662
0.178995
0.215948
0.268499
0.322785
0.39139
0.353451
0.264556
0.250728
0.257228
0.268151
0.275339
0.258605
0.242229
0.26025
0.278998
0.254486
0.190194
0.122041
0.109
0.141824
0.148328
0.115729
0.0873611
0.0979645
0.155806
0.207744
0.176763
0.0861757
0.0198452
0.000814045
0
0
0
0
0
0
0
0
0
0
0
0
0
0
0
0
0
0
0
0
0
0
0
0
0
0
0
0
0
0
0
0
0
0
0
0
0
0
0
0
0
0
0
0
0
0
0
0
0
0
0
0
0
0
0
0
0
0
0
0
0
0
0
0
0
0
0
0.00196914
0.0294846
0.115498
0.196073
0.17897
0.121478
0.10409
0.110499
0.117482
0.105697
0.0452236
0
0
0.0111988
0.156767
0.276423
0.211512
0.158059
0.167836
0.17293
0.150162
0.131046
0.135675
0.159858
0.223159
0.298979
0.285932
0.227077
0.218685
0.225689
0.215204
0.220065
0.294004
0.36665
0.40723
0.440811
0.357982
0.25764
0.250343
0.263673
0.286
0.301767
0.289121
0.272716
0.264721
0.229128
0.159632
0.0814397
0.0250478
0.0425653
0.101066
0.119051
0.105243
0.102567
0.140956
0.210794
0.217738
0.124351
0.0336948
0.00323297
0
0
0
0
0
0
0
0
0
0
0
0
0
0
0
0
0
0
0
0
0
0
0
0
0
0
0
0
0
0
0
0
0
0
0
0
0
0
0
0
0
0
0
0
0
0
0
0
0
0
0
0
0
0
0
0
0
0
0
0
0
0
0
0
0
0
0
0
0
0
0.018317
0.0696652
0.115159
0.123209
0.117923
0.119411
0.12125
0.101976
0.0416114
0
0
0.0111988
0.0944216
0.166664
0.150077
0.151013
0.1945
0.213799
0.188993
0.161329
0.144214
0.12939
0.152173
0.193514
0.182823
0.174856
0.214188
0.246385
0.247286
0.26026
0.353053
0.431522
0.441172
0.392944
0.274427
0.210246
0.223318
0.24581
0.267278
0.277254
0.271529
0.266209
0.239084
0.162864
0.076436
0.0277342
0.0322012
0.0801778
0.121813
0.127495
0.119657
0.121396
0.144744
0.157155
0.109477
0.0387768
0.00512913
0
0
0
0
0
0
0
0
0
0
0
0
0
0
0
0
0
0
0
0
0
0
0
0
0
0
0
0
0
0
0
0
0
0
0
0
0
0
0
0
0
0
0
0
0
0
0
0
0
0
0
0
0
0
0
0
0
0
0
0
0
0
0
0
0
0
0
0
0
0
0
0
0.00944292
0.0379177
0.0694728
0.0882468
0.0982272
0.103493
0.0971313
0.0553397
0.0107228
0
0
0.0186298
0.0699211
0.111087
0.130239
0.164642
0.187342
0.176365
0.169863
0.158214
0.113534
0.0867416
0.093981
0.108434
0.145992
0.194833
0.222363
0.226364
0.243793
0.312715
0.368884
0.346306
0.249799
0.159737
0.147511
0.175802
0.206551
0.223142
0.220925
0.21224
0.206564
0.185414
0.140754
0.089909
0.0601024
0.079073
0.113746
0.123349
0.122903
0.11872
0.106734
0.0894235
0.0578688
0.020145
0.00191513
0
0
0
0
0
0
0
0
0
0
0
0
0
0
0
0
0
0
0
0
0
0
0
0
0
0
0
0
0
0
0
0
0
0
0
0
0
0
0
0
0
0
0
0
0
0
0
0
0
0
0
0
0
0
0
0
0
0
0
0
0
0
0
0
0
0
0
0
0
0
0
0
0
0
0.00452172
0.0178861
0.036592
0.0568092
0.0778002
0.09277
0.0818291
0.047499
0.0213627
0.016262
0.0313152
0.0771172
0.116899
0.119212
0.120678
0.130158
0.139174
0.152691
0.14535
0.102334
0.0625951
0.049669
0.0610128
0.0954356
0.129004
0.141033
0.154914
0.187718
0.217181
0.219507
0.176571
0.12113
0.110587
0.132695
0.157849
0.182126
0.195057
0.188049
0.172585
0.162964
0.160377
0.155566
0.126207
0.0877824
0.0866103
0.103565
0.106565
0.101695
0.0859706
0.0586058
0.0294449
0.00875402
0.000982843
0
0
0
0
0
0
0
0
0
0
0
0
0
0
0
0
0
0
0
0
0
0
0
0
0
0
0
0
0
0
0
0
0
0
0
0
0
0
0
0
0
0
0
0
0
0
0
0
0
0
0
0
0
0
0
0
0
0
0
0
0
0
0
0
0
0
0
0
0
0
0
0
0
0
0
0
0.00134985
0.00684153
0.0201919
0.0443666
0.0716616
0.0848581
0.0716088
0.041718
0.0282742
0.0502295
0.0934147
0.131025
0.147313
0.144489
0.13934
0.152034
0.165298
0.14645
0.106718
0.0692593
0.0420989
0.0328798
0.0454717
0.0635137
0.072101
0.0936575
0.126052
0.12975
0.102585
0.0746689
0.0812512
0.128732
0.172681
0.188096
0.192939
0.196827
0.193058
0.179681
0.16381
0.148944
0.127688
0.0927444
0.0654056
0.0689314
0.0838218
0.0841365
0.0656971
0.0381538
0.0158455
0.00368943
0
0
0
0
0
0
0
0
0
0
0
0
0
0
0
0
0
0
0
0
0
0
0
0
0
0
0
0
0
0
0
0
0
0
0
0
0
0
0
0
0
0
0
0
0
0
0
0
0
0
0
0
0
0
0
0
0
0
0
0
0
0
0
0
0
0
0
0
0
0
0
0
0
0
0
0
0
0
0
0.000387523
0.00353967
0.0153681
0.0361901
0.0529577
0.0495345
0.0293966
0.0209432
0.0351739
0.056904
0.0898215
0.134363
0.161424
0.167589
0.180844
0.193007
0.177013
0.144319
0.112169
0.0840451
0.0680527
0.0678123
0.0714203
0.068503
0.0725152
0.0851343
0.0851752
0.0737691
0.0735494
0.103249
0.152433
0.187947
0.200594
0.201373
0.197381
0.187777
0.163734
0.124834
0.082872
0.0511017
0.0399963
0.0464391
0.05649
0.0594548
0.0476248
0.0249862
0.00729117
0.000868292
0
0
0
0
0
0
0
0
0
0
0
0
0
0
0
0
0
0
0
0
0
0
0
0
0
0
0
0
0
0
0
0
0
0
0
0
0
0
0
0
0
0
0
0
0
0
0
0
0
0
0
0
0
0
0
0
0
0
0
0
0
0
0
0
0
0
0
0
0
0
0
0
0
0
0
0
0
0
0
0
0
0
0.00222237
0.00864292
0.0154967
0.0151025
0.00904122
0.0180032
0.0414275
0.0511902
0.0543975
0.0734955
0.094524
0.10592
0.122436
0.141729
0.146364
0.138818
0.127187
0.114321
0.106588
0.106662
0.107422
0.10164
0.097643
0.102487
0.107568
0.10994
0.118179
0.137046
0.155457
0.163782
0.167005
0.161971
0.143464
0.115315
0.0784825
0.0420192
0.0167526
0.0137947
0.0338258
0.0486184
0.0421487
0.0271189
0.0133836
0.00340038
0
0
0
0
0
0
0
0
0
0
0
0
0
0
0
0
0
0
0
0
0
0
0
0
0
0
0
0
0
0
0
0
0
0
0
0
0
0
0
0
0
0
0
0
0
0
0
0
0
0
0
0
0
0
0
0
0
0
0
0
0
0
0
0
0
0
0
0
0
0
0
0
0
0
0
0
0
0
0
0
0
0
0
0
0
0
0.000400597
0.000400597
0
0.0137526
0.0478245
0.0718419
0.0692202
0.0569338
0.0424643
0.0287085
0.0341121
0.0589614
0.0804259
0.0908928
0.0915564
0.0844932
0.078378
0.0812127
0.0912314
0.098304
0.102535
0.109722
0.115477
0.116652
0.120407
0.129357
0.129992
0.114908
0.0935949
0.0706796
0.0485134
0.028964
0.013605
0.0105852
0.0145881
0.0233237
0.0356489
0.0340489
0.018098
0.00506767
0.000737025
0
0
0
0
0
0
0
0
0
0
0
0
0
0
0
0
0
0
0
0
0
0
0
0
0
0
0
0
0
0
0
0
0
0
0
0
0
0
0
0
0
0
0
0
0
0
0
0
0
0
0
0
0
0
0
0
0
0
0
0
0
0
0
0
0
0
0
0
0
0
0
0
0
0
0
0
0
0
0
0
0
0
0
0
0
0
0
0
0
0
0.00503012
0.0239261
0.0479587
0.0603444
0.0581817
0.0426005
0.0213631
0.0184435
0.0399374
0.0639413
0.0790028
0.08291
0.0751547
0.0635596
0.0603077
0.067333
0.0719406
0.0715898
0.0742635
0.0783781
0.0807863
0.0872332
0.0977853
0.0962021
0.0727086
0.0397153
0.0150177
0.00742351
0.0104593
0.0176177
0.0259514
0.0258213
0.0197008
0.0151097
0.00933373
0.00273448
0
0
0
0
0
0
0
0
0
0
0
0
0
0
0
0
0
0
0
0
0
0
0
0
0
0
0
0
0
0
0
0
0
0
0
0
0
0
0
0
0
0
0
0
0
0
0
0
0
0
0
0
0
0
0
0
0
0
0
0
0
0
0
0
0
0
0
0
0
0
0
0
0
0
0
0
0
0
0
0
0
0
0
0
0
0
0
0
0
0
0
0
0.000349768
0.00362079
0.0113128
0.0204562
0.0267206
0.0255444
0.0193846
0.0215879
0.0345545
0.0479917
0.0613542
0.0744963
0.0789695
0.0728427
0.0654178
0.0640704
0.0639947
0.0619954
0.0632657
0.0668718
0.0703987
0.0781697
0.087187
0.0854532
0.0673888
0.040476
0.0213415
0.0175921
0.0198341
0.021269
0.0198326
0.0126628
0.00461607
0.000822667
0
0
0
0
0
0
0
0
0
0
0
0
0
0
0
0
0
0
0
0
0
0
0
0
0
0
0
0
0
0
0
0
0
0
0
0
0
0
0
0
0
0
0
0
0
0
0
0
0
0
0
0
0
0
0
0
0
0
0
0
0
0
0
0
0
0
0
0
0
0
0
0
0
0
0
0
0
0
0
0
0
0
0
0
0
0
0
0
0
0
0
0
0
0
0
0
0
0.000788723
0.00274705
0.00400995
0.0045354
0.00719275
0.0109999
0.0136781
0.0191161
0.0306201
0.0405336
0.0409888
0.0339374
0.0301043
0.0366883
0.0461546
0.0528266
0.0555216
0.0548579
0.0567078
0.0594012
0.0573392
0.0480874
0.0311017
0.0161799
0.0110692
0.00937482
0.00638181
0.00324334
0.000870202
0
0
0
0
0
0
0
0
0
0
0
0
0
0
0
0
0
0
0
0
0
0
0
0
0
0
0
0
0
0
0
0
0
0
0
0
0
0
0
0
0
0
0
0
0
0
0
0
0
0
0
0
0
0
0
0
0
0
0
0
0
0
0
0
0
0
0
0
0
0
0
0
0
0
0
0
0
0
0
0
0
0
0
0
0
0
0
0
0
0
0
0
0
0
0
0
0
0
0
0
0
0
0
0
0
0
0.00039622
0.00297819
0.00623782
0.0064771
0.00282125
0.000506307
0.00555416
0.0131136
0.0175389
0.0184481
0.0168457
0.0158358
0.0157407
0.0152324
0.0130093
0.00740677
0.0018542
0
0
0
0
0
0
0
0
0
0
0
0
0
0
0
0
0
0
0
0
0
0
0
0
0
0
0
0
0
0
0
0
0
0
0
0
0
0
0
0
0
0
0
0
0
0
0
0
0
0
0
0
0
0
0
0
0
0
0
0
0
0
0
0
0
0
0
0
0
0
0
0
0
0
0
0
0
0
0
0
0
0
0
0
0
0
0
0
0
0
0
0
0
0
0
0
0
0
0
0
0
0
0
0
0
0
0
0
0
0
0
0
0
0
0
0
0
0
0
0
0
0
0
0
0
0
0
0
0
0
0
0
0
0
0
0
0
0
0
0
0
0
0
0
0
0
0
0
0
0
0
0
0
0
0
0
0
0
0
0
0
0
0
0
0
0
0
0
0
0
0
0
0
0
0
0
0
0
0
0
0
0
0
0
0
0
0
0
0
0
0
0
0
0
0
0
0
0
0
0
0
0
0
0
0
0
0
0
0
0
0
0
0
0
0
0
0
0
0
0
0
0
0
0
0
0
0
0
0
0
0
0
0
0
0
0
0
0
0
0
0
0
0
0
0
0
0
0
0
0
0
0
0
0
0
0
0
0
0
0
0
0
0
0
0
0
0
0
0
0
0
0
0
0
0
0
0
0
0
0
0
0
0
0
0
0
0
0
0
0
0
0
0
0
0
0
0
0
0
0
0
0
0
0
0
0
0
0
0
0
0
0
0
0
0
0
0
0
0
0
0
0
0
0
0
0
0
0
0
0
0
0
0
0
0
0
0
0
0
0
0
0
0
0
0
0
0
0
0
0
0
0
0
0
0
0
0
0
0
0
0
0
0
0
0
0
0
0
0
0
0
0
0
0
0
0
0
0
0
0
0
0
0
0
0
0
0
0
0
0
0
0
0
0
0
0
0
0
0
0
0
0
0
0
0
0
0
0
0
0
0
0
0
0
0
0
0
0
0
0
0
0
0
0
0
0
0
0
0
0
0
0
0
0
0
0
0
0
0
0
0
0
0
0
0
0
0
0
0
0
0
0
0
0
0
0
0
0
0
0
0
0
0
0
0
0
0
0
0
0
0
0
0
0
0
0
0
0
0
0
0
0
0
0
0
0
0
0
0
0
0
0
0
0
0
0
0
0
0
0
0
0
0
0
0
0
0
0
0
0
0
0
0
0
0
0
0
0
0
0
0
0
0
0
0
0
0
0
0
0
0
0
0
0
0
0
0
0
0
0
0
0
0
0
0
0
0
0
0
0
0
0
0
0
0
0
0
0
0
0
0
0
0
0
0
0
0
0
0
0
0
0
0
0
0
0
0
0
0
0
0
0
0
0
0
0
0
0
0
0
0
0
0
0
0
0
0
0
0
0
0
0
0
0
0
0
0
0
0
0
0
0
0
0
0
0
0
0
0
0
0
0
0
0
0
0
0
0
0
0
0
0
0
0
0
0
0
0
0
0
0
0
0
0
0
0
0
0
0
0
0
0
0
0
0
0
0
0
0
0
0
0
0
0
0
0
0
0
0
0
0
0
0
0
0
0
0
0
0
0
0
0
0
0
0
0
0
0
0
0
0
0
0
0
0
0
0
0
0
0
0
0
0
0
0
0
0
0
0
0
0
0
0
0
0
0
0
0
0
0
0
0
0
0
0
0
0
0
0
0
0
0
0
0
0
0
0
0
0
0
0
0
0
0
0
0
0
0
0
0
0
0
0
0
0
0
0
0
0
0
0
0
0
0
0
0
0
0
0
0
0
0
0
0
0
0
0
0
0
0
0
0
0
0
0
0
0
0
0
0
0
0
0
0
0
0
0
0
0
0
0
0
0
0
0
0
0
0
0
0
0
0
0
0
0
0
0
0
0
0
0
0
0
0
0
0
0
0
0
0
0
0
0
0
0
0
0
0
0
0
0
0
0
0
0
0
0
0
0
0
0
0
0
0
0
0
0
0
0
0
0
0
0
0
0
0
0
0
0
0
0
0
0
0
0
0
0
0
0
0
0
0
0
0
0
0
0
0
0
0
0
0
0
0
0
0
0
0
0
0
0
0
0
0
0
0
0
0
0
0
0
0
0
0
0
0
0
0
0
0
0
0
0
0
0
0
0
0
0
0
0
0
0
0
0
0
0
0
0
0
0
0
0
0
0
0
0
0
0
0
0
0
0
0
0
0
0
0
0
0
0
0
0
0
0
0
0
0
0
0
0
0
0
0
0
0
0
0
0
0
0
0
0
0
0
0
0
0
0
0
0
0
0
0
0
0
0
0
0
0
0
0
0
0
0
0
0
0
0
0
0
0
0
0
0
0
0
0
0
0
0
0
0
0
0
0
0
0
0
0
0
0
0
0
0
0
0
0
0
0
0
0
0
0
0
0
0
0
0
0
0
0
0
0
0
0
0
0
0
0
0
0
0
0
0
0
0
0
0
0
0
0
0
0
0
0
0
0
0
0
0
0
0
0
0
0
0
0
0
0
0
0
0
0
0
0
0
0
0
0
0
0
0
0
0
0
0
0
0
0
0
0
0
0
0
0
0
0
0
0
0
0
0
0
0
0
0
0
0
0
0
0
0
0
0
0
0
0
0
0
0
0
0
0
0
0
0
0
0
0
0
0
0
0
0
0
0
0
0
0
0
0
0
0
0
0
0
0
0
0
0
0
0
0
0
0
0
0
0
0
0
0
0
0
0
0
0
0
0
0
0
0
0
0
0
0
0
0
0
0
0
0
0
0
0
0
0
0
0
0
0
0
0
0
0
0
0
0
0
0
0
0
0
0
0
0
0
0
0
0
0
0
0
0
0
0
0
0
0
0
0
0
0
0
0
0
0
0
0
0
0
0
0
0
0
0
0
0
0
0
0
0
0
0
0
0
0
0
0
0
0
0
0
0
0
0
0
0
0
0
0
0
0
0
0
0
0
0
0
0
0
0
0
0
0
0
0
0
0
0
0
0
0
0
0
0
0
0
0
0
0
0
0
0
0
0
0
0
0
0
0
0
0
0
0
0
0
0
0
0
0
0
0
0
0
0
0
0
0
0
0
0
0
0
0
0
0
0
0
0
0
0
0
0
0
0
0
0
0
0
0
0
0
0
0
0
0
0
0
0
0
0
0
0
0
0
0
0
0
0
0
0
0
0
0
0
0
0
0
0
0
0
0
0
0
0
0
0
0
0
0
0
0
0
0
0
0
0
0
0
0
0
0
0
0
0
0
0
0
0
0
0
0
0
0
0
0
0
0
0
0
0
0
0
0
0
0
0
0
0
0
0
0
0
0
0
0
0
0
0
0
0
0
0
0
0
0
0
0
0
0
0
