0
0
0
0
0
0
0
0
0
0
0
0
0
0
0
0
0
0
0
0
0
0
0
0
0
0
0
0
0
0
0
0
0
0
0
0
0
0
0
0
0
0
0
0
0
0
0
0
0
0
0
0
0
0
0
0
0
0
0
0
0
0
0
0
0
0
0
0
0
0
0
0
0
0
0
0
0
0
0
0
0
0
0
0
0
0
0
0
0
0
0
0
0
0
0
0
0
0
0
0
0
0
0
0
0
0
0
0
0
0
0
0
0
0
0
0
0
0
0
0
0
0
0
0
0
0
0
0
0
0
0
0
0
0
0
0
0
0
0
0
0
0
0
0
0
0
0
0
0
0
0
0
0
0
0
0
0
0
0
0
0
0
0
0
0
0
0
0
0
0
0
0
0
0
0
0
0
0
0
0
0
0
0
0
0
0
0
0
0
0
0
0
0
0
0
0
0
0
0
0
0
0
0
0
0
0
0
0
0
0
0
0
0
0
0
0
0
0
0
0
0
0
0
0
0
0
0
0
0
0
0
0
0
0
0
0
0
0
0
0
0
0
0
0
0
0
0
0
0
0
0
0
0
0
0
0
0
0
0
0
0
0
0
0
0
0
0
0
0
0
0
0
0
0
0
0
0
0
0
0
0
0
0
0
0
0
0
0
0
0
0
0
0
0
0
0
0
0
0
0
0
0
0
0
0
0
0
0
0
0
0
0
0
0
0
0
0
0
0
0
0
0
0
0
0
0
0
0
0
0
0
0
0
0
0
0
0
0
0
0
0
0
0
0
0
0
0
0
0
0
0
0
0
0
0
0
0
0
0
0
0
0
0
0
0
0
0
0
0
0
0
0
0
0
0
0
0
0
0
0
0
0
0
0
0
0
0
0
0
0
0
0
0
0
0
0
0
0
0
0
0
0
0
0
0
0
0
0
0
0
0
0
0
0
0
0
0
0
0
0
0
0
0
0
0
0
0
0
0
0
0
0
0
0
0
0
0
0
0
0
0
0
0
0
0
0
0
0
0
0
0
0
0
0
0
0
0
0
0
0
0
0
0
0
0
0
0
0
0
0
0
0
0
0
0
0
0
0
0
0
0
0
0
0
0
0
0
0
0
0
0
0
0
0
0
0
0
0
0
0
0
0
0
0
0
0
0
0
0
0
0
0
0
0
0
0
0
0
0
0
0
0
0
0
0
0
0
0
0
0
0
0
0
0
0
0
0
0
0
0
0
0
0
0
0
0
0
0
0
0
0
0
0
0
0
0
0
0
0
0
0
0
0
0
0
0
0
0
0
0
0
0
0
0
0
0
0
0
0
0
0
0
0
0
0
0
0
0
0
0
0
0
0
0
0
0
0
0
0
0
0
0
0
0
0
0
0
0
0
0
0
0
0
0
0
0
0
0
0
0
0
0
0
0
0
0
0
0
0
0
0
0
0
0
0
0
0
0
0
0
0
0
0
0
0
0
0
0
0
0
0
0
0
0
0
0
0
0
0
0
0
0
0
0
0
0
0
0
0
0
0
0
0
0
0
0
0
0
0
0
0
0
0
0
0
0
0
0
0
0
0
0
0
0
0
0
0
0
0
0
0
0
0
0
0
0
0
0
0
0
0
0
0
0
0
0
0
0
0
0
0
0
0
0
0
0
0
0
0
0
0
0
0
0
0
0
0
0
0
0
0
0
0
0
0
0
0
0
0
0
0
0
0
0
0
0
0
0
0
0
0
0
0
0
0
0
0
0
0
0
0
0
0
0
0
0
0
0
0
0
0
0
0
0
0
0
0
0
0
0
0
0
0
0
0
0
0
0
0
0
0
0
0
0
0
0
0
0
0
0
0
0
0
0
0
0
0
0
0
0
0
0
0
0
0
0
0
0
0
0
0
0
0
0
0
0
0
0
0
0
0
0
0
0
0
0
0
0
0
0
0
0
0
0
0
0
0
0
0
0
0
0
0
0
0
0
0
0
0
0
0
0
0
0
0
0
0
0
0
0
0
0
0
0
0
0
0
0
0
0
0
0
0
0
0
0
0
0
0
0
0
0
0
0
0
0
0
0
0
0
0
0
0
0
0
0
0
0
0
0
0
0
0
0
0
0
0
0
0
0
0
0
0
0
0
0
0
0
0
0
0
0
0
0
0
0
0
0
0
0
0
0
0
0
0
0
0
0
0
0
0
0
0
0
0
0
0
0
0
0
0
0
0
0
0
0
0
0
0
0
0
0
0
0
0
0
0
0
0
0
0
0
0
0
0
0
0
0
0
0
0
0
0
0
0
0
0
0
0
0
0
0
0
0
0
0
0
0
0
0
0
0
0
0
0
0
0
0
0
0
0
0
0
0
0
0
0
0
0
0
0
0
0
0
0
0
0
0
0
0
0
0
0
0
0
0
0
0
0
0
0
0
0
0
0
0
0
0
0
0
0
0
0
0
0
0
0
0
0
0
0
0
0
0
0
0
0
0
0
0
0
0
0
0
0
0
0
0
0
0
0
0
0
0
0
0
0
0
0
0
0
0
0
0
0
0
0
0
0
0
0
0
0
0
0
0
0
0
0
0
0
0
0
0
0
0
0
0
0
0
0
0
0
0
0
0
0
0
0
0
0
0
0
0
0
0
0
0
0
0
0
0
0
0
0
0
0
0
0
0
0
0
0
0
0
0
0
0
0
0
0
0
0
0
0
0
0
0
0
0
0
0
0
0
0
0
0
0
0
0
0
0
0
0
0
0
0
0
0
0
0
0
0
0
0
0
0
0
0
0
0
0
0
0
0
0
0
0
0
0
0
0
0
0
0
0
0
0
0
0
0
0
0
0
0
0
0
0
0
0
0
0
0
0
0
0
0
0
0
0
0
0
0
0
0
0
0
0
0
0
0
0
0
0
0
0
0
0
0
0
0
0
0
0
0
0
0
0
0
0
0
0
0
0
0
0
0
0
0
0
0
0
0
0
0
0
0
0
0
0
0
0
0
0
0
0
0
0
0
0
0
0
0
0
0
0
0
0
0
0
0
0
0
0
0
0
0
0
0
0
0
0
0
0
0
0
0
0
0
0
0
0
0
0
0
0
0
0
0
0
0
0
0
0
0
0
0
0
0
0
0
0
0
0
0
0
0
0
0
0
0
0
0
0
0
0
0
0
0
0
0
0
0
0
0
0
0
0
0
0
0
0
0
0
0
0
0
0
0
0
0
0
0
0
0
0
0
0
0
0
0
0
0
0
0
0
0
0
0
0
0
0
0
0
0
0
0
0
0
0
0
0
0
0
0
0
0
0
0
0
0.00401636
0.0221356
0.0358376
0.0490349
0.0709167
0.0670076
0.0478214
0.0414503
0.0436814
0.0397166
0.0290121
0.0521684
0.06596
0.0422805
0.0368651
0.035598
0.0385012
0.0506277
0.0496033
0.0254267
0.00355388
0
0
0
0
0
0
0
0
0
0
0
0
0
0
0
0
0
0
0
0
0
0
0
0
0
0
0
0
0
0
0
0
0
0
0
0
0
0
0
0
0
0
0
0
0
0
0
0
0
0
0
0
0
0
0
0
0
0
0
0
0
0
0
0
0
0
0
0
0
0
0
0
0
0
0
0
0
0
0
0
0
0
0
0
0
0
0
0
0
0
0
0
0
0
0
0
0
0
0
0
0
0
0
0
0.0241572
0.0723578
0.106624
0.11744
0.111153
0.116766
0.142137
0.12259
0.0883349
0.0917746
0.102431
0.0946439
0.0845279
0.108583
0.109262
0.0598056
0.0514531
0.0663884
0.0809973
0.10452
0.109948
0.0917604
0.0757962
0.0744606
0.0634897
0.0327612
0.00700744
0
0
0
0
0
0
0
0
0
0
0
0
0
0
0
0
0
0
0
0
0
0
0
0
0
0
0
0
0
0
0
0
0
0
0
0
0
0
0
0
0
0
0
0
0
0
0
0
0
0
0
0
0
0
0
0
0
0
0
0
0
0
0
0
0
0
0
0
0
0
0
0
0
0
0
0
0
0
0
0
0
0
0
0
0
0
0
0
0
0
0
0
0
0
0
0
0
0
0.0356672
0.107987
0.14756
0.160947
0.171994
0.152071
0.120164
0.104479
0.11104
0.0988547
0.0860616
0.107814
0.123465
0.110016
0.101271
0.0950905
0.0665818
0.0286729
0.0404313
0.0793526
0.0931019
0.100269
0.101863
0.0938492
0.0878907
0.0941818
0.110378
0.108381
0.0683154
0.0231252
0.00508828
0
0
0
0
0
0
0
0
0
0
0
0
0
0
0
0
0
0
0
0
0
0
0
0
0
0
0
0
0
0
0
0
0
0
0
0
0
0
0
0
0
0
0
0
0
0
0
0
0
0
0
0
0
0
0
0
0
0
0
0
0
0
0
0
0
0
0
0
0
0
0
0
0
0
0
0
0
0
0
0
0
0
0
0
0
0
0
0
0
0
0
0
0
0
0
0
0.0565917
0.16178
0.167128
0.105882
0.0960152
0.0915312
0.0604878
0.0427776
0.0626873
0.0968569
0.122303
0.130372
0.134522
0.140471
0.122682
0.0911299
0.0581745
0.0327884
0.0365961
0.0708409
0.0982215
0.101976
0.0898026
0.0538512
0.00803976
0.00576249
0.0653957
0.120899
0.106382
0.0575669
0.0210161
0.00147426
0
0
0
0
0
0
0
0
0
0
0
0
0
0
0
0
0
0
0
0
0
0
0
0
0
0
0
0
0
0
0
0
0
0
0
0
0
0
0
0
0
0
0
0
0
0
0
0
0
0
0
0
0
0
0
0
0
0
0
0
0
0
0
0
0
0
0
0
0
0
0
0
0
0
0
0
0
0
0
0
0
0
0
0
0
0
0
0
0
0
0
0
0
0
0
0.0122493
0.077212
0.0595018
0.0277599
0.0585916
0.0607912
0.0128939
0
0.0303008
0.0765679
0.107892
0.0993515
0.0881096
0.093209
0.0907219
0.0721682
0.0478972
0.0231103
0
0
0.0541167
0.0893475
0.0766052
0.0403884
0.00872238
0.00671244
0.0421329
0.0699686
0.0575214
0.0347378
0.0160299
0.00185337
0
0
0
0
0
0
0
0
0
0
0
0
0
0
0
0
0
0
0
0
0
0
0
0
0
0
0
0
0
0
0
0
0
0
0
0
0
0
0
0
0
0
0
0
0
0
0
0
0
0
0
0
0
0
0
0
0
0
0
0
0
0
0
0
0
0
0
0
0
0
0
0
0
0
0
0
0
0
0
0
0
0
0
0
0
0
0
0
0
0
0
0
0
0
0
0.0328796
0.0892337
0.0654557
0.0426259
0.046039
0.0278358
0
0
0.00739936
0.0232464
0.0313249
0.0251432
0.0124601
0.00453089
0.0126285
0.0167621
0.00959461
0
0
0
0
0.0338277
0.0297699
0.0133111
0.031666
0.0607153
0.0716752
0.0619289
0.0329554
0.0208147
0.0279322
0.014926
0
0.00443704
0.00383026
0
0
0
0
0
0
0
0
0
0
0
0
0
0
0
0
0
0
0
0
0
0
0
0
0
0
0
0
0
0
0
0
0
0
0
0
0
0
0
0
0
0
0
0
0
0
0
0
0
0
0
0
0
0
0
0
0
0
0
0
0
0
0
0
0
0
0
0
0
0
0
0
0
0
0
0
0
0
0
0
0
0
0
0
0
0
0
0
0
0
0
0.0863136
0.15244
0.158778
0.111457
0.0552164
0.0189996
0.0127116
0.0207901
0.0287895
0.028807
0.0126403
0
0
0
0
0
0
0
0
0
0
0.00568851
0.0189996
0.0210854
0.00667451
0.0113391
0.0304145
0.0545137
0.0669972
0.0597891
0.0754368
0.091491
0.0453281
0
0.0148638
0.0344328
0.022335
0.00159023
0
0
0
0
0
0
0
0
0
0
0
0
0
0
0
0
0
0
0
0
0
0
0
0
0
0
0
0
0
0
0
0
0
0
0
0
0
0
0
0
0
0
0
0
0
0
0
0
0
0
0
0
0
0
0
0
0
0
0
0
0
0
0
0
0
0
0
0
0
0
0
0
0
0
0
0
0
0
0
0
0
0
0
0.00265038
0.0174868
0.00614359
0
0.0317419
0.157421
0.214158
0.213226
0.191477
0.149304
0.10857
0.108644
0.131805
0.162376
0.201113
0.208146
0.175465
0.0884739
0
0
0
0
0
0
0
0.0585786
0.147186
0.17882
0.188729
0.189414
0.155392
0.10359
0.0660957
0.0741346
0.0800791
0.0723116
0.0995792
0.118016
0.070765
0.0215595
0.016325
0.0399474
0.0546537
0.0397565
0.014553
0
0
0
0
0
0
0
0
0
0
0
0
0
0
0
0
0
0
0
0
0
0
0
0
0
0
0
0
0
0
0
0
0
0
0
0
0
0
0
0
0
0
0
0
0
0
0
0
0
0
0
0
0
0
0
0
0
0
0
0
0
0
0
0
0
0
0
0
0
0
0
0
0
0
0
0
0
0
0
0
0
0.0391248
0.0930946
0.108735
0.10157
0.109106
0.152115
0.19319
0.212249
0.238997
0.275353
0.297155
0.314454
0.331791
0.343418
0.365029
0.381417
0.344752
0.280378
0.26249
0.213694
0.110082
0.0138937
0
0
0.0725666
0.227351
0.347832
0.367039
0.330648
0.310012
0.31589
0.329656
0.322539
0.309545
0.300317
0.223162
0.124804
0.100322
0.0922676
0.069286
0.0644697
0.0591225
0.053001
0.0933277
0.129253
0.103054
0.0420466
0.00515306
0
0
0
0
0
0
0
0
0
0
0
0
0
0
0
0
0
0
0
0
0
0
0
0
0
0
0
0
0
0
0
0
0
0
0
0
0
0
0
0
0
0
0
0
0
0
0
0
0
0
0
0
0
0
0
0
0
0
0
0
0
0
0
0
0
0
0
0
0
0
0
0
0
0
0
0
0
0.00998078
0.0595928
0.141879
0.190632
0.176535
0.161381
0.150412
0.122167
0.156743
0.2555
0.328827
0.36527
0.393905
0.422363
0.435817
0.437747
0.439606
0.423299
0.386656
0.344451
0.336945
0.386947
0.37629
0.179691
0.0117512
0.0757093
0.259235
0.435122
0.495851
0.453012
0.383583
0.333526
0.328825
0.361805
0.372863
0.374494
0.392759
0.367971
0.287505
0.199481
0.128216
0.0740264
0.0883235
0.137055
0.150346
0.153449
0.167221
0.16054
0.0887194
0.0155821
0
0
0
0
0
0
0
0
0
0
0
0
0
0
0
0
0
0
0
0
0
0
0
0
0
0
0
0
0
0
0
0
0
0
0
0
0
0
0
0
0
0
0
0
0
0
0
0
0
0
0
0
0
0
0
0
0
0
0
0
0
0
0
0
0
0
0
0
0
0
0
0
0
0
0
0
0.0129779
0.0703732
0.161683
0.217233
0.19953
0.15139
0.133111
0.127709
0.16189
0.267295
0.362353
0.389563
0.390058
0.385524
0.378352
0.375157
0.363511
0.351518
0.34894
0.353149
0.351899
0.363233
0.427561
0.493643
0.411699
0.246396
0.267099
0.33529
0.395616
0.435169
0.433612
0.38786
0.318201
0.290325
0.313852
0.341121
0.365254
0.394122
0.396489
0.360575
0.297875
0.239973
0.211368
0.217423
0.253895
0.258019
0.194124
0.13711
0.129856
0.0958515
0.0229176
0
0
0
0
0
0
0
0
0
0
0
0
0
0
0
0
0
0
0
0
0
0
0
0
0
0
0
0
0
0
0
0
0
0
0
0
0
0
0
0
0
0
0
0
0
0
0
0
0
0
0
0
0
0
0
0
0
0
0
0
0
0
0
0
0
0
0
0
0
0
0
0
0
0
0
0.00341972
0.0441105
0.140405
0.223061
0.225288
0.17623
0.147939
0.170579
0.213816
0.295005
0.371517
0.416579
0.41497
0.369777
0.32106
0.291018
0.290338
0.278201
0.254034
0.261159
0.289411
0.297321
0.296369
0.343661
0.417888
0.454765
0.400277
0.328139
0.316682
0.344205
0.36199
0.345168
0.298657
0.251397
0.234771
0.246815
0.278273
0.327369
0.383324
0.400218
0.380336
0.371972
0.364313
0.346882
0.332058
0.340079
0.351562
0.281912
0.180263
0.144235
0.122801
0.055855
0.00704439
0.00622971
0.00178006
0
0
0
0
0
0
0
0
0
0
0
0
0
0
0
0
0
0
0
0
0
0
0
0
0
0
0
0
0
0
0
0
0
0
0
0
0
0
0
0
0
0
0
0
0
0
0
0
0
0
0
0
0
0
0
0
0
0
0
0
0
0
0
0
0
0
0
0
0
0
0
0.00336287
0.0198323
0.0708095
0.154578
0.20781
0.200051
0.200223
0.27438
0.311117
0.309523
0.33865
0.369567
0.400909
0.382329
0.292182
0.22554
0.219307
0.250529
0.261129
0.231832
0.217522
0.227514
0.229129
0.235907
0.276994
0.348433
0.4188
0.398879
0.344597
0.347675
0.341813
0.307435
0.262274
0.209992
0.181681
0.182018
0.200366
0.229899
0.272505
0.334052
0.3674
0.357461
0.381841
0.42469
0.424347
0.385375
0.352062
0.373055
0.419761
0.297168
0.206569
0.155343
0.10945
0.0506601
0.0348761
0.0177423
0
0
0
0
0
0
0
0
0
0
0
0
0
0
0
0
0
0
0
0
0
0
0
0
0
0
0
0
0
0
0
0
0
0
0
0
0
0
0
0
0
0
0
0
0
0
0
0
0
0
0
0
0
0
0
0
0
0
0
0
0
0
0
0
0
0
0
0
0
0
0
0.0123639
0.0469101
0.0995734
0.142239
0.156655
0.191286
0.279876
0.36211
0.352661
0.327216
0.328186
0.346399
0.365658
0.32305
0.21831
0.159201
0.17249
0.222223
0.251795
0.231915
0.201669
0.19395
0.189313
0.208338
0.255572
0.327332
0.422066
0.443179
0.411649
0.391169
0.339209
0.276805
0.225606
0.171412
0.144385
0.151977
0.176884
0.203136
0.227266
0.288931
0.34526
0.345696
0.359398
0.385829
0.397893
0.385072
0.364258
0.36018
0.472852
0.432442
0.241951
0.151722
0.126425
0.097135
0.0561019
0.025482
0
0
0
0
0
0
0
0
0
0
0
0
0
0
0
0
0
0
0
0
0
0
0
0
0
0
0
0
0
0
0
0
0
0
0
0
0
0
0
0
0
0
0
0
0
0
0
0
0
0
0
0
0
0
0
0
0
0
0
0
0
0
0
0
0
0
0
0
0
0
0.00106046
0.0233298
0.0806057
0.133882
0.135992
0.159794
0.274272
0.355856
0.356182
0.342464
0.312617
0.310784
0.338594
0.339875
0.274088
0.179222
0.142305
0.157734
0.189131
0.21116
0.209395
0.190916
0.193689
0.196508
0.20537
0.228575
0.294267
0.419772
0.489674
0.466228
0.403573
0.321433
0.25621
0.21178
0.149721
0.0978002
0.114253
0.16289
0.185171
0.20403
0.273221
0.353965
0.387273
0.368929
0.327336
0.332735
0.348238
0.355339
0.365929
0.458342
0.620311
0.372711
0.165611
0.114263
0.119859
0.0695674
0.0166694
0
0
0
0
0
0
0
0
0
0
0
0
0
0
0
0
0
0
0
0
0
0
0
0
0
0
0
0
0
0
0
0
0
0
0
0
0
0
0
0
0
0
0
0
0
0
0
0
0
0
0
0
0
0
0
0
0
0
0
0
0
0
0
0
0
0
0
0
0
0
0.00263256
0.0460274
0.121784
0.146878
0.157286
0.267662
0.371304
0.362798
0.330831
0.295434
0.264075
0.287855
0.331418
0.307472
0.217651
0.156851
0.132362
0.140893
0.150034
0.156548
0.170376
0.177718
0.197699
0.206573
0.194314
0.199021
0.265555
0.401536
0.496484
0.484564
0.396521
0.287836
0.225966
0.218827
0.186495
0.114319
0.120027
0.167406
0.182053
0.213471
0.316931
0.456334
0.542571
0.459315
0.317183
0.296346
0.313004
0.321814
0.353442
0.448983
0.667664
0.61948
0.325194
0.12985
0.105541
0.0955246
0.0393943
0.00880884
0
0
0
0
0
0
0
0
0
0
0
0
0
0
0
0
0
0
0
0
0
0
0
0
0
0
0
0
0
0
0
0
0
0
0
0
0
0
0
0
0
0
0
0
0
0
0
0
0
0
0
0
0
0
0
0
0
0
0
0
0
0
0
0
0
0
0
0
0.00562915
0.0272245
0.084169
0.1166
0.125597
0.230075
0.3572
0.382008
0.340138
0.287595
0.248536
0.244567
0.279719
0.305714
0.263377
0.157946
0.122658
0.121377
0.103453
0.0973436
0.111338
0.143426
0.172741
0.203048
0.204164
0.186143
0.186759
0.251535
0.383521
0.488747
0.485204
0.3892
0.274438
0.211067
0.213799
0.221825
0.184722
0.164342
0.175725
0.186441
0.229286
0.37263
0.542001
0.636203
0.518909
0.340492
0.307533
0.302693
0.305053
0.319458
0.405738
0.597421
0.713701
0.556563
0.253442
0.0931019
0.103227
0.0817009
0.0322548
0.00783842
0
0
0
0
0
0
0
0
0
0
0
0
0
0
0
0
0
0
0
0
0
0
0
0
0
0
0
0
0
0
0
0
0
0
0
0
0
0
0
0
0
0
0
0
0
0
0
0
0
0
0
0
0
0
0
0
0
0
0
0
0
0
0
0
0
0
0.00170381
0.0348065
0.0831803
0.089282
0.0535003
0.137273
0.31631
0.375814
0.360619
0.299538
0.243913
0.233227
0.261172
0.288419
0.279823
0.23628
0.167806
0.123088
0.121255
0.103589
0.100199
0.113694
0.157761
0.202094
0.224207
0.212796
0.204836
0.214284
0.264285
0.371964
0.471182
0.470097
0.3849
0.282596
0.215292
0.195762
0.198285
0.197582
0.176906
0.163056
0.181258
0.218777
0.315181
0.461199
0.514168
0.430664
0.351615
0.321579
0.310168
0.29394
0.2697
0.329814
0.481763
0.579377
0.550953
0.386641
0.168158
0.113391
0.10099
0.0444412
0.0139402
0
0
0
0
0
0
0
0
0
0
0
0
0
0
0
0
0
0
0
0
0
0
0
0
0
0
0
0
0
0
0
0
0
0
0
0
0
0
0
0
0
0
0
0
0
0
0
0
0
0
0
0
0
0
0
0
0
0
0
0
0
0
0
0
0
0
0.0186204
0.0899115
0.123917
0.0572796
0.0500687
0.24439
0.384432
0.372553
0.325717
0.258783
0.220859
0.233341
0.272776
0.290418
0.256335
0.207206
0.176441
0.145515
0.129035
0.127707
0.15672
0.156813
0.180895
0.226252
0.228979
0.21513
0.218262
0.243538
0.281106
0.361974
0.467557
0.479119
0.381183
0.255767
0.178721
0.152496
0.137205
0.150816
0.164586
0.159916
0.183885
0.205549
0.226768
0.267044
0.292847
0.316328
0.325505
0.297161
0.269041
0.223422
0.21211
0.25687
0.333196
0.417942
0.446473
0.414014
0.291028
0.165134
0.11066
0.0555957
0.0277978
0.009898
0
0
0
0
0
0
0
0
0
0
0
0
0
0
0
0
0
0
0
0
0
0
0
0
0
0
0
0
0
0
0
0
0
0
0
0
0
0
0
0
0
0
0
0
0
0
0
0
0
0
0
0
0
0
0
0
0
0
0
0
0
0
0
0
0.00204786
0.0680345
0.159847
0.13641
0.0746355
0.19345
0.386626
0.417949
0.357134
0.286645
0.230857
0.219328
0.246858
0.2814
0.275571
0.21961
0.168213
0.160094
0.155918
0.13659
0.137288
0.187278
0.196517
0.201639
0.221228
0.217511
0.201014
0.194774
0.213718
0.247527
0.330235
0.471049
0.511793
0.366703
0.168922
0.0849866
0.108214
0.112903
0.118929
0.164787
0.18419
0.195153
0.205282
0.209078
0.217856
0.226839
0.253262
0.277343
0.238465
0.164155
0.123178
0.159521
0.195411
0.2237
0.291116
0.364461
0.411494
0.393122
0.282236
0.163842
0.0893854
0.0476697
0.0175964
0
0
0
0
0
0
0
0
0
0
0
0
0
0
0
0
0
0
0
0
0
0
0
0
0
0
0
0
0
0
0
0
0
0
0
0
0
0
0
0
0
0
0
0
0
0
0
0
0
0
0
0
0
0
0
0
0
0
0
0
0
0
0
0
0.0214267
0.111684
0.173955
0.140468
0.195272
0.375915
0.453926
0.401378
0.322733
0.25643
0.223189
0.244422
0.291801
0.312112
0.269253
0.205252
0.171015
0.172341
0.169175
0.148957
0.144829
0.187147
0.203506
0.205189
0.202
0.189498
0.173589
0.159631
0.159946
0.195284
0.28421
0.414377
0.471779
0.357473
0.16558
0.067551
0.0825597
0.111246
0.121106
0.176149
0.205906
0.200722
0.204923
0.21552
0.216023
0.213178
0.225847
0.2552
0.21557
0.126062
0.114695
0.154534
0.161616
0.168005
0.21806
0.307642
0.411161
0.462578
0.406999
0.271956
0.15291
0.0709167
0.0185445
0
0
0
0
0
0
0
0
0
0
0
0
0
0
0
0
0
0
0
0
0
0
0
0
0
0
0
0
0
0
0
0
0
0
0
0
0
0
0
0
0
0
0
0
0
0
0
0
0
0
0
0
0
0
0
0
0
0
0
0
0
0
0
0.00724336
0.0768707
0.15761
0.157761
0.183845
0.333325
0.468236
0.438161
0.332493
0.255364
0.215288
0.211622
0.254703
0.31173
0.325856
0.270211
0.216544
0.205977
0.206086
0.182915
0.15246
0.150937
0.186885
0.201689
0.182007
0.152472
0.140544
0.138046
0.133267
0.137622
0.173916
0.240346
0.315688
0.351858
0.32154
0.220435
0.148721
0.127206
0.108004
0.108642
0.164916
0.20307
0.208236
0.215308
0.218346
0.213118
0.208716
0.217157
0.252688
0.260104
0.22226
0.20407
0.186308
0.15688
0.147396
0.172496
0.250633
0.371046
0.453851
0.442923
0.354676
0.234968
0.124351
0.0461148
0.00682621
0
0
0
0
0
0
0
0
0
0
0
0
0
0
0
0
0
0
0
0
0
0
0
0
0
0
0
0
0
0
0
0
0
0
0
0
0
0
0
0
0
0
0
0
0
0
0
0
0
0
0
0
0
0
0
0
0
0
0
0
0
0
0.0431947
0.147598
0.202094
0.177292
0.247487
0.415699
0.475664
0.389124
0.263609
0.201836
0.198634
0.203228
0.228109
0.256059
0.268005
0.244611
0.217421
0.224649
0.219472
0.168996
0.126347
0.141078
0.182659
0.195572
0.154946
0.103617
0.0899616
0.107887
0.122426
0.137305
0.162127
0.212922
0.248732
0.24162
0.2417
0.166222
0.110451
0.0963276
0.0727409
0.0766442
0.139426
0.193624
0.218048
0.221198
0.193388
0.191712
0.202521
0.197298
0.210478
0.2566
0.281171
0.248592
0.197458
0.161402
0.143593
0.144728
0.204103
0.317642
0.403202
0.423126
0.388454
0.305824
0.200934
0.10994
0.0348386
0.00232895
0
0
0
0
0
0
0
0
0
0
0
0
0
0
0
0
0
0
0
0
0
0
0
0
0
0
0
0
0
0
0
0
0
0
0
0
0
0
0
0
0
0
0
0
0
0
0
0
0
0
0
0
0
0
0
0
0
0
0
0
0.0114908
0.110319
0.211878
0.207934
0.187994
0.315675
0.453283
0.441286
0.347294
0.242498
0.180656
0.187243
0.204368
0.215388
0.234523
0.223938
0.19102
0.190034
0.207163
0.202504
0.151785
0.12167
0.147436
0.186554
0.193338
0.143046
0.0845647
0.0803932
0.113224
0.138965
0.160412
0.181485
0.213535
0.214064
0.176341
0.183402
0.158336
0.121253
0.100275
0.0715752
0.073366
0.136084
0.195732
0.215959
0.199385
0.160566
0.167905
0.187191
0.16519
0.149035
0.187382
0.245929
0.230009
0.187289
0.168048
0.150995
0.128331
0.154998
0.26212
0.361804
0.413943
0.424037
0.358272
0.247256
0.166128
0.0793295
0.0203696
0.00124526
0
0
0
0
0
0
0
0
0
0
0
0
0
0
0
0
0
0
0
0
0
0
0
0
0
0
0
0
0
0
0
0
0
0
0
0
0
0
0
0
0
0
0
0
0
0
0
0
0
0
0
0
0
0
0
0
0
0
0
0.0541167
0.172855
0.233608
0.197792
0.235054
0.403602
0.450898
0.38116
0.293261
0.223307
0.196464
0.192013
0.208495
0.224502
0.230508
0.20205
0.151883
0.145284
0.1702
0.180661
0.15685
0.154424
0.180494
0.20966
0.200936
0.128775
0.0650776
0.0746349
0.12434
0.16142
0.178555
0.190868
0.209557
0.191315
0.155759
0.157516
0.148742
0.128353
0.110561
0.0872793
0.0901702
0.145528
0.192018
0.187151
0.159742
0.14611
0.171739
0.181856
0.148951
0.124904
0.161514
0.222421
0.217118
0.191986
0.190658
0.175582
0.140869
0.143239
0.223786
0.323775
0.389246
0.43744
0.400758
0.252026
0.168475
0.123963
0.0551469
0.00933499
0
0
0
0
0
0
0
0
0
0
0
0
0
0
0
0
0
0
0
0
0
0
0
0
0
0
0
0
0
0
0
0
0
0
0
0
0
0
0
0
0
0
0
0
0
0
0
0
0
0
0
0
0
0
0
0
0
0
0.0172172
0.103872
0.192423
0.219387
0.223457
0.339341
0.456285
0.402043
0.303494
0.22102
0.170527
0.174525
0.202395
0.230368
0.241149
0.238443
0.221088
0.170124
0.145815
0.167773
0.17515
0.16134
0.177148
0.202495
0.224055
0.20532
0.114346
0.0412895
0.0504229
0.107504
0.145695
0.15307
0.163769
0.19502
0.178433
0.181947
0.200473
0.168263
0.130726
0.109421
0.0922725
0.0924954
0.141677
0.18761
0.169856
0.138579
0.144305
0.183442
0.192735
0.156621
0.137851
0.183758
0.235137
0.222438
0.20392
0.204997
0.194737
0.170304
0.174407
0.225032
0.286764
0.338585
0.404505
0.425586
0.284047
0.166203
0.151789
0.0935727
0.0248763
0
0
0
0
0
0
0
0
0
0
0
0
0
0
0
0
0
0
0
0
0
0
0
0
0
0
0
0
0
0
0
0
0
0
0
0
0
0
0
0
0
0
0
0
0
0
0
0
0
0
0
0
0
0
0
0
0
0.00272889
0.0577573
0.14172
0.195874
0.224519
0.291049
0.423013
0.46308
0.376056
0.258419
0.159267
0.119194
0.129827
0.17676
0.234175
0.255341
0.259166
0.264613
0.237294
0.203967
0.207175
0.19802
0.168696
0.177451
0.191726
0.200907
0.171793
0.0926108
0.0427641
0.0447257
0.0748259
0.103897
0.118266
0.150408
0.18359
0.175364
0.217185
0.248378
0.202548
0.147159
0.113886
0.0922191
0.0812622
0.133087
0.215038
0.20881
0.173175
0.169123
0.188763
0.197653
0.167813
0.160889
0.212597
0.248281
0.227143
0.200361
0.192805
0.191952
0.182974
0.193707
0.237678
0.266499
0.30972
0.389151
0.429255
0.3247
0.182186
0.157845
0.128806
0.0527436
0.00488486
0
0
0
0
0
0
0
0
0
0
0
0
0
0
0
0
0
0
0
0
0
0
0
0
0
0
0
0
0
0
0
0
0
0
0
0
0
0
0
0
0
0
0
0
0
0
0
0
0
0
0
0
0
0
0
0
0.0273048
0.0979561
0.151276
0.209413
0.241774
0.351011
0.468491
0.469766
0.367359
0.237803
0.124344
0.0871626
0.105152
0.152334
0.207826
0.242111
0.276034
0.304092
0.276625
0.236652
0.238999
0.221525
0.167489
0.150307
0.153622
0.148698
0.109788
0.0544656
0.0473094
0.0559775
0.0654931
0.0966709
0.127772
0.163565
0.192614
0.173866
0.195396
0.245835
0.203867
0.14784
0.107389
0.0769798
0.057066
0.108964
0.216282
0.230916
0.20525
0.190713
0.179963
0.186861
0.172895
0.183012
0.232007
0.251451
0.225725
0.195054
0.183824
0.187003
0.18471
0.192147
0.228086
0.251983
0.273729
0.353615
0.394424
0.337663
0.194143
0.14365
0.151173
0.0997293
0.0269953
0
0
0
0
0
0
0
0
0
0
0
0
0
0
0
0
0
0
0
0
0
0
0
0
0
0
0
0
0
0
0
0
0
0
0
0
0
0
0
0
0
0
0
0
0
0
0
0
0
0
0
0
0
0
0
0.00451288
0.0615117
0.114984
0.136372
0.206327
0.267803
0.394557
0.480663
0.453977
0.341728
0.221603
0.129834
0.111276
0.138768
0.179396
0.209333
0.227887
0.258159
0.291828
0.267311
0.225201
0.226899
0.206025
0.1434
0.12094
0.132353
0.12674
0.0792219
0.0265169
0.0309559
0.0540827
0.0788138
0.120983
0.156961
0.186145
0.227081
0.166864
0.112685
0.202164
0.187898
0.137448
0.0931552
0.050954
0.0211019
0.0613715
0.166367
0.203212
0.19183
0.167518
0.148851
0.167651
0.172961
0.195615
0.246664
0.256492
0.227463
0.203968
0.19588
0.196699
0.191141
0.185504
0.203128
0.233637
0.260749
0.312811
0.332074
0.328181
0.221309
0.125155
0.150706
0.143559
0.0668357
0.00967156
0
0
0
0
0
0
0
0
0
0
0
0
0
0
0
0
0
0
0
0
0
0
0
0
0
0
0
0
0
0
0
0
0
0
0
0
0
0
0
0
0
0
0
0
0
0
0
0
0
0
0
0
0
0
0.0216922
0.0701582
0.0990559
0.129925
0.205672
0.301595
0.425647
0.463903
0.410787
0.300176
0.205483
0.162051
0.168667
0.202628
0.240223
0.258667
0.259435
0.265135
0.272566
0.247461
0.215772
0.205303
0.16253
0.10614
0.11338
0.15761
0.161592
0.0957944
0.0190664
0.0120138
0.0440584
0.0856172
0.131521
0.162863
0.181667
0.231771
0.175668
0.0741376
0.167976
0.189276
0.149958
0.110588
0.0551973
0.0113446
0.044029
0.142744
0.192423
0.183408
0.146843
0.126792
0.154194
0.172231
0.202653
0.264454
0.284242
0.250236
0.221171
0.210374
0.208927
0.20448
0.195285
0.199064
0.228776
0.268507
0.308322
0.314416
0.285721
0.245634
0.124129
0.129762
0.164644
0.121127
0.036141
0
0
0
0
0
0
0
0
0
0
0
0
0
0
0
0
0
0
0
0
0
0
0
0
0
0
0
0
0
0
0
0
0
0
0
0
0
0
0
0
0
0
0
0
0
0
0
0
0
0
0
0
0
0.00337518
0.0268118
0.0536237
0.0862
0.123772
0.195105
0.322507
0.446362
0.462038
0.388589
0.268289
0.188254
0.176851
0.203953
0.236378
0.273359
0.306969
0.32011
0.328553
0.33311
0.315738
0.274988
0.220081
0.138208
0.0832513
0.116877
0.198818
0.225947
0.154489
0.0802751
0.0637784
0.054633
0.0767557
0.121712
0.139532
0.139282
0.188193
0.204124
0.139968
0.182257
0.206302
0.171603
0.13561
0.0835941
0.0378909
0.07524
0.182449
0.228261
0.202814
0.160681
0.137678
0.159535
0.193991
0.232994
0.290676
0.316375
0.280787
0.239261
0.216166
0.201421
0.197029
0.196955
0.196059
0.211981
0.263429
0.339066
0.346803
0.258542
0.246484
0.156832
0.115344
0.181958
0.184497
0.0734955
0.00420949
0
0
0
0
0
0
0
0
0
0
0
0
0
0
0
0
0
0
0
0
0
0
0
0
0
0
0
0
0
0
0
0
0
0
0
0
0
0
0
0
0
0
0
0
0
0
0
0
0
0
0
0
0
0
0.023778
0.0944959
0.110457
0.162329
0.310314
0.452667
0.489487
0.406474
0.261914
0.185421
0.190325
0.21718
0.241385
0.275328
0.308573
0.336023
0.363876
0.37403
0.354958
0.306599
0.242183
0.161986
0.110152
0.134591
0.195345
0.229093
0.210942
0.216376
0.225163
0.16797
0.1117
0.11644
0.122032
0.107693
0.148026
0.207011
0.192978
0.194739
0.198867
0.158936
0.122512
0.0881176
0.0733954
0.147889
0.271915
0.307926
0.241079
0.182146
0.158883
0.173561
0.222359
0.246112
0.292101
0.315327
0.297887
0.259751
0.217697
0.184024
0.18101
0.19469
0.193656
0.201014
0.26876
0.381828
0.40363
0.329646
0.302765
0.214402
0.115132
0.17431
0.212403
0.122772
0.0264326
0
0
0
0
0
0
0
0
0
0
0
0
0
0
0
0
0
0
0
0
0
0
0
0
0
0
0
0
0
0
0
0
0
0
0
0
0
0
0
0
0
0
0
0
0
0
0
0
0
0
0
0
0
0
0.0419433
0.113757
0.117241
0.172317
0.317368
0.446953
0.48147
0.403451
0.271888
0.201331
0.197923
0.204379
0.211136
0.234924
0.265417
0.309298
0.358317
0.378077
0.34479
0.264294
0.189475
0.157067
0.138327
0.139013
0.149285
0.164587
0.204217
0.304032
0.369958
0.330592
0.22926
0.158921
0.128383
0.104312
0.141003
0.209172
0.198962
0.175758
0.174105
0.136579
0.0913225
0.0865247
0.140697
0.253104
0.348121
0.354526
0.253101
0.177747
0.156572
0.169709
0.230319
0.23804
0.257568
0.289724
0.306916
0.28697
0.228915
0.176938
0.164228
0.175242
0.177134
0.184673
0.242219
0.348506
0.422461
0.430386
0.422982
0.330004
0.167205
0.148429
0.193832
0.158122
0.0507794
0
0
0
0
0
0
0
0
0
0
0
0
0
0
0
0
0
0
0
0
0
0
0
0
0
0
0
0
0
0
0
0
0
0
0
0
0
0
0
0
0
0
0
0
0
0
0
0
0
0
0
0
0
0
0.128864
0.144339
0.173758
0.293675
0.40852
0.446143
0.434212
0.364957
0.276126
0.226682
0.212753
0.201988
0.190261
0.199594
0.227044
0.273791
0.325302
0.346387
0.307385
0.204896
0.117909
0.120824
0.125056
0.111293
0.101729
0.112822
0.165801
0.284653
0.400826
0.426513
0.368511
0.270583
0.181156
0.130113
0.151704
0.220256
0.200391
0.156677
0.162349
0.131747
0.102468
0.151422
0.250131
0.337278
0.389337
0.360157
0.224772
0.140316
0.137233
0.15106
0.209868
0.247711
0.247279
0.263332
0.296384
0.316817
0.276946
0.210401
0.178339
0.174075
0.179383
0.187961
0.20858
0.258301
0.348399
0.432934
0.466338
0.431286
0.27786
0.16487
0.192835
0.175662
0.048504
0
0
0
0
0
0
0
0
0
0
0
0
0
0
0
0
0
0
0
0
0
0
0
0
0
0
0
0
0
0
0
0
0
0
0
0
0
0
0
0
0
0
0
0
0
0
0
0
0
0
0
0
0
0.09898
0.177652
0.170796
0.267392
0.430048
0.474927
0.430459
0.395989
0.345837
0.296381
0.26396
0.230699
0.212225
0.213067
0.227024
0.255627
0.289131
0.317548
0.328939
0.298833
0.215739
0.142633
0.131684
0.103988
0.0851836
0.0831896
0.108157
0.154159
0.249763
0.375812
0.451029
0.45918
0.406954
0.304082
0.199268
0.149432
0.194265
0.205242
0.166698
0.160138
0.138021
0.178092
0.268156
0.34373
0.382302
0.396299
0.318823
0.171262
0.111191
0.139103
0.155505
0.209205
0.260841
0.250001
0.244516
0.2685
0.296485
0.298707
0.262091
0.224684
0.205003
0.200767
0.20533
0.199935
0.205096
0.263019
0.356442
0.41213
0
0.371877
0.215633
0.194991
0.181959
0.0591984
0
0
0
0
0
0
0
0
0
0
0
0
0
0
0
0
0
0
0
0
0
0
0
0
0
0
0
0
0
0
0
0
0
0
0
0
0
0
0
0
0
0
0
0
0
0
0
0
0
0
0
0
0.0376958
0.0979561
0.117606
0.174486
0.350971
0.485847
0.452396
0.39102
0.355936
0.321301
0.302621
0.293536
0.265488
0.237859
0.233778
0.251992
0.281312
0.307925
0.324315
0.327041
0.312934
0.258461
0.184983
0.145304
0.0843766
0.0601118
0.0670118
0.101382
0.14411
0.209208
0.321226
0.41935
0.4527
0.449348
0.416947
0.325999
0.192813
0.150906
0.190443
0.198207
0.198113
0.212526
0.291196
0.361021
0.396732
0.399758
0.358803
0.237628
0.129783
0.122986
0.158501
0.183571
0.251236
0.294289
0.24748
0.221219
0.242458
0.262859
0.267401
0.263465
0.25381
0.24067
0.229325
0.222249
0.205316
0.194379
0.22544
0.312585
0.409221
0.452024
0.422626
0.276634
0.173987
0.170222
0.0979367
0
0
0
0
0
0
0
0
0
0
0
0
0
0
0
0
0
0
0
0
0
0
0
0
0
0
0
0
0
0
0
0
0
0
0
0
0
0
0
0
0
0
0
0
0
0
0
0
0
0
0.00337518
0.054458
0.065342
0.00806472
0.0139954
0.184909
0.430333
0.497232
0.416395
0.363881
0.332637
0.303422
0.285042
0.275509
0.273031
0.268672
0.269889
0.280532
0.298952
0.317913
0.315611
0.295391
0.290117
0.27291
0.215559
0.146823
0.0514198
0.0164353
0.0348525
0.0769185
0.118602
0.166518
0.247632
0.349038
0.388078
0.383135
0.419749
0.421073
0.305218
0.186806
0.177904
0.22411
0.287044
0.331602
0.368474
0.403035
0.42076
0.381013
0.289086
0.165684
0.112519
0.135941
0.160517
0.204505
0.291362
0.32779
0.278415
0.238855
0.240132
0.252665
0.260106
0.26873
0.270546
0.25707
0.246447
0.240418
0.225202
0.210296
0.21512
0.26746
0.382157
0.468026
0.474628
0.33607
0.155684
0.138266
0.106761
0.0141417
0
0
0
0
0
0
0
0
0
0
0
0
0
0
0
0
0
0
0
0
0
0
0
0
0
0
0
0
0
0
0
0
0
0
0
0
0
0
0
0
0
0
0
0
0
0
0
0
0.008027
0.0718269
0.128295
0.0439911
0
0
0.270463
0.484028
0.475826
0.400112
0.361955
0.330579
0.295276
0.271152
0.262706
0.273127
0.272767
0.279599
0.296354
0.306177
0.315144
0.30379
0.267016
0.271257
0.286606
0.261065
0.153382
0.0279746
0
0.00901344
0.0511207
0.0982595
0.138519
0.191817
0.287573
0.338313
0.327291
0.371596
0.424303
0.394137
0.296153
0.244874
0.288112
0.367824
0.39246
0.390388
0.405053
0.400687
0.344145
0.251402
0.14425
0.104343
0.136819
0.1677
0.229475
0.315875
0.320014
0.275312
0.250154
0.251772
0.271343
0.280921
0.278861
0.274445
0.259235
0.253846
0.253821
0.247225
0.249235
0.254769
0.275883
0.346375
0.449823
0.523934
0.38712
0.148754
0.107609
0.104221
0.0464144
0.00733767
0
0
0
0
0
0
0
0
0
0
0
0
0
0
0
0
0
0
0
0
0
0
0
0
0
0
0
0
0
0
0
0
0
0
0
0
0
0
0
0
0
0
0
0
0
0
0.00712959
0.0546096
0.139368
0.144754
0.0168759
0
0.107365
0.35752
0.454893
0.42815
0.384345
0.360325
0.330147
0.277677
0.255822
0.272126
0.284261
0.276953
0.279814
0.29895
0.30339
0.303559
0.291445
0.271062
0.277829
0.284957
0.288095
0.188628
0.0567207
0.0121954
0.00724336
0.0293148
0.0752779
0.105425
0.139797
0.224013
0.301643
0.331566
0.357584
0.402496
0.425549
0.413486
0.391883
0.403234
0.426477
0.417343
0.398421
0.376568
0.357483
0.314917
0.225091
0.14343
0.0949981
0.142213
0.202952
0.274059
0.324436
0.293186
0.253308
0.252321
0.28687
0.317025
0.312025
0.287668
0.276865
0.274895
0.278485
0.281314
0.28196
0.294732
0.312629
0.333284
0.375321
0.454419
0.537646
0.42843
0.179506
0.0932485
0.107877
0.0767252
0.0232872
0
0
0
0
0
0
0
0
0
0
0
0
0
0
0
0
0
0
0
0
0
0
0
0
0
0
0
0
0
0
0
0
0
0
0
0
0
0
0
0
0
0
0
0
0
0
0.0439911
0.140165
0.182533
0.114301
0.00834314
0.0336695
0.23702
0.38805
0.408167
0.380428
0.350166
0.342536
0.329184
0.275533
0.251558
0.277828
0.297301
0.302753
0.308423
0.315942
0.316762
0.310789
0.289358
0.278505
0.272311
0.265992
0.29633
0.238723
0.108696
0.0421925
0
0
0.040578
0.0636733
0.0919847
0.156434
0.236945
0.306688
0.361719
0.405426
0.450841
0.487395
0.498689
0.500891
0.483818
0.443491
0.393743
0.350258
0.323058
0.256527
0.167032
0.138572
0.101635
0.138724
0.245819
0.309303
0.318896
0.294892
0.263151
0.283225
0.320602
0.336481
0.309643
0.270902
0.262798
0.286708
0.3078
0.311826
0.313584
0.31642
0.32866
0.369428
0.416318
0.462371
0.510574
0.449498
0.260014
0.117601
0.112958
0.098487
0.0311195
0
0
0
0
0
0
0
0
0
0
0
0
0
0
0
0
0
0
0
0
0
0
0
0
0
0
0
0
0
0
0
0
0
0
0
0
0
0
0
0
0
0
0
0
0
0
0.0756571
0.200691
0.197593
0.0874731
0.0231163
0.145039
0.334602
0.398586
0.383076
0.339656
0.293103
0.294303
0.299268
0.264626
0.245107
0.252763
0.271949
0.303765
0.335194
0.341419
0.333957
0.322835
0.295061
0.276236
0.2868
0.314337
0.332265
0.282431
0.16415
0.0704128
0
0
0.0183549
0.0525997
0.0794495
0.116159
0.178099
0.255006
0.329647
0.396957
0.464962
0.502092
0.510383
0.531083
0.516346
0.447628
0.367822
0.326963
0.279078
0.185975
0.128681
0.138219
0.135197
0.171034
0.265502
0.307974
0.310517
0.293783
0.261522
0.272267
0.315736
0.333731
0.280654
0.231578
0.232021
0.278691
0.309676
0.300382
0.296249
0.291157
0.29592
0.350781
0.389263
0.411445
0.438237
0.399559
0.288117
0.164579
0.130561
0.118586
0.0419669
0
0
0
0
0
0
0
0
0
0
0
0
0
0
0
0
0
0
0
0
0
0
0
0
0
0
0
0
0
0
0
0
0
0
0
0
0
0
0
0
0
0
0
0
0
0.0111115
0.0980699
0.209489
0.185843
0.0806886
0.0738647
0.258968
0.387778
0.385193
0.346464
0.283247
0.225687
0.240721
0.257941
0.240281
0.229489
0.225696
0.237009
0.268505
0.319324
0.342074
0.334233
0.317933
0.290033
0.276535
0.305159
0.340467
0.365126
0.341187
0.231446
0.114168
0.0198492
0
0.0278785
0.059881
0.0704237
0.0939362
0.157875
0.231014
0.297138
0.372937
0.448783
0.472042
0.468552
0.498113
0.500607
0.433409
0.336558
0.279238
0.218339
0.14778
0.123838
0.146477
0.188482
0.247981
0.307407
0.302515
0.285942
0.281609
0.257437
0.249385
0.281028
0.290417
0.2432
0.205317
0.212808
0.257482
0.282075
0.270266
0.252373
0.234037
0.263031
0.306754
0.316672
0.345573
0.390657
0.378162
0.272538
0.170466
0.130455
0.137885
0.0668631
0
0
0
0
0
0
0
0
0
0
0
0
0
0
0
0
0
0
0
0
0
0
0
0
0
0
0
0
0
0
0
0
0
0
0
0
0
0
0
0
0
0
0
0
0
0.0462665
0.157117
0.219654
0.159725
0.0762661
0.155186
0.347731
0.397223
0.36516
0.311366
0.235284
0.194567
0.222849
0.242391
0.233041
0.227202
0.231029
0.24217
0.259228
0.298412
0.327712
0.331929
0.317199
0.29274
0.280084
0.292292
0.32633
0.364708
0.379022
0.29523
0.172231
0.0524372
0.00804467
0.0176654
0.0202132
0.0286701
0.0691343
0.125861
0.20953
0.306072
0.392703
0.441255
0.440401
0.429689
0.449559
0.457843
0.412724
0.301154
0.22354
0.181186
0.148963
0.138582
0.162948
0.237245
0.322804
0.316245
0.253252
0.240017
0.259318
0.261931
0.248932
0.258261
0.260491
0.239662
0.213425
0.205182
0.230368
0.258316
0.244282
0.203368
0.202259
0.245144
0.267829
0.275403
0.315254
0.385867
0.423517
0.325703
0.168123
0.101814
0.146751
0.0883242
0
0
0
0
0
0
0
0
0
0
0
0
0
0
0
0
0
0
0
0
0
0
0
0
0
0
0
0
0
0
0
0
0
0
0
0
0
0
0
0
0
0
0
0
0
0.084152
0.206091
0.210884
0.141078
0.0982867
0.245651
0.396163
0.40099
0.354447
0.289315
0.218766
0.203168
0.234081
0.234016
0.218128
0.220936
0.243863
0.267143
0.275718
0.294746
0.314641
0.314592
0.297125
0.286805
0.273746
0.262133
0.286142
0.338595
0.370714
0.357726
0.271889
0.135156
0.0401366
0
0
0
0.0483902
0.0935792
0.182082
0.321334
0.431255
0.461134
0.456523
0.437549
0.427917
0.429545
0.398409
0.286589
0.223448
0.212208
0.196769
0.176398
0.173873
0.249106
0.33767
0.294437
0.199856
0.193131
0.242554
0.26243
0.259499
0.268117
0.267468
0.259973
0.245743
0.222702
0.224129
0.255579
0.254003
0.223577
0.225257
0.230865
0.249674
0.274315
0.325089
0.405454
0.466567
0.394844
0.230321
0.133354
0.134061
0.0690441
0
0
0
0
0
0
0
0
0
0
0
0
0
0
0
0
0
0
0
0
0
0
0
0
0
0
0
0
0
0
0
0
0
0
0
0
0
0
0
0
0
0
0
0
0
0.0630666
0.152465
0.165309
0.127084
0.151289
0.327315
0.434781
0.419978
0.355132
0.276101
0.210766
0.215567
0.249176
0.229417
0.210111
0.222687
0.251952
0.284565
0.298685
0.304006
0.30116
0.277116
0.257879
0.264293
0.264044
0.249477
0.26159
0.298693
0.350233
0.396072
0.363767
0.237852
0.117514
0.0146685
0
0
0.0682242
0.114005
0.207293
0.358394
0.47258
0.49542
0.479674
0.451124
0.439462
0.461347
0.443383
0.343854
0.278673
0.257141
0.247773
0.238751
0.212015
0.25249
0.342184
0.287838
0.164777
0.153332
0.22335
0.261349
0.269528
0.286391
0.276094
0.275629
0.289125
0.264953
0.239804
0.260328
0.282087
0.261115
0.222183
0.208212
0.243377
0.291949
0.345836
0.414386
0.469284
0.42636
0.308281
0.187606
0.120147
0.0549048
0
0
0
0
0
0
0
0
0
0
0
0
0
0
0
0
0
0
0
0
0
0
0
0
0
0
0
0
0
0
0
0
0
0
0
0
0
0
0
0
0
0
0
0
0
0
0.0110326
0.103273
0.112708
0.203425
0.376936
0.450752
0.425963
0.358232
0.266181
0.19426
0.221045
0.268706
0.238929
0.227234
0.250246
0.279848
0.303208
0.314115
0.315969
0.288751
0.232619
0.212141
0.224362
0.236559
0.248171
0.259228
0.263023
0.286991
0.354731
0.345436
0.245247
0.177958
0.112432
0.0270773
0.079677
0.167735
0.201366
0.325411
0.49151
0.581685
0.550919
0.474598
0.435723
0.467728
0.546903
0.56007
0.460215
0.342096
0.284064
0.285567
0.300667
0.271997
0.280369
0.330121
0.261254
0.142668
0.149543
0.208475
0.244673
0.269293
0.294989
0.289277
0.295507
0.304068
0.264143
0.234355
0.250468
0.265799
0.249095
0.216926
0.215514
0.250577
0.28847
0.321985
0.379623
0.43099
0.418
0.350624
0.180903
0.087022
0.0776412
0.0178158
0
0
0
0
0
0
0
0
0
0
0
0
0
0
0
0
0
0
0
0
0
0
0
0
0
0
0
0
0
0
0
0
0
0
0
0
0
0
0
0
0
0
0
0
0
0
0.0448953
0.108157
0.288824
0.410792
0.434588
0.403152
0.345077
0.240621
0.166253
0.215398
0.27597
0.240571
0.239736
0.28063
0.326537
0.351728
0.35132
0.337728
0.280092
0.193034
0.153911
0.155215
0.175004
0.227863
0.271789
0.251781
0.225717
0.270582
0.261487
0.196541
0.204497
0.205608
0.131594
0.191172
0.260158
0.333008
0.504474
0.694308
0.733466
0.604071
0.473739
0.438762
0.49711
0.611516
0.665786
0.590099
0.432349
0.33457
0.330772
0.358572
0.347453
0.29091
0.245061
0.161099
0.135063
0.198335
0.228041
0.243783
0.256516
0.272992
0.29264
0.30327
0.277268
0.229505
0.216731
0.241546
0.267227
0.26892
0.248589
0.237606
0.246192
0.251277
0.267438
0.331713
0.394746
0.396505
0.370444
0.176056
0.0496589
0.091994
0.0620592
0.0175492
0.003325
0
0
0
0
0
0
0
0
0
0
0
0
0
0
0
0
0
0
0
0
0
0
0
0
0
0
0
0
0
0
0
0
0
0
0
0
0
0
0
0
0
0
0
0
0.0150556
0.153476
0.394076
0.434525
0.41066
0.371819
0.321473
0.236098
0.17199
0.212204
0.256549
0.228937
0.233717
0.291998
0.356574
0.386485
0.380494
0.348905
0.275065
0.184703
0.124437
0.108528
0.13647
0.206769
0.269749
0.266171
0.235049
0.255208
0.245992
0.217344
0.26278
0.272859
0.218818
0.218143
0.311402
0.467101
0.642887
0.800756
0.79818
0.62711
0.471258
0.439667
0.506082
0.613409
0.682055
0.655097
0.520612
0.399421
0.365401
0.412379
0.342712
0.249725
0.149835
0.071012
0.124533
0.215296
0.249666
0.268426
0.265368
0.25724
0.274497
0.293216
0.267064
0.236149
0.236257
0.261616
0.304259
0.31515
0.268512
0.238392
0.231848
0.24143
0.257753
0.307179
0.377503
0.401232
0.38396
0.206624
0.064294
0.0948699
0.0454647
0
0
0
0
0
0
0
0
0
0
0
0
0
0
0
0
0
0
0
0
0
0
0
0
0
0
0
0
0
0
0
0
0
0
0
0
0
0
0
0
0
0
0
0
0
0
0.0654202
0.254041
0.454389
0.453503
0.399524
0.336644
0.289398
0.238125
0.204471
0.234964
0.255633
0.231586
0.229376
0.272981
0.334902
0.369457
0.370151
0.346912
0.281122
0.199873
0.143215
0.125691
0.150538
0.204282
0.246199
0.249612
0.270297
0.307317
0.298153
0.260459
0.270524
0.285563
0.24927
0.234139
0.324661
0.499678
0.679322
0.760768
0.740747
0.605335
0.43743
0.390991
0.459321
0.55393
0.621152
0.614779
0.527705
0.42637
0.378186
0.399221
0.360084
0.253214
0.118245
0.0752725
0.132094
0.191753
0.236635
0.261294
0.265818
0.266991
0.274066
0.276373
0.267148
0.257277
0.263488
0.302402
0.351311
0.343815
0.275439
0.222362
0.229051
0.290311
0.292087
0.28361
0.362171
0.435486
0.430726
0.266777
0.124393
0.0975236
0.00889175
0
0
0
0
0
0
0
0
0
0
0
0
0
0
0
0
0
0
0
0
0
0
0
0
0
0
0
0
0
0
0
0
0
0
0
0
0
0
0
0
0
0
0
0
0
0.0705539
0.144277
0.316915
0.479722
0.475116
0.398746
0.309058
0.269119
0.222446
0.195398
0.251623
0.278668
0.239157
0.229464
0.254436
0.286684
0.309682
0.336412
0.350133
0.302583
0.220854
0.171326
0.158828
0.168717
0.204515
0.234366
0.227692
0.262581
0.336608
0.331757
0.263747
0.23058
0.225159
0.225378
0.224734
0.32561
0.519059
0.668949
0.674291
0.616915
0.526926
0.39461
0.341156
0.380036
0.45485
0.535411
0.546672
0.492073
0.420939
0.366698
0.338088
0.317191
0.226896
0.0892337
0.0826422
0.129965
0.169099
0.219791
0.240759
0.24134
0.241299
0.234336
0.229696
0.247061
0.267953
0.275929
0.330845
0.390412
0.374795
0.286072
0.207326
0.230575
0.314271
0.302369
0.271163
0.359727
0.458451
0.467613
0.331584
0.156181
0.0889863
0.0140803
0
0
0
0
0
0
0
0
0
0
0
0
0
0
0
0
0
0
0
0
0
0
0
0
0
0
0
0
0
0
0
0
0
0
0
0
0
0
0
0
0
0
0
0
0.0127982
0.15996
0.2118
0.36238
0.489535
0.463938
0.378435
0.289052
0.263578
0.238238
0.220228
0.271992
0.295045
0.25257
0.239029
0.25276
0.264549
0.279114
0.318268
0.335816
0.295606
0.234911
0.196924
0.176308
0.16699
0.192478
0.221321
0.21878
0.242558
0.298836
0.311095
0.274365
0.228921
0.210583
0.234166
0.26846
0.357209
0.502296
0.609776
0.579335
0.504683
0.445148
0.365558
0.317651
0.316273
0.362557
0.449707
0.4904
0.46283
0.400353
0.329012
0.262999
0.244189
0.169821
0.0511586
0.0699307
0.115387
0.146448
0.21532
0.245137
0.218477
0.181236
0.168544
0.18117
0.221387
0.271822
0.306662
0.358488
0.399908
0.379492
0.30029
0.242578
0.262525
0.310634
0.300847
0.307034
0.38557
0.446789
0.457922
0.390283
0.182099
0.0955125
0.0800235
0.000820985
0
0
0
0
0
0
0
0
0
0
0
0
0
0
0
0
0
0
0
0
0
0
0
0
0
0
0
0
0
0
0
0
0
0
0
0
0
0
0
0
0
0
0
0.0755833
0.179355
0.244607
0.425143
0.512284
0.443322
0.349114
0.27091
0.251578
0.257616
0.267286
0.308659
0.329583
0.301205
0.280166
0.272913
0.268354
0.276716
0.301895
0.307451
0.275098
0.242188
0.220631
0.192127
0.165577
0.172457
0.196974
0.206531
0.223179
0.243932
0.268275
0.277692
0.228833
0.217864
0.273597
0.324986
0.377162
0.442415
0.482962
0.475419
0.451822
0.414622
0.348344
0.305331
0.289033
0.314392
0.37712
0.423724
0.422456
0.368218
0.294083
0.220714
0.201942
0.129357
0.0349274
0.0680725
0.0976165
0.121085
0.202041
0.246692
0.205696
0.160681
0.152951
0.1794
0.224283
0.265014
0.313876
0.359589
0.36662
0.341367
0.295458
0.265028
0.28257
0.311836
0.310752
0.326958
0.374856
0.412728
0.430985
0.412857
0.219387
0.134118
0.189321
0.0907428
0
0
0
0
0
0
0
0
0
0
0
0
0
0
0
0
0
0
0
0
0
0
0
0
0
0
0
0
0
0
0
0
0
0
0
0
0
0
0
0
0
0.0112485
0.0648374
0.133816
0.171462
0.247974
0.466449
0.560773
0.467386
0.360603
0.280146
0.246903
0.24754
0.263682
0.309729
0.34922
0.336165
0.302358
0.278831
0.265531
0.26522
0.275592
0.283452
0.281279
0.267919
0.241194
0.20308
0.169802
0.162782
0.177254
0.190679
0.205696
0.213574
0.243951
0.273018
0.227224
0.224672
0.297974
0.354361
0.384229
0.386136
0.366354
0.376151
0.404483
0.405196
0.358988
0.329295
0.309522
0.310601
0.337538
0.373823
0.381703
0.335276
0.259332
0.182146
0.176116
0.109257
0.0287838
0.0669727
0.0865852
0.108422
0.190714
0.226327
0.197505
0.173396
0.171558
0.19498
0.231124
0.259718
0.29575
0.334827
0.323668
0.284934
0.257919
0.250272
0.272663
0.302438
0.300888
0.294955
0.313173
0.368194
0.408058
0.396022
0.233678
0.152494
0.216846
0.133528
0.0218818
0
0
0
0
0
0
0
0
0
0
0
0
0
0
0
0
0
0
0
0
0
0
0
0
0
0
0
0
0
0
0
0
0
0
0
0
0
0
0
0
0.0223748
0.0908639
0.158766
0.190113
0.269931
0.476415
0.573936
0.479623
0.38418
0.312875
0.270011
0.250486
0.248841
0.277676
0.317096
0.319132
0.287879
0.254909
0.239537
0.254397
0.280058
0.278564
0.277915
0.285624
0.253597
0.213614
0.184952
0.165043
0.169726
0.179602
0.190931
0.202835
0.237248
0.269053
0.225788
0.222649
0.298798
0.358787
0.375413
0.348276
0.316131
0.329314
0.362114
0.391654
0.384994
0.368098
0.334008
0.305334
0.308122
0.344537
0.35686
0.312828
0.231655
0.151883
0.164815
0.104138
0.0270394
0.0660908
0.0899224
0.117962
0.193447
0.204142
0.189541
0.18228
0.18033
0.193894
0.226437
0.250881
0.263598
0.285182
0.276372
0.249669
0.239665
0.239906
0.253737
0.273738
0.27037
0.269494
0.298035
0.357157
0.391789
0.386439
0.294008
0.181666
0.171191
0.103417
0.0152452
0
0
0
0
0
0
0
0
0
0
0
0
0
0
0
0
0
0
0
0
0
0
0
0
0
0
0
0
0
0
0
0
0
0
0
0
0
0
0
0
0.0226023
0.0844554
0.144721
0.180524
0.285258
0.473645
0.521781
0.427879
0.357436
0.319272
0.293042
0.278048
0.284498
0.291744
0.294545
0.291154
0.277348
0.252022
0.228212
0.239319
0.278002
0.287314
0.254662
0.243917
0.251558
0.233236
0.207213
0.173727
0.163582
0.166323
0.17858
0.196134
0.235842
0.260165
0.22466
0.239201
0.320885
0.376752
0.368252
0.317316
0.306402
0.334004
0.347294
0.380317
0.392036
0.36696
0.316255
0.283929
0.285304
0.317319
0.33603
0.303496
0.232935
0.153552
0.161895
0.0985249
0.021275
0.0573006
0.0992342
0.142052
0.189806
0.19284
0.180819
0.173604
0.172915
0.181844
0.214427
0.241443
0.236104
0.252571
0.253791
0.235975
0.235359
0.242416
0.248168
0.250258
0.255638
0.287849
0.346683
0.388538
0.390794
0.384142
0.333107
0.217631
0.156478
0.0980319
0.016838
0
0
0
0
0
0
0
0
0
0
0
0
0
0
0
0
0
0
0
0
0
0
0
0
0
0
0
0
0
0
0
0
0
0
0
0
0
0
0
0
0.0210475
0.0794874
0.137128
0.180455
0.292414
0.443059
0.445126
0.360494
0.302137
0.28204
0.28203
0.285338
0.305703
0.313827
0.30331
0.28991
0.270811
0.261194
0.252072
0.24426
0.259084
0.270382
0.234961
0.196593
0.229176
0.255174
0.228235
0.185269
0.158384
0.162173
0.173612
0.189969
0.235599
0.249482
0.211523
0.250046
0.350531
0.390776
0.336383
0.26845
0.289067
0.332911
0.338363
0.378295
0.400106
0.361065
0.294085
0.270671
0.279394
0.301215
0.324295
0.304888
0.24526
0.162767
0.147825
0.0739885
0.00273048
0.0541492
0.116866
0.161323
0.18389
0.187797
0.176809
0.173795
0.186816
0.195982
0.207437
0.213729
0.220787
0.250784
0.255748
0.249834
0.248744
0.254208
0.253099
0.243857
0.258962
0.315218
0.383672
0.41558
0.414374
0.407204
0.358101
0.240033
0.168736
0.106641
0.024718
0
0
0
0
0
0
0
0
0
0
0
0
0
0
0
0
0
0
0
0
0
0
0
0
0
0
0
0
0
0
0
0
0
0
0
0
0
0
0
0
0.0218818
0.0748987
0.122637
0.185108
0.2925
0.385313
0.385333
0.339121
0.293789
0.273299
0.271892
0.272165
0.277379
0.278502
0.277261
0.275884
0.261807
0.244758
0.240379
0.241682
0.244179
0.242828
0.242943
0.235489
0.232405
0.251953
0.22945
0.180762
0.160467
0.168882
0.177563
0.190787
0.240554
0.246261
0.193788
0.23061
0.341686
0.358018
0.268684
0.221873
0.273756
0.319276
0.335272
0.389567
0.422083
0.376944
0.29477
0.262765
0.264625
0.286073
0.323481
0.319524
0.250143
0.165308
0.128105
0.042057
0
0.0655316
0.132224
0.156729
0.164878
0.17424
0.181081
0.203826
0.226319
0.207553
0.176789
0.191004
0.239785
0.269523
0.277744
0.27247
0.261846
0.265291
0.262947
0.25033
0.269038
0.331552
0.393
0.421214
0.433096
0.436184
0.384949
0.265921
0.184723
0.108878
0.0279952
0
0
0
0
0
0
0
0
0
0
0
0
0
0
0
0
0
0
0
0
0
0
0
0
0
0
0
0
0
0
0
0
0
0
0
0
0
0
0
0
0.00693998
0.0414882
0.0828277
0.153654
0.259995
0.329637
0.352552
0.350871
0.327109
0.306928
0.295988
0.285223
0.276877
0.263559
0.252476
0.256517
0.258175
0.250231
0.239682
0.229144
0.215019
0.218124
0.258443
0.291085
0.285809
0.254288
0.214446
0.176941
0.16571
0.172745
0.178818
0.194049
0.241227
0.246819
0.202423
0.226935
0.320267
0.310246
0.226697
0.215453
0.269641
0.306817
0.348859
0.412421
0.441943
0.393307
0.311958
0.259534
0.234392
0.262821
0.329337
0.352279
0.267587
0.182791
0.126171
0.0401229
0.0268877
0.0968942
0.139608
0.147394
0.152353
0.168416
0.198028
0.239778
0.23708
0.199081
0.193568
0.233614
0.253442
0.25819
0.269351
0.258971
0.248278
0.254277
0.259168
0.263383
0.284297
0.320396
0.367274
0.405441
0.41903
0.431952
0.399012
0.286814
0.196263
0.106451
0.0265778
0.00103877
0
0
0
0
0
0
0
0
0
0
0
0
0
0
0
0
0
0
0
0
0
0
0
0
0
0
0
0
0
0
0
0
0
0
0
0
0
0
0
0
0
0.0442446
0.128271
0.247434
0.321183
0.348441
0.356908
0.341014
0.3336
0.335616
0.326477
0.312043
0.290512
0.270244
0.268893
0.271704
0.261886
0.239797
0.208285
0.183095
0.202775
0.260806
0.307451
0.322906
0.275192
0.209525
0.178364
0.164589
0.164671
0.172219
0.197399
0.240544
0.25133
0.245026
0.262486
0.292313
0.262199
0.226217
0.249371
0.280696
0.307393
0.361713
0.418197
0.435397
0.385569
0.320258
0.26396
0.217798
0.247282
0.336905
0.394288
0.326369
0.228412
0.135917
0.0610187
0.0874513
0.143199
0.15029
0.141697
0.140538
0.158648
0.203709
0.231415
0.214594
0.205956
0.23038
0.235663
0.20948
0.209683
0.224965
0.230439
0.23228
0.237652
0.256003
0.278779
0.282937
0.285476
0.324502
0.368188
0.372542
0.392667
0.404321
0.304651
0.197289
0.0982974
0.0221321
0
0
0
0
0
0
0
0
0
0
0
0
0
0
0
0
0
0
0
0
0
0
0
0
0
0
0
0
0
0
0
0
0
0
0
0
0
0
0
0
0
0
0.0435636
0.125827
0.277861
0.353691
0.360495
0.353622
0.338333
0.340661
0.351726
0.342565
0.32248
0.307198
0.29659
0.294541
0.2949
0.279779
0.250856
0.212768
0.189208
0.211576
0.255322
0.295725
0.311923
0.270811
0.211459
0.176858
0.165851
0.172252
0.177861
0.199174
0.246067
0.279779
0.317547
0.308203
0.248512
0.209811
0.227593
0.278639
0.300259
0.322187
0.366755
0.402412
0.405643
0.366545
0.33067
0.289179
0.230933
0.23667
0.325172
0.431779
0.429293
0.303918
0.162881
0.0834694
0.123744
0.175396
0.151542
0.13052
0.125883
0.141681
0.184671
0.218597
0.227942
0.226142
0.224464
0.211176
0.208212
0.208744
0.205393
0.207739
0.218876
0.235922
0.264159
0.282692
0.266751
0.262712
0.291411
0.316813
0.317816
0.344376
0.398946
0.321613
0.19322
0.0864653
0.0117709
0
0
0
0
0
0
0
0
0
0
0
0
0
0
0
0
0
0
0
0
0
0
0
0
0
0
0
0
0
0
0
0
0
0
0
0
0
0
0
0
0
0.00397351
0.063632
0.11898
0.275038
0.356325
0.366304
0.347536
0.322121
0.313454
0.315847
0.306673
0.297715
0.297444
0.293938
0.295277
0.302002
0.292322
0.27333
0.247227
0.226312
0.240027
0.270895
0.287989
0.278122
0.251372
0.216275
0.186925
0.186232
0.203144
0.1903
0.178335
0.231891
0.317552
0.365077
0.304217
0.212457
0.189166
0.224216
0.272816
0.301885
0.325411
0.357165
0.378796
0.367767
0.350132
0.361023
0.345946
0.281288
0.245187
0.296216
0.417889
0.484903
0.394707
0.224089
0.0910161
0.0942775
0.156548
0.131253
0.103152
0.125693
0.136183
0.160954
0.215406
0.237826
0.222738
0.211289
0.2035
0.205632
0.205501
0.19975
0.20667
0.233757
0.262695
0.279683
0.277625
0.258552
0.249437
0.257121
0.276083
0.285508
0.309797
0.373023
0.308592
0.184649
0.0800183
0.00187974
0
0
0
0
0
0
0
0
0
0
0
0
0
0
0
0
0
0
0
0
0
0
0
0
0
0
0
0
0
0
0
0
0
0
0
0
0
0
0
0
0
0.0125585
0.0678855
0.113582
0.225456
0.312197
0.344626
0.324405
0.285543
0.269148
0.27505
0.281333
0.28678
0.284248
0.276309
0.279339
0.291467
0.289499
0.280342
0.263953
0.243013
0.248911
0.272295
0.265263
0.239484
0.232242
0.230752
0.220948
0.223391
0.227166
0.182863
0.148548
0.185759
0.258837
0.289364
0.230082
0.182524
0.200226
0.237057
0.263386
0.289966
0.312975
0.333571
0.345162
0.323509
0.319991
0.369133
0.384155
0.338693
0.296556
0.29747
0.358637
0.419607
0.419077
0.296599
0.081687
0.0280254
0.107134
0.0888924
0.0586675
0.118444
0.138064
0.146008
0.207315
0.246202
0.227331
0.20536
0.184393
0.183963
0.199785
0.2089
0.21889
0.237811
0.263322
0.275898
0.258108
0.230853
0.218936
0.228805
0.256271
0.264242
0.278446
0.332883
0.27267
0.175813
0.0861998
0.0115868
0
0
0
0
0
0
0
0
0
0
0
0
0
0
0
0
0
0
0
0
0
0
0
0
0
0
0
0
0
0
0
0
0
0
0
0
0
0
0
0
0
0.00538512
0.0673976
0.117269
0.188466
0.278014
0.310759
0.291806
0.253007
0.239412
0.251189
0.265618
0.267488
0.251504
0.244227
0.257752
0.276296
0.282089
0.276457
0.259089
0.238877
0.237797
0.242223
0.218566
0.193382
0.196844
0.220789
0.223862
0.229209
0.221053
0.168181
0.125629
0.0966647
0.106494
0.132875
0.146647
0.173356
0.218661
0.24713
0.25395
0.277528
0.2981
0.300178
0.299156
0.286205
0.295112
0.347037
0.368767
0.354226
0.346732
0.321672
0.308332
0.333452
0.365167
0.32335
0.136221
0.0100876
0.0728508
0.0590467
0.0266981
0.0917366
0.130717
0.138648
0.195098
0.247377
0.235046
0.203608
0.179119
0.175672
0.176353
0.169283
0.177753
0.202754
0.235103
0.258318
0.246034
0.215308
0.204038
0.216791
0.237747
0.231605
0.244036
0.294007
0.242343
0.166066
0.0917695
0.0276222
0.00503192
0
0
0
0
0
0
0
0
0
0
0
0
0
0
0
0
0
0
0
0
0
0
0
0
0
0
0
0
0
0
0
0
0
0
0
0
0
0
0
0
0.00446843
0.056365
0.100193
0.160355
0.260762
0.286308
0.269443
0.235722
0.219974
0.22517
0.237668
0.238958
0.219751
0.209549
0.225642
0.240507
0.240084
0.230116
0.209153
0.195916
0.201365
0.199854
0.178254
0.161213
0.160578
0.180098
0.200311
0.221245
0.200159
0.153906
0.10347
0.0640995
0.0711762
0.0922544
0.130962
0.18016
0.210737
0.227438
0.250632
0.275054
0.265474
0.247269
0.249629
0.251217
0.259002
0.289966
0.303093
0.311548
0.322985
0.295269
0.254069
0.258371
0.283928
0.274228
0.219407
0.120445
0.0926089
0.0656833
0.0337139
0.0789944
0.129129
0.143426
0.183023
0.23162
0.228736
0.204885
0.201597
0.203326
0.178921
0.155081
0.167747
0.195894
0.220718
0.242729
0.240043
0.214557
0.205288
0.216368
0.22609
0.218336
0.257522
0.287643
0.22249
0.156851
0.096112
0.0411363
0.0130456
0
0
0
0
0
0
0
0
0
0
0
0
0
0
0
0
0
0
0
0
0
0
0
0
0
0
0
0
0
0
0
0
0
0
0
0
0
0
0
0
0.00213073
0.0323952
0.0783105
0.146326
0.239662
0.258544
0.246385
0.214417
0.194421
0.191872
0.202836
0.209731
0.196658
0.18423
0.194903
0.20421
0.197007
0.181873
0.165379
0.161081
0.16351
0.161783
0.15501
0.14358
0.138696
0.154794
0.187071
0.200635
0.174324
0.141907
0.1061
0.0817602
0.1018
0.126676
0.161286
0.191724
0.200183
0.214643
0.251712
0.269915
0.234124
0.210011
0.221307
0.223637
0.206737
0.207875
0.220414
0.239268
0.250038
0.237822
0.215328
0.218583
0.227293
0.204661
0.207613
0.22202
0.157799
0.102431
0.073268
0.0923813
0.126626
0.151035
0.179247
0.214445
0.219519
0.213081
0.218302
0.223486
0.203217
0.184306
0.194973
0.201625
0.202613
0.219523
0.226869
0.217331
0.211065
0.221704
0.228299
0.234712
0.294758
0.283397
0.207403
0.157534
0.110031
0.0596287
0.0186439
0
0
0
0
0
0
0
0
0
0
0
0
0
0
0
0
0
0
0
0
0
0
0
0
0
0
0
0
0
0
0
0
0
0
0
0
0
0
0
0.00125111
0
0.0184081
0.0762729
0.151093
0.221981
0.227646
0.223935
0.187021
0.155548
0.154252
0.167403
0.179799
0.175612
0.169454
0.180715
0.184825
0.171813
0.155976
0.149372
0.151884
0.151138
0.145347
0.137614
0.123033
0.121181
0.149728
0.17952
0.177359
0.155852
0.144318
0.125138
0.109652
0.129689
0.137589
0.143423
0.171171
0.198267
0.214805
0.234424
0.253234
0.23049
0.192192
0.186746
0.187136
0.161499
0.15767
0.187489
0.205933
0.208659
0.223777
0.251791
0.262452
0.23733
0.201602
0.202597
0.234158
0.228339
0.149987
0.115894
0.112557
0.128636
0.141132
0.153513
0.181369
0.2003
0.203196
0.20891
0.218835
0.211093
0.197907
0.202994
0.204881
0.202731
0.20833
0.206109
0.200193
0.19444
0.208404
0.220238
0.236202
0.28144
0.250832
0.199591
0.157496
0.110616
0.0589642
0.0125508
0
0
0
0
0
0
0
0
0
0
0
0
0
0
0
0
0
0
0
0
0
0
0
0
0
0
0
0
0
0
0
0
0
0
0
0
0
0
0
0
0
0.0129191
0.0812242
0.158759
0.217471
0.219195
0.212919
0.166571
0.124721
0.127485
0.139084
0.153843
0.159265
0.163296
0.176331
0.177747
0.159808
0.143296
0.144085
0.14827
0.144706
0.134547
0.122293
0.10918
0.114156
0.146615
0.168828
0.169715
0.150908
0.143825
0.147424
0.149561
0.149631
0.128783
0.129457
0.154664
0.181898
0.194978
0.209552
0.230317
0.21489
0.167847
0.135384
0.15385
0.167847
0.176425
0.191688
0.193949
0.195779
0.22343
0.268728
0.285042
0.249692
0.213004
0.214292
0.244324
0.269955
0.229813
0.153286
0.134742
0.136839
0.13
0.120373
0.136271
0.155054
0.155713
0.162178
0.179458
0.194636
0.209324
0.223824
0.227885
0.223837
0.21242
0.191085
0.173838
0.162338
0.176973
0.194564
0.218955
0.246151
0.216892
0.188745
0.145436
0.0941427
0.0405068
0.00211627
0
0
0
0
0
0
0
0
0
0
0
0
0
0
0
0
0
0
0
0
0
0
0
0
0
0
0
0
0
0
0
0
0
0
0
0
0
0
0
0
0
0.00629862
0.0743899
0.153262
0.211166
0.23042
0.214711
0.163081
0.121868
0.124808
0.14287
0.166831
0.170635
0.164145
0.166817
0.165873
0.151858
0.141701
0.143874
0.138508
0.125773
0.115949
0.109813
0.103849
0.11321
0.141602
0.160751
0.164326
0.14684
0.141503
0.141642
0.1299
0.113549
0.114249
0.144403
0.154197
0.147222
0.144491
0.174914
0.207826
0.195504
0.151071
0.0979953
0.142274
0.200394
0.196653
0.17296
0.165076
0.179606
0.210955
0.244579
0.270173
0.270317
0.243885
0.230825
0.230499
0.233124
0.230908
0.179118
0.141522
0.132185
0.119875
0.114428
0.138432
0.15796
0.147984
0.13869
0.143879
0.157341
0.176483
0.195123
0.211838
0.224291
0.223387
0.209721
0.191667
0.170877
0.178095
0.193229
0.229165
0.2432
0.199319
0.169176
0.128522
0.0799505
0.0294574
0
0
0
0
0
0
0
0
0
0
0
0
0
0
0
0
0
0
0
0
0
0
0
0
0
0
0
0
0
0
0
0
0
0
0
0
0
0
0
0
0
0
0
0.0427684
0.120369
0.17934
0.229727
0.226655
0.181824
0.141922
0.148079
0.172032
0.185275
0.189858
0.176749
0.160314
0.146381
0.137345
0.136406
0.133979
0.121116
0.108137
0.105623
0.109136
0.104444
0.116574
0.151879
0.169129
0.148731
0.113652
0.0994376
0.090176
0.0775105
0.0777225
0.107547
0.14519
0.143807
0.11151
0.0963064
0.138404
0.193061
0.201166
0.161435
0.100266
0.141965
0.206048
0.187958
0.150105
0.148914
0.179057
0.203854
0.220089
0.246524
0.306284
0.313173
0.274004
0.220311
0.179969
0.189628
0.18421
0.151655
0.126639
0.111612
0.116031
0.145552
0.163243
0.151161
0.13261
0.132288
0.149855
0.163316
0.171452
0.18946
0.207807
0.214944
0.21915
0.222218
0.214207
0.215064
0.219376
0.265568
0.259824
0.190683
0.151466
0.11487
0.0682116
0.0217894
0
0
0
0
0
0
0
0
0
0
0
0
0
0
0
0
0
0
0
0
0
0
0
0
0
0
0
0
0
0
0
0
0
0
0
0
0
0
0
0
0
0
0
0.0195897
0.0980256
0.151579
0.212018
0.240282
0.217737
0.183086
0.180282
0.18662
0.195543
0.197704
0.169394
0.134435
0.113788
0.114706
0.121551
0.116531
0.106058
0.103774
0.112364
0.121861
0.11209
0.122434
0.163174
0.166576
0.116172
0.0820345
0.0863627
0.0901296
0.0843479
0.0906384
0.116573
0.141616
0.139464
0.105698
0.086671
0.124933
0.182965
0.209153
0.179348
0.127763
0.146518
0.18598
0.169859
0.143348
0.154319
0.181155
0.180328
0.165456
0.169765
0.256731
0.33592
0.312805
0.250045
0.198073
0.186479
0.189428
0.1697
0.133925
0.114336
0.119501
0.145756
0.158743
0.144736
0.124441
0.125396
0.147917
0.157353
0.155552
0.175576
0.196579
0.205347
0.219488
0.230867
0.238319
0.245838
0.255567
0.301005
0.256335
0.178075
0.135728
0.103056
0.0572694
0.0119887
0
0
0
0
0
0
0
0
0
0
0
0
0
0
0
0
0
0
0
0
0
0
0
0
0
0
0
0
0
0
0
0
0
0
0
0
0
0
0
0
0
0
0
0.0118204
0.0925819
0.151755
0.196029
0.251627
0.261443
0.234022
0.207817
0.199806
0.19703
0.166243
0.129976
0.105361
0.0951163
0.100711
0.10968
0.106155
0.0970367
0.100411
0.114207
0.124205
0.110478
0.110481
0.140782
0.136506
0.0986274
0.0948094
0.115557
0.120802
0.11331
0.113166
0.125847
0.13396
0.126772
0.108382
0.096611
0.120271
0.161026
0.186035
0.172711
0.143748
0.149115
0.166283
0.152752
0.132165
0.146111
0.16541
0.141762
0.105255
0.0891877
0.145665
0.261653
0.303542
0.26979
0.234009
0.224363
0.222837
0.197399
0.145842
0.115938
0.115672
0.133456
0.139953
0.12311
0.111397
0.116883
0.132826
0.138271
0.135082
0.155735
0.187377
0.206974
0.223808
0.231073
0.245628
0.263625
0.289293
0.317553
0.228559
0.16417
0.118586
0.0902314
0.0480135
0.00347113
0
0
0
0
0
0
0
0
0
0
0
0
0
0
0
0
0
0
0
0
0
0
0
0
0
0
0
0
0
0
0
0
0
0
0
0
0
0
0
0
0
0
0
0.00874332
0.0855693
0.162558
0.202595
0.279733
0.298738
0.269879
0.23539
0.204081
0.173587
0.153336
0.143568
0.126721
0.107137
0.100923
0.107081
0.10512
0.0965771
0.0971452
0.105318
0.112862
0.102678
0.0937561
0.107253
0.11155
0.103371
0.12054
0.141365
0.137512
0.12661
0.126788
0.136638
0.131219
0.115273
0.111009
0.110951
0.11944
0.140876
0.154466
0.142773
0.12576
0.136803
0.153316
0.135761
0.11813
0.133619
0.144591
0.124599
0.0980069
0.0755238
0.091958
0.166152
0.242929
0.270447
0.257575
0.251676
0.246244
0.208331
0.144138
0.11329
0.113423
0.122487
0.123238
0.109924
0.10915
0.116599
0.120826
0.123458
0.120712
0.127535
0.155085
0.175798
0.18139
0.19145
0.230789
0.268101
0.304058
0.304906
0.1949
0.150707
0.105655
0.0754346
0.0356698
0
0
0
0
0
0
0
0
0
0
0
0
0
0
0
0
0
0
0
0
0
0
0
0
0
0
0
0
0
0
0
0
0
0
0
0
0
0
0
0
0
0
0
0
0.00715275
0.0615186
0.135595
0.18645
0.279971
0.332152
0.301373
0.254048
0.181432
0.149138
0.166932
0.168234
0.141576
0.107642
0.0989601
0.106496
0.10455
0.0974816
0.0971684
0.101848
0.108684
0.105111
0.0939428
0.0963162
0.105252
0.112573
0.127346
0.134636
0.129092
0.127036
0.132353
0.138093
0.128468
0.109161
0.113615
0.123544
0.129154
0.140645
0.14598
0.123106
0.102706
0.125565
0.141235
0.124023
0.124306
0.139323
0.134587
0.125242
0.118154
0.106141
0.107376
0.14151
0.188943
0.250105
0.284704
0.278917
0.254887
0.203561
0.13077
0.107933
0.114717
0.117508
0.115215
0.109613
0.11521
0.120083
0.112251
0.109321
0.110551
0.11415
0.138678
0.158768
0.161887
0.172809
0.216028
0.247057
0.294272
0.267831
0.171641
0.135121
0.103152
0.0690896
0.0236144
0
0
0
0
0
0
0
0
0
0
0
0
0
0
0
0
0
0
0
0
0
0
0
0
0
0
0
0
0
0
0
0
0
0
0
0
0
0
0
0
0
0
0
0
0.00191265
0.0229163
0.0747417
0.139998
0.215622
0.311608
0.30792
0.245775
0.161308
0.136247
0.155534
0.151377
0.121974
0.0975705
0.0995255
0.107162
0.103026
0.0935842
0.0933873
0.100117
0.107455
0.106454
0.0970274
0.0962045
0.107459
0.130716
0.145289
0.13709
0.120397
0.121766
0.126271
0.123574
0.105166
0.0906483
0.11095
0.132957
0.135805
0.144824
0.157397
0.138669
0.121761
0.143886
0.15014
0.139189
0.147516
0.151919
0.130906
0.114144
0.109507
0.106101
0.109236
0.132635
0.158177
0.20173
0.278004
0.320104
0.290324
0.206494
0.12029
0.103113
0.105431
0.102571
0.104937
0.110976
0.123441
0.132947
0.128291
0.122114
0.119798
0.123073
0.138611
0.146891
0.149781
0.169506
0.199087
0.204964
0.26273
0.208243
0.156093
0.125981
0.104327
0.0616679
0.00991098
0
0
0
0
0
0
0
0
0
0
0
0
0
0
0
0
0
0
0
0
0
0
0
0
0
0
0
0
0
0
0
0
0
0
0
0
0
0
0
0
0
0
0
0
0
0.0192717
0.0639639
0.121962
0.16925
0.238125
0.286028
0.247599
0.190642
0.152805
0.14065
0.13574
0.132394
0.129775
0.126474
0.119011
0.108364
0.0947078
0.0889841
0.0941998
0.101551
0.100216
0.0949085
0.0969579
0.109788
0.143876
0.165537
0.161749
0.128971
0.108554
0.103787
0.0931942
0.0822459
0.0920415
0.115834
0.136494
0.136174
0.14906
0.170961
0.162511
0.159543
0.175707
0.167873
0.15571
0.161513
0.169928
0.140197
0.0968096
0.0822961
0.0799901
0.0860882
0.104416
0.125801
0.160356
0.223863
0.285408
0.273731
0.180688
0.109017
0.104125
0.100745
0.0950198
0.097897
0.109266
0.128763
0.14392
0.148057
0.151841
0.14658
0.141799
0.149319
0.148157
0.150038
0.179486
0.190896
0.193546
0.230682
0.159331
0.146157
0.125981
0.0925637
0.0401677
0
0
0
0
0
0
0
0
0
0
0
0
0
0
0
0
0
0
0
0
0
0
0
0
0
0
0
0
0
0
0
0
0
0
0
0
0
0
0
0
0
0
0
0
0
0
0.0355206
0.089046
0.131063
0.158482
0.184956
0.262716
0.267071
0.197168
0.167872
0.151102
0.138056
0.139052
0.143359
0.137685
0.122687
0.108101
0.0947503
0.0853591
0.0881253
0.095943
0.0958514
0.0954391
0.0982162
0.101485
0.123031
0.145617
0.151087
0.128868
0.111591
0.104017
0.0981588
0.0972203
0.119821
0.140813
0.141969
0.129238
0.146149
0.170659
0.173127
0.186166
0.196847
0.176648
0.157278
0.156937
0.175995
0.152006
0.102409
0.0861631
0.0791926
0.0831505
0.092214
0.102122
0.128332
0.153671
0.174319
0.168335
0.119031
0.0971829
0.117205
0.129375
0.121432
0.10398
0.100715
0.118267
0.132845
0.142454
0.151742
0.15279
0.15514
0.168699
0.178062
0.187054
0.214104
0.204735
0.228086
0.202138
0.140051
0.139558
0.114493
0.0644341
0.0158318
0
0
0
0
0
0
0
0
0
0
0
0
0
0
0
0
0
0
0
0
0
0
0
0
0
0
0
0
0
0
0
0
0
0
0
0
0
0
0
0
0
0
0
0
0
0
0.0243333
0.0946987
0.152685
0.163791
0.16846
0.222042
0.295887
0.245457
0.206921
0.181091
0.151247
0.131697
0.121726
0.116947
0.111168
0.103456
0.0949917
0.0846855
0.0842305
0.0916185
0.0978582
0.10181
0.0969813
0.0908182
0.100611
0.113279
0.115166
0.113846
0.121597
0.122507
0.118725
0.112059
0.121618
0.139371
0.147168
0.137867
0.141388
0.166221
0.187762
0.202673
0.201111
0.179017
0.159479
0.155173
0.160724
0.149497
0.147013
0.140458
0.11964
0.112041
0.104481
0.0940314
0.101722
0.107361
0.101169
0.0896779
0.0801643
0.0919138
0.126146
0.153974
0.154175
0.136423
0.116724
0.110664
0.11285
0.123797
0.137714
0.144085
0.159169
0.185743
0.20275
0.223778
0.251021
0.250934
0.249256
0.155601
0.129508
0.135561
0.101141
0.0413251
0.001664
0
0
0
0
0
0
0
0
0
0
0
0
0
0
0
0
0
0
0
0
0
0
0
0
0
0
0
0
0
0
0
0
0
0
0
0
0
0
0
0
0
0
0
0
0
0
0.00570972
0.0769804
0.157664
0.180281
0.169224
0.165988
0.260168
0.293383
0.261064
0.219974
0.164694
0.129222
0.107021
0.104409
0.1107
0.110247
0.102997
0.0923385
0.0896697
0.0961923
0.105503
0.106894
0.0930043
0.0866165
0.10785
0.130378
0.130795
0.130729
0.137274
0.136525
0.131658
0.122888
0.119665
0.132545
0.144711
0.153432
0.148171
0.167783
0.200949
0.205449
0.191726
0.167449
0.143935
0.123501
0.120983
0.14879
0.173258
0.164728
0.150182
0.14159
0.116652
0.0888305
0.0848283
0.0889493
0.081046
0.0719703
0.0744495
0.0854885
0.109023
0.142703
0.15859
0.160225
0.157767
0.141996
0.128776
0.12606
0.125559
0.134045
0.157014
0.184116
0.204818
0.239715
0.281404
0.294115
0.202413
0.122872
0.127195
0.130296
0.0846988
0.0218577
0
0
0
0
0
0
0
0
0
0
0
0
0
0
0
0
0
0
0
0
0
0
0
0
0
0
0
0
0
0
0
0
0
0
0
0
0
0
0
0
0
0
0
0
0
0
0
0
0.0335981
0.122564
0.186307
0.1778
0.143512
0.189688
0.261393
0.250803
0.21704
0.145393
0.112709
0.0991289
0.0958613
0.0993286
0.101682
0.102317
0.102699
0.102188
0.104872
0.111828
0.10686
0.0914979
0.0897062
0.12711
0.168642
0.167406
0.161532
0.157091
0.145485
0.138907
0.135151
0.13098
0.137696
0.149416
0.155967
0.160278
0.172995
0.19697
0.195122
0.176798
0.152207
0.122868
0.0922031
0.108009
0.148588
0.156602
0.153141
0.154027
0.142701
0.114061
0.0886753
0.0824739
0.0794297
0.0749077
0.0770621
0.0836939
0.0882644
0.0910853
0.104352
0.132475
0.163
0.180511
0.18064
0.167571
0.149292
0.133615
0.133086
0.150856
0.173978
0.200147
0.242311
0.3006
0.276937
0.145325
0.126778
0.13349
0.115549
0.057367
0.00417756
0
0
0
0
0
0
0
0
0
0
0
0
0
0
0
0
0
0
0
0
0
0
0
0
0
0
0
0
0
0
0
0
0
0
0
0
0
0
0
0
0
0
0
0
0
0
0
0
0.00299158
0.0731795
0.162198
0.184173
0.155628
0.152239
0.215495
0.231182
0.204991
0.158275
0.125601
0.0972178
0.0772869
0.0700956
0.0739723
0.0923554
0.108929
0.109194
0.111336
0.120843
0.109439
0.0964256
0.103252
0.142724
0.185571
0.181735
0.168376
0.16039
0.155115
0.152902
0.149495
0.142433
0.138183
0.149111
0.166059
0.176362
0.184502
0.190325
0.188327
0.17357
0.170573
0.160153
0.140518
0.138457
0.144913
0.148442
0.147918
0.139371
0.132317
0.115194
0.0985497
0.0893111
0.0745872
0.0738678
0.090293
0.100901
0.10094
0.0918137
0.0815303
0.0893783
0.132043
0.184453
0.205747
0.196417
0.175224
0.154471
0.145357
0.148715
0.170515
0.207554
0.259669
0.286746
0.18858
0.121165
0.136676
0.127882
0.0790259
0.023326
0
0
0
0
0
0
0
0
0
0
0
0
0
0
0
0
0
0
0
0
0
0
0
0
0
0
0
0
0
0
0
0
0
0
0
0
0
0
0
0
0
0
0
0
0
0
0
0
0
0
0.0255573
0.105252
0.175345
0.178209
0.149776
0.162758
0.202905
0.199534
0.171847
0.153354
0.117177
0.0827675
0.0664509
0.070491
0.101279
0.121899
0.11791
0.123544
0.138588
0.119932
0.106194
0.121825
0.152169
0.179177
0.168861
0.147624
0.152146
0.15843
0.157872
0.161334
0.158078
0.143944
0.140139
0.166013
0.191462
0.194811
0.19786
0.195487
0.184555
0.187107
0.172397
0.152796
0.144578
0.144972
0.149084
0.146167
0.150111
0.153576
0.133653
0.11199
0.0959601
0.0790541
0.085325
0.104826
0.110345
0.098432
0.0801943
0.0781463
0.0890999
0.10372
0.14979
0.199725
0.210221
0.194792
0.182604
0.181855
0.188524
0.204803
0.235982
0.253553
0.188602
0.116376
0.130077
0.140921
0.09807
0.0376029
0.0023822
0
0
0
0
0
0
0
0
0
0
0
0
0
0
0
0
0
0
0
0
0
0
0
0
0
0
0
0
0
0
0
0
0
0
0
0
0
0
0
0
0
0
0
0
0
0
0
0
0
0
0
0.0529402
0.14297
0.187046
0.170382
0.139882
0.150314
0.190294
0.17998
0.159772
0.149631
0.110669
0.0883423
0.0990647
0.139638
0.152074
0.140251
0.145575
0.157506
0.133233
0.1208
0.143563
0.169035
0.179935
0.168318
0.154785
0.153726
0.149925
0.148008
0.160792
0.173408
0.163558
0.147604
0.155002
0.184686
0.189641
0.201193
0.20364
0.17909
0.168045
0.157453
0.14452
0.14088
0.14758
0.152699
0.155846
0.17158
0.172682
0.146104
0.124046
0.109189
0.0965646
0.102589
0.107772
0.0975146
0.076715
0.0669571
0.0921645
0.119356
0.118493
0.12402
0.153074
0.179681
0.190798
0.191264
0.201564
0.218002
0.24947
0.277027
0.193515
0.109864
0.112405
0.144987
0.131622
0.0673076
0.0102159
0
0
0
0
0
0
0
0
0
0
0
0
0
0
0
0
0
0
0
0
0
0
0
0
0
0
0
0
0
0
0
0
0
0
0
0
0
0
0
0
0
0
0
0
0
0
0
0
0
0
0
0
0.019588
0.0908236
0.165584
0.18463
0.154394
0.129987
0.171327
0.222655
0.191352
0.184388
0.130721
0.103316
0.130443
0.180751
0.186334
0.172466
0.169218
0.167368
0.140233
0.132049
0.155673
0.185643
0.199867
0.200796
0.186861
0.15419
0.131615
0.132702
0.150492
0.173792
0.183081
0.172848
0.157328
0.176335
0.186018
0.196804
0.196852
0.167392
0.157095
0.168878
0.175374
0.16652
0.161127
0.164389
0.169673
0.178214
0.174989
0.149218
0.136391
0.129563
0.119345
0.121418
0.114935
0.0896481
0.0685775
0.0773947
0.116734
0.149716
0.154488
0.141893
0.128869
0.135471
0.16809
0.190515
0.211816
0.254342
0.316232
0.272669
0.135917
0.102583
0.135871
0.150228
0.104785
0.0333547
0
0
0
0
0
0
0
0
0
0
0
0
0
0
0
0
0
0
0
0
0
0
0
0
0
0
0
0
0
0
0
0
0
0
0
0
0
0
0
0
0
0
0
0
0
0
0
0
0
0
0
0
0
0.0016679
0.0392566
0.113067
0.17156
0.17874
0.144531
0.142194
0.208181
0.231254
0.20636
0.138481
0.109707
0.152008
0.199124
0.206105
0.194939
0.177205
0.165113
0.14447
0.13522
0.148476
0.177462
0.205608
0.221821
0.205597
0.151265
0.117747
0.124128
0.13979
0.168454
0.199283
0.202985
0.178501
0.185388
0.202883
0.214005
0.197015
0.175115
0.184813
0.213883
0.222271
0.191623
0.168295
0.175287
0.17667
0.172319
0.166058
0.148165
0.148276
0.145694
0.136429
0.147028
0.147878
0.121579
0.0961228
0.10343
0.1381
0.170168
0.178604
0.167825
0.142358
0.132017
0.159281
0.18996
0.230183
0.293597
0.281016
0.159999
0.0920021
0.117449
0.150613
0.133866
0.0647908
0.00481028
0
0
0
0
0
0
0
0
0
0
0
0
0
0
0
0
0
0
0
0
0
0
0
0
0
0
0
0
0
0
0
0
0
0
0
0
0
0
0
0
0
0
0
0
0
0
0
0
0
0
0
0
0
0
0.009405
0.052533
0.129454
0.1848
0.176054
0.131387
0.126695
0.18178
0.199758
0.157508
0.128094
0.172575
0.204476
0.210604
0.192131
0.165552
0.160538
0.15468
0.144274
0.140325
0.152809
0.18614
0.211244
0.196411
0.143213
0.11794
0.129436
0.140175
0.164016
0.201091
0.209548
0.193446
0.206777
0.23381
0.242029
0.211763
0.195683
0.215578
0.246242
0.240843
0.194473
0.17389
0.181372
0.182355
0.173952
0.157565
0.147246
0.160733
0.160421
0.149046
0.171885
0.184916
0.17042
0.140597
0.126619
0.146819
0.175485
0.183709
0.174842
0.1565
0.144198
0.159421
0.181567
0.219333
0.209093
0.117373
0.0791461
0.0962495
0.141083
0.137728
0.0843291
0.0224315
0
0
0
0
0
0
0
0
0
0
0
0
0
0
0
0
0
0
0
0
0
0
0
0
0
0
0
0
0
0
0
0
0
0
0
0
0
0
0
0
0
0
0
0
0
0
0
0
0
0
0
0
0
0
0
0
0.015852
0.0821595
0.166257
0.197647
0.160281
0.109731
0.120866
0.183037
0.203506
0.201012
0.218049
0.218363
0.208642
0.174787
0.156933
0.16959
0.180568
0.173498
0.149931
0.14372
0.170335
0.189889
0.173774
0.135152
0.135763
0.155264
0.157981
0.164073
0.188082
0.195999
0.200711
0.23405
0.267537
0.264451
0.231744
0.226184
0.234174
0.236242
0.220757
0.190837
0.18787
0.200944
0.201886
0.189297
0.165991
0.150409
0.167487
0.173825
0.166528
0.196111
0.210374
0.206395
0.183842
0.143665
0.145962
0.166904
0.174183
0.164903
0.155216
0.155981
0.169674
0.190803
0.213491
0.165953
0.109106
0.101331
0.139406
0.156175
0.10664
0.0331033
0
0
0
0
0
0
0
0
0
0
0
0
0
0
0
0
0
0
0
0
0
0
0
0
0
0
0
0
0
0
0
0
0
0
0
0
0
0
0
0
0
0
0
0
0
0
0
0
0
0
0
0
0
0
0
0
0
0.00318324
0.0418628
0.116275
0.178874
0.183499
0.134246
0.093557
0.14172
0.234553
0.278569
0.270613
0.248633
0.222017
0.178049
0.158554
0.178269
0.192966
0.187073
0.166485
0.159643
0.172998
0.176167
0.156866
0.131631
0.143801
0.164667
0.171444
0.180308
0.194669
0.199459
0.22223
0.262463
0.288818
0.270998
0.237494
0.239945
0.254074
0.23018
0.204333
0.191016
0.198917
0.212428
0.210392
0.198687
0.179496
0.156102
0.160002
0.177301
0.196637
0.225362
0.232197
0.230153
0.20638
0.157664
0.159132
0.171682
0.164692
0.154228
0.164702
0.187808
0.213802
0.238467
0.211992
0.133414
0.110167
0.135614
0.168355
0.140743
0.0624666
0.00712134
0
0
0
0
0
0
0
0
0
0
0
0
0
0
0
0
0
0
0
0
0
0
0
0
0
0
0
0
0
0
0
0
0
0
0
0
0
0
0
0
0
0
0
0
0
0
0
0
0
0
0
0
0
0
0
0
0
0
0.0110299
0.0514615
0.111984
0.158259
0.155128
0.115818
0.104706
0.187909
0.288873
0.31089
0.268532
0.232075
0.20226
0.178848
0.177482
0.174175
0.167927
0.172008
0.17826
0.176927
0.16289
0.138407
0.122064
0.133979
0.155945
0.17498
0.196541
0.206981
0.210665
0.240277
0.27445
0.288216
0.266181
0.237731
0.237486
0.261203
0.230819
0.20681
0.208209
0.213507
0.215851
0.205739
0.190815
0.182428
0.167757
0.158151
0.180419
0.218997
0.243752
0.245434
0.233017
0.203732
0.172467
0.183506
0.187085
0.17749
0.178498
0.203765
0.240872
0.274123
0.233039
0.126816
0.082142
0.11176
0.156979
0.165794
0.0958979
0.0172499
0
0
0
0
0
0
0
0
0
0
0
0
0
0
0
0
0
0
0
0
0
0
0
0
0
0
0
0
0
0
0
0
0
0
0
0
0
0
0
0
0
0
0
0
0
0
0
0
0
0
0
0
0
0
0
0
0
0
0
0
0.0102504
0.0350589
0.0853138
0.136887
0.141177
0.11286
0.114187
0.179806
0.242189
0.237417
0.220405
0.221053
0.212846
0.187801
0.160495
0.15253
0.164608
0.176329
0.172228
0.151259
0.13078
0.127426
0.135283
0.148456
0.174349
0.201247
0.206149
0.202005
0.230471
0.266039
0.281725
0.262841
0.250025
0.249082
0.259441
0.229743
0.222756
0.2346
0.226851
0.206753
0.182514
0.16959
0.17823
0.182664
0.17403
0.187543
0.221766
0.246185
0.251763
0.232002
0.200555
0.186632
0.203293
0.202719
0.197068
0.211348
0.249307
0.281434
0.222231
0.112784
0.0541925
0.0769086
0.129755
0.168277
0.13787
0.0451563
0
0
0
0
0
0
0
0
0
0
0
0
0
0
0
0
0
0
0
0
0
0
0
0
0
0
0
0
0
0
0
0
0
0
0
0
0
0
0
0
0
0
0
0
0
0
0
0
0
0
0
0
0
0
0
0
0
0
0
0
0
0
0
0.0293221
0.0955331
0.142029
0.127564
0.0994522
0.106213
0.125322
0.130686
0.171477
0.221762
0.230902
0.207939
0.174852
0.156302
0.153947
0.160766
0.17196
0.155903
0.143881
0.148289
0.153965
0.158325
0.180118
0.202199
0.204019
0.20012
0.235882
0.27713
0.292993
0.263257
0.246158
0.253133
0.245735
0.226012
0.229522
0.229906
0.204849
0.173883
0.151607
0.148909
0.173222
0.194269
0.193182
0.193447
0.21757
0.239534
0.247807
0.237217
0.205102
0.192122
0.204228
0.211176
0.225154
0.262012
0.287596
0.227464
0.0978044
0.0324245
0.0489212
0.0963254
0.142396
0.153822
0.0871404
0.00967805
0
0
0
0
0
0
0
0
0
0
0
0
0
0
0
0
0
0
0
0
0
0
0
0
0
0
0
0
0
0
0
0
0
0
0
0
0
0
0
0
0
0
0
0
0
0
0
0
0
0
0
0
0
0
0
0
0
0
0
0
0
0
0
0.00942778
0.0626101
0.138014
0.158888
0.116687
0.0835757
0.05794
0.0249493
0.0618543
0.173794
0.230938
0.232282
0.20761
0.17125
0.132426
0.133465
0.184459
0.185559
0.17714
0.174425
0.170327
0.166906
0.185299
0.20889
0.219152
0.229959
0.267624
0.310391
0.314369
0.258351
0.211942
0.212511
0.217337
0.216227
0.215343
0.20071
0.177823
0.178581
0.166368
0.164453
0.188632
0.205002
0.204182
0.198268
0.215363
0.235135
0.234185
0.246151
0.22496
0.202103
0.212908
0.239668
0.271462
0.30269
0.258615
0.126285
0.0394782
0.0423983
0.0740644
0.117825
0.149222
0.109945
0.0280181
0
0
0
0
0
0
0
0
0
0
0
0
0
0
0
0
0
0
0
0
0
0
0
0
0
0
0
0
0
0
0
0
0
0
0
0
0
0
0
0
0
0
0
0
0
0
0
0
0
0
0
0
0
0
0
0
0
0
0
0
0
0
0
0
0.00102109
0.0278251
0.136288
0.243555
0.204765
0.101305
0.0496267
0.0248521
0.009405
0.0905421
0.192503
0.235302
0.214258
0.130122
0.0252809
0.0511914
0.198415
0.242634
0.233343
0.198081
0.17085
0.146801
0.163604
0.202178
0.230684
0.244788
0.278817
0.344672
0.340463
0.252596
0.18415
0.173719
0.178546
0.182621
0.194864
0.203914
0.21366
0.270167
0.222502
0.2029
0.217789
0.221423
0.217909
0.207438
0.204074
0.230216
0.248031
0.269957
0.262617
0.232081
0.240166
0.280028
0.307385
0.267103
0.166111
0.0756269
0.0491487
0.069455
0.106432
0.147938
0.126635
0.0457104
0
0
0
0
0
0
0
0
0
0
0
0
0
0
0
0
0
0
0
0
0
0
0
0
0
0
0
0
0
0
0
0
0
0
0
0
0
0
0
0
0
0
0
0
0
0
0
0
0
0
0
0
0
0
0
0
0
0
0
0
0
0
0
0
0
0
0.00291541
0.075387
0.261554
0.339051
0.193288
0.0696524
0.0505547
0.0374683
0.0529627
0.12445
0.168297
0.0681483
0
0
0
0.234594
0.305359
0.252659
0.169286
0.148057
0.117919
0.115861
0.157775
0.200915
0.225451
0.288238
0.387522
0.361488
0.250319
0.187422
0.172102
0.165532
0.167057
0.209811
0.244151
0.308508
0.391112
0.273388
0.239975
0.247639
0.248689
0.255504
0.249769
0.221441
0.227957
0.281282
0.300326
0.269176
0.216019
0.174002
0.186052
0.200463
0.165346
0.100777
0.0715614
0.0807768
0.131435
0.189849
0.167247
0.0631928
0.00325618
0
0
0
0
0
0
0
0
0
0
0
0
0
0
0
0
0
0
0
0
0
0
0
0
0
0
0
0
0
0
0
0
0
0
0
0
0
0
0
0
0
0
0
0
0
0
0
0
0
0
0
0
0
0
0
0
0
0
0
0
0
0
0
0
0
0
0
0.00787655
0.110062
0.278661
0.264743
0.124085
0.0807389
0.0963633
0.100269
0.112311
0.0964771
0
0
0
0
0.314497
0.305778
0.184949
0.142225
0.151738
0.135428
0.11226
0.121067
0.15625
0.197192
0.298446
0.374113
0.301074
0.226498
0.219385
0.207206
0.185808
0.197584
0.289341
0.330692
0.407789
0.458151
0.291152
0.253709
0.26159
0.270994
0.297419
0.298664
0.264545
0.254972
0.276789
0.257594
0.190848
0.084733
0.0134103
0.0625356
0.118245
0.109257
0.0875351
0.089571
0.149949
0.261065
0.248626
0.101331
0.0129319
0
0
0
0
0
0
0
0
0
0
0
0
0
0
0
0
0
0
0
0
0
0
0
0
0
0
0
0
0
0
0
0
0
0
0
0
0
0
0
0
0
0
0
0
0
0
0
0
0
0
0
0
0
0
0
0
0
0
0
0
0
0
0
0
0
0
0
0
0
0
0.073268
0.167621
0.15943
0.121658
0.1176
0.127764
0.129584
0.0844174
0
0
0
0.044795
0.267777
0.217642
0.137681
0.167382
0.21
0.194554
0.158404
0.132455
0.132929
0.15306
0.243939
0.279419
0.189124
0.191614
0.237243
0.238923
0.22888
0.267988
0.421103
0.425464
0.464977
0.432326
0.2503
0.235398
0.250677
0.271431
0.304154
0.306829
0.286445
0.284904
0.242221
0.139909
0.0501779
0
0.00204786
0.0922676
0.131215
0.117487
0.106693
0.12647
0.197833
0.234329
0.12693
0.0205165
0
0
0
0
0
0
0
0
0
0
0
0
0
0
0
0
0
0
0
0
0
0
0
0
0
0
0
0
0
0
0
0
0
0
0
0
0
0
0
0
0
0
0
0
0
0
0
0
0
0
0
0
0
0
0
0
0
0
0
0
0
0
0
0
0
0
0
0
0
0
0
0
0.0377717
0.0958123
0.115934
0.116501
0.11578
0.111874
0.0820283
0
0
0
0
0.0651144
0.116121
0.128862
0.170128
0.23049
0.220153
0.182862
0.171594
0.139877
0.0916931
0.119998
0.1307
0.132048
0.186637
0.241258
0.268117
0.253226
0.290946
0.432175
0.447344
0.426902
0.24757
0.167511
0.187776
0.219419
0.241715
0.251814
0.24622
0.24662
0.246867
0.182343
0.0869813
0.0286756
0.0320832
0.0946737
0.131722
0.132049
0.129228
0.125219
0.127201
0.127471
0.0689881
0.00766052
0
0
0
0
0
0
0
0
0
0
0
0
0
0
0
0
0
0
0
0
0
0
0
0
0
0
0
0
0
0
0
0
0
0
0
0
0
0
0
0
0
0
0
0
0
0
0
0
0
0
0
0
0
0
0
0
0
0
0
0
0
0
0
0
0
0
0
0
0
0
0
0
0
0
0.0180869
0.0480581
0.072494
0.0881339
0.0981836
0.0964391
0.0428913
0
0
0
0.009405
0.0890441
0.110319
0.111646
0.146303
0.152422
0.150024
0.174973
0.146413
0.0761521
0.0591232
0.0661027
0.104887
0.160395
0.19104
0.189036
0.195076
0.235923
0.291814
0.304203
0.206774
0.117948
0.105917
0.12884
0.167172
0.197898
0.201141
0.184526
0.171593
0.161174
0.151273
0.14242
0.101559
0.0780919
0.111443
0.117145
0.112481
0.117855
0.102577
0.0719371
0.0310847
0.00393137
0
0
0
0
0
0
0
0
0
0
0
0
0
0
0
0
0
0
0
0
0
0
0
0
0
0
0
0
0
0
0
0
0
0
0
0
0
0
0
0
0
0
0
0
0
0
0
0
0
0
0
0
0
0
0
0
0
0
0
0
0
0
0
0
0
0
0
0
0
0
0
0
0
0
0
0
0.00539941
0.0204166
0.0461924
0.078691
0.0977665
0.0902197
0.0568851
0.0285655
0.0364823
0.0793736
0.130646
0.137586
0.117297
0.107466
0.11444
0.139809
0.145957
0.114056
0.0727134
0.0423918
0.0310584
0.0420032
0.0744572
0.090123
0.0939332
0.141609
0.178265
0.162721
0.119291
0.0760173
0.0837805
0.134702
0.161323
0.174062
0.189374
0.191814
0.174713
0.159506
0.159582
0.16948
0.15909
0.101758
0.0697206
0.0871858
0.098487
0.0981461
0.0782992
0.0451513
0.0147577
0
0
0
0
0
0
0
0
0
0
0
0
0
0
0
0
0
0
0
0
0
0
0
0
0
0
0
0
0
0
0
0
0
0
0
0
0
0
0
0
0
0
0
0
0
0
0
0
0
0
0
0
0
0
0
0
0
0
0
0
0
0
0
0
0
0
0
0
0
0
0
0
0
0
0
0
0
0
0
0.00155009
0.0126086
0.0399744
0.0702143
0.0812319
0.0580986
0.0233229
0.024726
0.0603361
0.103303
0.152566
0.181805
0.171388
0.164068
0.18982
0.185605
0.140181
0.0999211
0.062011
0.0329344
0.0255233
0.0399031
0.0495714
0.0547764
0.0843113
0.100024
0.0779898
0.0503374
0.0530299
0.112177
0.18427
0.21043
0.206569
0.201752
0.204369
0.201335
0.18317
0.152983
0.113732
0.0684517
0.0416778
0.0484661
0.070353
0.0792613
0.0606517
0.0256915
0.00347317
0
0
0
0
0
0
0
0
0
0
0
0
0
0
0
0
0
0
0
0
0
0
0
0
0
0
0
0
0
0
0
0
0
0
0
0
0
0
0
0
0
0
0
0
0
0
0
0
0
0
0
0
0
0
0
0
0
0
0
0
0
0
0
0
0
0
0
0
0
0
0
0
0
0
0
0
0
0
0
0
0
0
0.00888949
0.0256822
0.0347023
0.0241053
0.0120596
0.0236642
0.0319694
0.0320073
0.0714097
0.13167
0.160833
0.174068
0.195419
0.201184
0.18108
0.156094
0.13065
0.110585
0.103168
0.102655
0.0935519
0.0761122
0.0748607
0.0813413
0.0813456
0.0854034
0.105427
0.142364
0.170921
0.186166
0.199211
0.19796
0.185445
0.159961
0.110471
0.0527135
0.0120596
0.0101635
0.0396921
0.0559206
0.0512203
0.0369847
0.0136015
0
0
0
0
0
0
0
0
0
0
0
0
0
0
0
0
0
0
0
0
0
0
0
0
0
0
0
0
0
0
0
0
0
0
0
0
0
0
0
0
0
0
0
0
0
0
0
0
0
0
0
0
0
0
0
0
0
0
0
0
0
0
0
0
0
0
0
0
0
0
0
0
0
0
0
0
0
0
0
0
0
0
0
0
0
0
0.00160239
0
0
0.0362889
0.0737876
0.0669964
0.0471767
0.0437257
0.0418674
0.0469112
0.0733438
0.0969701
0.106223
0.111874
0.110129
0.10592
0.106678
0.114149
0.119334
0.117562
0.122037
0.131708
0.135879
0.137131
0.144754
0.155638
0.152907
0.145133
0.13751
0.113201
0.0772499
0.038606
0.00489212
0
0.00223748
0.0307182
0.0547294
0.0441314
0.0173226
0.0029481
0
0
0
0
0
0
0
0
0
0
0
0
0
0
0
0
0
0
0
0
0
0
0
0
0
0
0
0
0
0
0
0
0
0
0
0
0
0
0
0
0
0
0
0
0
0
0
0
0
0
0
0
0
0
0
0
0
0
0
0
0
0
0
0
0
0
0
0
0
0
0
0
0
0
0
0
0
0
0
0
0
0
0
0
0
0
0
0
0
0
0.0187214
0.0624999
0.0840838
0.0786237
0.0582089
0.0260553
0
0.0161933
0.0493383
0.0691722
0.0763018
0.0679208
0.0540029
0.0469112
0.0571126
0.0743298
0.0819903
0.0885511
0.0965908
0.0977285
0.0958703
0.103872
0.113163
0.0982595
0.063332
0.0284046
0.00360272
0
0
0.0109219
0.0265268
0.029588
0.030751
0.026397
0.0109379
0
0
0
0
0
0
0
0
0
0
0
0
0
0
0
0
0
0
0
0
0
0
0
0
0
0
0
0
0
0
0
0
0
0
0
0
0
0
0
0
0
0
0
0
0
0
0
0
0
0
0
0
0
0
0
0
0
0
0
0
0
0
0
0
0
0
0
0
0
0
0
0
0
0
0
0
0
0
0
0
0
0
0
0
0
0
0
0
0
0
0
0
0.00139907
0.0130841
0.0321671
0.0465029
0.0493914
0.0367462
0.0226508
0.0349298
0.0592883
0.0779664
0.092571
0.0948464
0.0838486
0.0694756
0.0677312
0.0701582
0.0612842
0.0545338
0.0573781
0.0618151
0.0677312
0.0814594
0.0926468
0.0807389
0.048504
0.0186204
0.00944292
0.0166484
0.0251887
0.0343601
0.0319969
0.0151736
0.00329067
0
0
0
0
0
0
0
0
0
0
0
0
0
0
0
0
0
0
0
0
0
0
0
0
0
0
0
0
0
0
0
0
0
0
0
0
0
0
0
0
0
0
0
0
0
0
0
0
0
0
0
0
0
0
0
0
0
0
0
0
0
0
0
0
0
0
0
0
0
0
0
0
0
0
0
0
0
0
0
0
0
0
0
0
0
0
0
0
0
0
0
0
0
0
0
0
0
0.00315489
0.00783331
0.00820649
0.00993511
0.0188359
0.0251639
0.0295484
0.0453312
0.0652366
0.0719464
0.0661004
0.0583641
0.060028
0.0645085
0.0676553
0.0734955
0.0747984
0.0772503
0.0862378
0.088404
0.0800231
0.0602892
0.0344905
0.0228123
0.0214646
0.0160347
0.00949255
0.00348081
0
0
0
0
0
0
0
0
0
0
0
0
0
0
0
0
0
0
0
0
0
0
0
0
0
0
0
0
0
0
0
0
0
0
0
0
0
0
0
0
0
0
0
0
0
0
0
0
0
0
0
0
0
0
0
0
0
0
0
0
0
0
0
0
0
0
0
0
0
0
0
0
0
0
0
0
0
0
0
0
0
0
0
0
0
0
0
0
0
0
0
0
0
0
0
0
0
0
0
0
0
0
0
0
0
0
0.00158488
0.0103279
0.0146234
0.011285
0
0.00202523
0.0201914
0.032263
0.0378928
0.0358997
0.0314831
0.0318602
0.0311028
0.029827
0.0222103
0.0074168
0
0
0
0
0
0
0
0
0
0
0
0
0
0
0
0
0
0
0
0
0
0
0
0
0
0
0
0
0
0
0
0
0
0
0
0
0
0
0
0
0
0
0
0
0
0
0
0
0
0
0
0
0
0
0
0
0
0
0
0
0
0
0
0
0
0
0
0
0
0
0
0
0
0
0
0
0
0
0
0
0
0
0
0
0
0
0
0
0
0
0
0
0
0
0
0
0
0
0
0
0
0
0
0
0
0
0
0
0
0
0
0
0
0
0
0
0
0
0
0
0
0
0
0
0
0
0
0
0
0
0
0
0
0
0
0
0
0
0
0
0
0
0
0
0
0
0
0
0
0
0
0
0
0
0
0
0
0
0
0
0
0
0
0
0
0
0
0
0
0
0
0
0
0
0
0
0
0
0
0
0
0
0
0
0
0
0
0
0
0
0
0
0
0
0
0
0
0
0
0
0
0
0
0
0
0
0
0
0
0
0
0
0
0
0
0
0
0
0
0
0
0
0
0
0
0
0
0
0
0
0
0
0
0
0
0
0
0
0
0
0
0
0
0
0
0
0
0
0
0
0
0
0
0
0
0
0
0
0
0
0
0
0
0
0
0
0
0
0
0
0
0
0
0
0
0
0
0
0
0
0
0
0
0
0
0
0
0
0
0
0
0
0
0
0
0
0
0
0
0
0
0
0
0
0
0
0
0
0
0
0
0
0
0
0
0
0
0
0
0
0
0
0
0
0
0
0
0
0
0
0
0
0
0
0
0
0
0
0
0
0
0
0
0
0
0
0
0
0
0
0
0
0
0
0
0
0
0
0
0
0
0
0
0
0
0
0
0
0
0
0
0
0
0
0
0
0
0
0
0
0
0
0
0
0
0
0
0
0
0
0
0
0
0
0
0
0
0
0
0
0
0
0
0
0
0
0
0
0
0
0
0
0
0
0
0
0
0
0
0
0
0
0
0
0
0
0
0
0
0
0
0
0
0
0
0
0
0
0
0
0
0
0
0
0
0
0
0
0
0
0
0
0
0
0
0
0
0
0
0
0
0
0
0
0
0
0
0
0
0
0
0
0
0
0
0
0
0
0
0
0
0
0
0
0
0
0
0
0
0
0
0
0
0
0
0
0
0
0
0
0
0
0
0
0
0
0
0
0
0
0
0
0
0
0
0
0
0
0
0
0
0
0
0
0
0
0
0
0
0
0
0
0
0
0
0
0
0
0
0
0
0
0
0
0
0
0
0
0
0
0
0
0
0
0
0
0
0
0
0
0
0
0
0
0
0
0
0
0
0
0
0
0
0
0
0
0
0
0
0
0
0
0
0
0
0
0
0
0
0
0
0
0
0
0
0
0
0
0
0
0
0
0
0
0
0
0
0
0
0
0
0
0
0
0
0
0
0
0
0
0
0
0
0
0
0
0
0
0
0
0
0
0
0
0
0
0
0
0
0
0
0
0
0
0
0
0
0
0
0
0
0
0
0
0
0
0
0
0
0
0
0
0
0
0
0
0
0
0
0
0
0
0
0
0
0
0
0
0
0
0
0
0
0
0
0
0
0
0
0
0
0
0
0
0
0
0
0
0
0
0
0
0
0
0
0
0
0
0
0
0
0
0
0
0
0
0
0
0
0
0
0
0
0
0
0
0
0
0
0
0
0
0
0
0
0
0
0
0
0
0
0
0
0
0
0
0
0
0
0
0
0
0
0
0
0
0
0
0
0
0
0
0
0
0
0
0
0
0
0
0
0
0
0
0
0
0
0
0
0
0
0
0
0
0
0
0
0
0
0
0
0
0
0
0
0
0
0
0
0
0
0
0
0
0
0
0
0
0
0
0
0
0
0
0
0
0
0
0
0
0
0
0
0
0
0
0
0
0
0
0
0
0
0
0
0
0
0
0
0
0
0
0
0
0
0
0
0
0
0
0
0
0
0
0
0
0
0
0
0
0
0
0
0
0
0
0
0
0
0
0
0
0
0
0
0
0
0
0
0
0
0
0
0
0
0
0
0
0
0
0
0
0
0
0
0
0
0
0
0
0
0
0
0
0
0
0
0
0
0
0
0
0
0
0
0
0
0
0
0
0
0
0
0
0
0
0
0
0
0
0
0
0
0
0
0
0
0
0
0
0
0
0
0
0
0
0
0
0
0
0
0
0
0
0
0
0
0
0
0
0
0
0
0
0
0
0
0
0
0
0
0
0
0
0
0
0
0
0
0
0
0
0
0
0
0
0
0
0
0
0
0
0
0
0
0
0
0
0
0
0
0
0
0
0
0
0
0
0
0
0
0
0
0
0
0
0
0
0
0
0
0
0
0
0
0
0
0
0
0
0
0
0
0
0
0
0
0
0
0
0
0
0
0
0
0
0
0
0
0
0
0
0
0
0
0
0
0
0
0
0
0
0
0
0
0
0
0
0
0
0
0
0
0
0
0
0
0
0
0
0
0
0
0
0
0
0
0
0
0
0
0
0
0
0
0
0
0
0
0
0
0
0
0
0
0
0
0
0
0
0
0
0
0
0
0
0
0
0
0
0
0
0
0
0
0
0
0
0
0
0
0
0
0
0
0
0
0
0
0
0
0
0
0
0
0
0
0
0
0
0
0
0
0
0
0
0
0
0
0
0
0
0
0
0
0
0
0
0
0
0
0
0
0
0
0
0
0
0
0
0
0
0
0
0
0
0
0
0
0
0
0
0
0
0
0
0
0
0
0
0
0
0
0
0
0
0
0
0
0
0
0
0
0
0
0
0
0
0
0
0
0
0
0
0
0
0
0
0
0
0
0
0
0
0
0
0
0
0
0
0
0
0
0
0
0
0
0
0
0
0
0
0
0
0
0
0
0
0
0
0
0
0
0
0
0
0
0
0
0
0
0
0
0
0
0
0
0
0
0
0
0
0
0
0
0
0
0
0
0
0
0
0
0
0
0
0
0
0
0
0
0
0
0
0
0
0
0
0
0
0
0
0
0
0
0
0
0
0
0
0
0
0
0
0
0
0
0
0
0
0
0
0
0
0
0
0
0
0
0
0
0
0
0
0
0
0
0
0
0
0
0
0
0
0
0
0
0
0
0
0
0
0
0
0
0
0
0
0
0
0
0
0
0
0
0
0
0
0
0
0
0
0
0
0
0
0
0
0
0
0
0
0
0
0
0
0
0
0
0
0
0
0
0
0
0
0
0
0
0
0
0
0
0
0
0
0
0
0
0
0
0
0
0
0
0
0
0
0
0
0
0
0
0
0
0
0
0
0
0
0
0
0
0
0
0
0
0
0
0
0
