1
0.5
0
0
0
0
0
0
0
0
0
0
0
0
0
0
0
0
0
0
0
0
0
0
0
0
0
0
0
0
0
0
0
0
0
0
0
0
0
0
0
0
0
0
0
0
0
0
0
0
0
0
0
0
0
0
0
0
0
0
0
0
0
0
0
0
0
0
0
0
0
0
0
0
0
0
0
0
0
0
0
0
0
0
0
0
0
0
0
0
0
0
0
0
0
0
0
0
0
0
0
0
0
0
0
0
0
0
0
0
0
0
0
0
0
0
0
0
0
0
0
0
0
0
0
0
0
0
0.5
0.25
0
0
0
0
0
0
0
0
0
0
0
0
0
0
0
0
0
0
0
0
0
0
0
0
0
0
0
0
0
0
0
0
0
0
0
0
0
0
0
0
0
0
0
0
0
0
0
0
0
0
0
0
0
0
0
0
0
0
0
0
0
0
0
0
0
0
0
0
0
0
0
0
0
0
0
0
0
0
0
0
0
0
0
0
0
0
0
0
0
0
0
0
0
0
0
0
0
0
0
0
0
0
0
0
0
0
0
0
0
0
0
0
0
0
0
0
0
0
0
0
0
0
0
0
0
0
0
0
0
0
0
0
0
0
0
0
0
0
0
0
0
0
0
0
0
0
0
0
0
0
0
0
0
0
0
0
0
0
0
0
0
0
0
0
0
0
0
0
0
0
0
0
0
0
0
0
0
0
0
0
0
0
0
0
0
0
0
0
0
0
0
0
0
0
0
0
0
0
0
0
0
0
0
0
0
0
0
0
0
0
0
0
0
0
0
0
0
0
0
0
0
0
0
0
0
0
0
0
0
0
0
0
0
0
0
0
0
0
0
0
0
0
0
0
0
0
0
0
0
0
0
0
0
0
0
0
0
0
0
0
0
0
0
0
0
0
0
0
0
0
0
0
0
0
0
0
0
0
0
0
0
0
0
0
0
0
0
0
0
0
0
0
0
0
0
0
0
0
0
0
0
0
0
0
0
0
0
0
0
0
0
0
0
0
0
0
0
0
0
0
0
0
0
0
0
0
0
0
0
0
0
0
0
0
0
0
0
0
0
0
0
0
0
0
0
0
0
0
0
0
0
0
0
0
0
0
0
0
0
0
0
0
0
0
0
0
0
0
0
0
0
0
0
0
0
0
0
0
0
0
0
0
0
0
0
0
0
0
0
0
0
0
0
0
0
0
0
0
0
0
0
0
0
0
0
0
0
0
0
0
0
0
0
0
0
0
0
0
0
0
0
0
0
0
0
0
0
0
0
0
0
0
0
0
0
0
0
0
0
0
0
0
0
0
0
0
0
0
0
0
0
0
0
0
0
0
0
0
0
0
0
0
0
0
0
0
0
0
0
0
0
0
0
0
0
0
0
0
0
0
0
0
0
0
0
0
0
0
0
0
0
0
0
0
0
0
0
0
0
0
0
0
0
0
0
0
0
0
0
0
0
0
0
0
0
0
0
0
0
0
0
0
0
0
0
0
0
0
0
0
0
0
0
0
0
0
0
0
0
0
0
0
0
0
0
0
0
0
0
0
0
0
0
0
0
0
0
0
0
0
0
0
0
0
0
0
0
0
0
0
0
0
0
0
0
0
0
0
0
0
0
0
0
0
0
0
0
0
0
0
0
0
0
0
0
0
0
0
0
0
0
0
0
0
0
0
0
0
0
0
0
0
0
0
0
0
0
0
0
0
0
0
0
0
0
0
0
0
0
0
0
0
0
0
0
0
0
0
0
0
0
0
0
0
0
0
0
0
0
0
0
0
0
0
0
0
0
0
0
0
0
0
0
0
0
0
0
0
0
0
0
0
0
0
0
0
0
0
0
0
0
0
0
0
0
0
0
0
0
0
0
0
0
0
0
0
0
0
0
0
0
0
0
0
0
0
0
0
0
0
0
0
0
0
0
0
0
0
0
0
0
0
0
0
0
0
0
0
0
0
0
0
0
0
0
0
0
0
0
0
0
0
0
0
0
0
0
0
0
0
0
0
0
0
0
0
0
0
0
0
0
0
0
0
0
0
0
0
0
0
0
0
0
0
0
0
0
0
0
0
0
0
0
0
0
0
0
0
0
0
0
0
0
0
0
0
0
0
0
0
0
0
0
0
0
0
0
0
0
0
0
0
0
0
0
0
0
0
0
0
0
0
0
0
0
0
0
0
0
0
0
0
0
0
0
0
0
0
0
0
0
0
0
0
0
0
0
0
0
0
0
0
0
0
0
0
0
0
0
0
0
0
0
0
0
0
0
0
0
0
0
0
0
0
0
0
0
0
0
0
0
0
0
0
0
0
0
0
0
0
0
0
0
0
0
0
0
0
0
0
0
0
0
0
0
0
0
0
0
0
0
0
0
0
0
0
0
0
0
0
0
0
0
0
0
0
0
0
0
0
0
0
0
0
0
0
0
0
0
0
0
0
0
0
0
0
0
0
0
0
0
0
0
0
0
0
0
0
0
0
0
0
0
0
0
0
0
0
0
0
0
0
0
0
0
0
0
0
0
0
0
0
0
0
0
0
0
0
0
0
0
0
0
0
0
0
0
0
0
0
0
0
0
0
0
0
0
0
0
0
0
0
0
0
0
0
0
0
0
0
0
0
0
0
0
0
0
0
0
0
0
0
0
0
0
0
0
0
0
0
0
0
0
0
0
0
0
0
0
0
0
0
0
0
0
0
0
0
0
0
0
0
0
0
0
0
0
0
0
0
0
0
0
0
0
0
0
0
0
0
0
0
0
0
0
0
0
0
0
0
0
0
0
0
0
0
0
0
0
0
0
0
0
0
0
0
0
0
0
0
0
0
0
0
0
0
0
0
0
0
0
0
0
0
0
0
0
0
0
0
0
0
0
0
0
0
0
0
0
0
0
0
0
0
0
0
0
0
0
0
0
0
0
0
0
0
0
0
0
0
0
0
0
0
0
0
0
0
0
0
0
0
0
0
0
0
0
0
0
0
0
0
0
0
0
0
0
0
0
0
0
0
0
0
0
0
0
0
0
0
0
0
0
0
0
0
0
0
0
0
0
0
0
0
0
0
0
0
0
0
0
0
0
0
0
0
0
0
0
0
0
0
0
0
0
0
0
0
0
0
0
0
0
0
0
0
0
0
0
0
0
0
0
0
0
0
0
0
0
0
0
0
0
0
0
0
0
0
0
0
0
0
0
0
0
0
0
0
0
0
0
0
0
0
0
0
0
0
0
0
0
0
0
0
0
0
0
0
0
0
0
0
0
0
0
0
0
0
0
0
0
0
0
0
0
0
0
0
0
0
0
0
0
0
0
0
0
0
0
0
0
0.248777
0.492258
0.484522
0.478782
0.470012
0.463403
0.469177
0.477682
0.478681
0.474956
0.475122
0.469383
0.453653
0.454228
0.463107
0.466893
0.473742
0.47655
0.471732
0.474531
0.488487
0.248345
0
0
0
0
0
0
0
0
0
0
0
0
0
0
0
0
0
0
0
0
0
0
0
0
0
0
0
0
0
0
0
0
0
0
0
0
0
0
0
0
0
0
0
0
0
0
0
0
0
0
0
0
0
0
0
0
0
0
0
0
0
0
0
0
0
0
0
0
0
0
0
0
0
0
0
0
0
0
0
0
0
0
0
0
0
0
0
0
0
0
0
0
0
0
0
0
0
0
0
0
0
0
0
0
0.243961
0.475871
0.702755
0.930041
0.922449
0.921802
0.905286
0.892188
0.91123
0.932473
0.930129
0.922587
0.920772
0.904691
0.875082
0.882343
0.901991
0.904386
0.916506
0.922219
0.904947
0.897805
0.912129
0.675072
0.436989
0.458867
0.482726
0.246607
0
0
0
0
0
0
0
0
0
0
0
0
0
0
0
0
0
0
0
0
0
0
0
0
0
0
0
0
0
0
0
0
0
0
0
0
0
0
0
0
0
0
0
0
0
0
0
0
0
0
0
0
0
0
0
0
0
0
0
0
0
0
0
0
0
0
0
0
0
0
0
0
0
0
0
0
0
0
0
0
0
0
0
0
0
0
0
0
0
0
0
0
0
0
0
0
0
0
0.239369
0.459637
0.677339
0.898745
0.864943
0.839769
0.85754
0.885729
0.881394
0.872226
0.890572
0.903404
0.890857
0.888239
0.892027
0.885161
0.879296
0.896423
0.905741
0.894271
0.89582
0.897326
0.876955
0.852789
0.840127
0.83514
0.841787
0.866207
0.909992
0.709193
0.487694
0.247196
0
0
0
0
0
0
0
0
0
0
0
0
0
0
0
0
0
0
0
0
0
0
0
0
0
0
0
0
0
0
0
0
0
0
0
0
0
0
0
0
0
0
0
0
0
0
0
0
0
0
0
0
0
0
0
0
0
0
0
0
0
0
0
0
0
0
0
0
0
0
0
0
0
0
0
0
0
0
0
0
0
0
0
0
0
0
0
0
0
0
0
0
0
0
0
0
0.473106
0.900375
0.848598
0.854621
0.855348
0.841896
0.873547
0.916892
0.919754
0.903263
0.893437
0.879536
0.841159
0.83006
0.864904
0.896399
0.920542
0.944874
0.948818
0.929918
0.910791
0.901608
0.895795
0.893601
0.901012
0.903249
0.879823
0.842638
0.847138
0.908176
0.963562
0.739057
0.248829
0
0
0
0
0
0
0
0
0
0
0
0
0
0
0
0
0
0
0
0
0
0
0
0
0
0
0
0
0
0
0
0
0
0
0
0
0
0
0
0
0
0
0
0
0
0
0
0
0
0
0
0
0
0
0
0
0
0
0
0
0
0
0
0
0
0
0
0
0
0
0
0
0
0
0
0
0
0
0
0
0
0
0
0
0
0
0
0
0
0
0
0
0
0
0
0.480674
0.918373
0.881041
0.909932
0.922795
0.910064
0.935513
0.72096
0.716058
0.929567
0.895265
0.876449
0.827967
0.803233
0.855
0.904913
0.932658
0.958158
0.725526
0.473141
0.694205
0.914084
0.910567
0.934838
0.97225
0.990976
0.962813
0.907273
0.887963
0.922489
0.962994
0.986551
0.497709
0
0
0
0
0
0
0
0
0
0
0
0
0
0
0
0
0
0
0
0
0
0
0
0
0
0
0
0
0
0
0
0
0
0
0
0
0
0
0
0
0
0
0
0
0
0
0
0
0
0
0
0
0
0
0
0
0
0
0
0
0
0
0
0
0
0
0
0
0
0
0
0
0
0
0
0
0
0
0
0
0
0
0
0
0
0
0
0
0
0
0
0
0
0
0
0.488718
0.947106
0.927149
0.951164
0.956246
0.951685
0.72462
0.246777
0.489444
0.956539
0.931087
0.930206
0.914226
0.90585
0.931089
0.951018
0.963395
0.729193
0.243566
0
0.236471
0.705677
0.942613
0.959982
0.976478
0.973046
0.954691
0.938573
0.94437
0.960247
0.967571
0.977665
0.492996
0.248891
0.497933
0.249042
0
0
0
0
0
0
0
0
0
0
0
0
0
0
0
0
0
0
0
0
0
0
0
0
0
0
0
0
0
0
0
0
0
0
0
0
0
0
0
0
0
0
0
0
0
0
0
0
0
0
0
0
0
0
0
0
0
0
0
0
0
0
0
0
0
0
0
0
0
0
0
0
0
0
0
0
0
0
0
0
0
0
0
0
0
0
0
0
0
0
0
0.228421
0.677313
0.884044
0.890924
0.931311
0.95928
0.970795
0.728355
0.481222
0.725726
0.969685
0.724844
0.484679
0.488009
0.492068
0.494616
0.492652
0.493411
0.247601
0
0
0.248578
0.735371
0.974079
0.98229
0.984252
0.966466
0.944539
0.930458
0.928825
0.922659
0.911065
0.932211
0.478116
0.495138
0.981232
0.726316
0.489423
0.249201
0
0
0
0
0
0
0
0
0
0
0
0
0
0
0
0
0
0
0
0
0
0
0
0
0
0
0
0
0
0
0
0
0
0
0
0
0
0
0
0
0
0
0
0
0
0
0
0
0
0
0
0
0
0
0
0
0
0
0
0
0
0
0
0
0
0
0
0
0
0
0
0
0
0
0
0
0
0
0
0
0
0
0
0.248936
0.493543
0.493071
0.248464
0.242064
0.447348
0.617399
0.806036
0.800192
0.841082
0.891346
0.909525
0.889795
0.860194
0.829874
0.793521
0.777052
0.588573
0.198555
0
0
0
0
0
0
0.227769
0.416935
0.601239
0.81068
0.80451
0.839197
0.894677
0.93638
0.941047
0.920527
0.897961
0.869092
0.856452
0.897153
0.710699
0.735099
0.961607
0.937172
0.949334
0.727964
0.244903
0
0
0
0
0
0
0
0
0
0
0
0
0
0
0
0
0
0
0
0
0
0
0
0
0
0
0
0
0
0
0
0
0
0
0
0
0
0
0
0
0
0
0
0
0
0
0
0
0
0
0
0
0
0
0
0
0
0
0
0
0
0
0
0
0
0
0
0
0
0
0
0
0
0
0
0
0
0
0
0
0
0.235623
0.700453
0.924009
0.931814
0.695357
0.669975
0.84282
0.763836
0.727636
0.711549
0.704491
0.700962
0.670917
0.621647
0.580135
0.528688
0.460672
0.412025
0.479689
0.425111
0.3472
0.44723
0.244739
0
0.225803
0.39719
0.514561
0.609241
0.491414
0.440208
0.442452
0.488916
0.567326
0.645086
0.696997
0.750441
0.814617
0.850374
0.870827
0.907529
0.943261
0.956676
0.943676
0.904168
0.872423
0.892892
0.696335
0.485464
0.248493
0
0
0
0
0
0
0
0
0
0
0
0
0
0
0
0
0
0
0
0
0
0
0
0
0
0
0
0
0
0
0
0
0
0
0
0
0
0
0
0
0
0
0
0
0
0
0
0
0
0
0
0
0
0
0
0
0
0
0
0
0
0
0
0
0
0
0
0
0
0
0
0
0
0
0
0
0
0.24579
0.472795
0.66151
0.835634
0.809458
0.832087
0.848847
0.845796
0.816371
0.739481
0.628217
0.522407
0.450308
0.404776
0.366198
0.340265
0.323786
0.290469
0.245091
0.2042
0.206336
0.302695
0.483791
0.72551
0.676562
0.465113
0.591331
0.617933
0.395309
0.250867
0.193538
0.200024
0.225282
0.234785
0.242028
0.263908
0.306837
0.402576
0.545171
0.674613
0.790558
0.890558
0.925974
0.911481
0.88148
0.830678
0.77154
0.772261
0.855269
0.94779
0.492117
0
0
0
0
0
0
0
0
0
0
0
0
0
0
0
0
0
0
0
0
0
0
0
0
0
0
0
0
0
0
0
0
0
0
0
0
0
0
0
0
0
0
0
0
0
0
0
0
0
0
0
0
0
0
0
0
0
0
0
0
0
0
0
0
0
0
0
0
0
0
0
0
0
0
0
0
0.24402
0.711968
0.887862
0.800373
0.763477
0.788927
0.822219
0.836566
0.839686
0.784239
0.628862
0.443186
0.318943
0.270965
0.254184
0.240935
0.240982
0.245179
0.230658
0.205845
0.181923
0.157105
0.14956
0.205458
0.40608
0.678774
0.745187
0.565455
0.339154
0.179563
0.112448
0.120864
0.17492
0.217151
0.201138
0.160286
0.135728
0.134793
0.178513
0.272157
0.384417
0.524312
0.692929
0.806439
0.809193
0.756583
0.720667
0.693385
0.691667
0.77311
0.898055
0.478849
0
0
0
0
0
0
0
0
0
0
0
0
0
0
0
0
0
0
0
0
0
0
0
0
0
0
0
0
0
0
0
0
0
0
0
0
0
0
0
0
0
0
0
0
0
0
0
0
0
0
0
0
0
0
0
0
0
0
0
0
0
0
0
0
0
0
0
0
0
0
0
0
0
0
0
0.244184
0.710179
0.882953
0.791009
0.741936
0.771611
0.828893
0.849245
0.821918
0.742983
0.608113
0.44579
0.304892
0.220631
0.208278
0.23115
0.250468
0.270259
0.285645
0.27356
0.239578
0.212764
0.198911
0.176726
0.152444
0.211578
0.362415
0.418184
0.331508
0.234522
0.174042
0.149821
0.169421
0.217814
0.242813
0.226261
0.201447
0.174075
0.15258
0.175436
0.225203
0.254547
0.292861
0.397869
0.520084
0.55547
0.549819
0.609067
0.675808
0.685661
0.721722
0.835441
0.693821
0.484462
0.493584
0.249227
0
0
0
0
0
0
0
0
0
0
0
0
0
0
0
0
0
0
0
0
0
0
0
0
0
0
0
0
0
0
0
0
0
0
0
0
0
0
0
0
0
0
0
0
0
0
0
0
0
0
0
0
0
0
0
0
0
0
0
0
0
0
0
0
0
0
0
0
0
0
0
0.248248
0.725182
0.903595
0.808015
0.741793
0.730067
0.774603
0.790277
0.717022
0.618963
0.526771
0.429368
0.338983
0.255225
0.191685
0.185167
0.225592
0.274808
0.316834
0.347582
0.347315
0.310297
0.27089
0.246991
0.217421
0.181889
0.176693
0.215501
0.257866
0.271249
0.267017
0.258929
0.248408
0.251908
0.265954
0.25777
0.246365
0.248651
0.227365
0.203332
0.239745
0.288878
0.264353
0.218213
0.239064
0.297371
0.317872
0.337341
0.466925
0.642012
0.726192
0.731915
0.776977
0.881146
0.944148
0.969195
0.491545
0
0
0
0
0
0
0
0
0
0
0
0
0
0
0
0
0
0
0
0
0
0
0
0
0
0
0
0
0
0
0
0
0
0
0
0
0
0
0
0
0
0
0
0
0
0
0
0
0
0
0
0
0
0
0
0
0
0
0
0
0
0
0
0
0
0
0
0
0
0
0
0.492895
0.953084
0.870869
0.788329
0.739443
0.717017
0.693543
0.594576
0.440836
0.366766
0.368226
0.355496
0.311049
0.254861
0.217078
0.211485
0.236381
0.290173
0.351735
0.407094
0.437494
0.407395
0.336128
0.277143
0.246971
0.232678
0.216407
0.212585
0.240926
0.278146
0.307968
0.33739
0.358903
0.376638
0.380909
0.348152
0.312194
0.286304
0.245497
0.225038
0.275004
0.335753
0.302674
0.22196
0.206378
0.245613
0.257211
0.239997
0.317495
0.518138
0.705467
0.77948
0.782634
0.832154
0.899929
0.936103
0.477303
0
0
0
0
0
0
0
0
0
0
0
0
0
0
0
0
0
0
0
0
0
0
0
0
0
0
0
0
0
0
0
0
0
0
0
0
0
0
0
0
0
0
0
0
0
0
0
0
0
0
0
0
0
0
0
0
0
0
0
0
0
0
0
0
0
0
0
0
0
0
0.249407
0.735085
0.93527
0.860844
0.801025
0.752373
0.660604
0.505316
0.335225
0.243049
0.272366
0.33364
0.331578
0.284737
0.257021
0.272999
0.288693
0.288011
0.324819
0.400441
0.483702
0.549004
0.524414
0.407488
0.310477
0.291585
0.294836
0.264904
0.237389
0.245049
0.261302
0.283914
0.333625
0.410595
0.50708
0.578057
0.558627
0.461024
0.344497
0.257384
0.239966
0.302507
0.374443
0.345356
0.248468
0.212476
0.253982
0.282272
0.241761
0.222638
0.356982
0.583146
0.765433
0.8354
0.845019
0.877823
0.917776
0.468672
0
0
0
0
0
0
0
0
0
0
0
0
0
0
0
0
0
0
0
0
0
0
0
0
0
0
0
0
0
0
0
0
0
0
0
0
0
0
0
0
0
0
0
0
0
0
0
0
0
0
0
0
0
0
0
0
0
0
0
0
0
0
0
0
0
0
0
0
0
0
0.496669
0.968351
0.897448
0.825449
0.783176
0.693175
0.498484
0.293316
0.194469
0.218305
0.306471
0.352432
0.300834
0.221032
0.198705
0.254931
0.336774
0.384033
0.435059
0.523639
0.617515
0.685491
0.65224
0.500756
0.360879
0.315539
0.307165
0.277821
0.25316
0.24468
0.226781
0.216451
0.24709
0.339976
0.507193
0.686341
0.735278
0.60995
0.428625
0.312317
0.302398
0.374719
0.426104
0.365811
0.25918
0.231023
0.3022
0.360214
0.302605
0.202386
0.21675
0.387064
0.629251
0.81627
0.876567
0.88465
0.90871
0.700407
0.238752
0
0
0
0
0
0
0
0
0
0
0
0
0
0
0
0
0
0
0
0
0
0
0
0
0
0
0
0
0
0
0
0
0
0
0
0
0
0
0
0
0
0
0
0
0
0
0
0
0
0
0
0
0
0
0
0
0
0
0
0
0
0
0
0
0
0
0
0
0.247644
0.733614
0.933615
0.84986
0.783469
0.702381
0.517078
0.294718
0.178103
0.188736
0.268126
0.350066
0.353101
0.258679
0.154673
0.115191
0.160231
0.300158
0.471445
0.609561
0.720506
0.785093
0.800961
0.742714
0.578425
0.402326
0.308733
0.280228
0.264301
0.247463
0.227985
0.196924
0.171026
0.174706
0.238742
0.398496
0.615726
0.740236
0.681905
0.526646
0.401141
0.381131
0.435116
0.432999
0.341185
0.260269
0.278863
0.392582
0.451505
0.356412
0.213878
0.140824
0.20581
0.420843
0.683738
0.854516
0.897989
0.900342
0.923642
0.715051
0.244101
0
0
0
0
0
0
0
0
0
0
0
0
0
0
0
0
0
0
0
0
0
0
0
0
0
0
0
0
0
0
0
0
0
0
0
0
0
0
0
0
0
0
0
0
0
0
0
0
0
0
0
0
0
0
0
0
0
0
0
0
0
0
0
0
0
0
0.249173
0.733519
0.943396
0.89019
0.845831
0.776533
0.584672
0.327728
0.181644
0.180468
0.241491
0.308289
0.355182
0.332931
0.235035
0.136639
0.0919409
0.111284
0.249696
0.500034
0.73023
0.850878
0.864907
0.830995
0.755707
0.601793
0.428632
0.317205
0.273885
0.254103
0.225071
0.19423
0.175178
0.17112
0.181566
0.230216
0.348316
0.521566
0.67044
0.707911
0.61518
0.464611
0.388632
0.401292
0.380013
0.310475
0.290156
0.365639
0.468614
0.453785
0.323585
0.215292
0.1661
0.169154
0.263945
0.472423
0.721776
0.865539
0.895321
0.91863
0.957472
0.488318
0
0
0
0
0
0
0
0
0
0
0
0
0
0
0
0
0
0
0
0
0
0
0
0
0
0
0
0
0
0
0
0
0
0
0
0
0
0
0
0
0
0
0
0
0
0
0
0
0
0
0
0
0
0
0
0
0
0
0
0
0
0
0
0
0
0
0.494518
0.955606
0.889726
0.863
0.866669
0.745121
0.453137
0.210892
0.160073
0.219548
0.280994
0.320637
0.348281
0.33112
0.258054
0.182139
0.144036
0.149786
0.261545
0.504239
0.739961
0.847279
0.847709
0.806462
0.717354
0.570975
0.422639
0.321789
0.276261
0.243561
0.192022
0.144804
0.13322
0.152368
0.18502
0.254066
0.37856
0.52147
0.642745
0.708081
0.648624
0.475889
0.337874
0.303768
0.301114
0.299491
0.349035
0.437707
0.451424
0.345933
0.23642
0.222737
0.256862
0.246084
0.214
0.279397
0.496427
0.736859
0.863596
0.920145
0.960325
0.734793
0.247526
0
0
0
0
0
0
0
0
0
0
0
0
0
0
0
0
0
0
0
0
0
0
0
0
0
0
0
0
0
0
0
0
0
0
0
0
0
0
0
0
0
0
0
0
0
0
0
0
0
0
0
0
0
0
0
0
0
0
0
0
0
0
0
0
0.249488
0.727824
0.91276
0.858618
0.859154
0.819514
0.605885
0.311588
0.157981
0.17543
0.25813
0.315216
0.342307
0.368194
0.367428
0.315749
0.254806
0.220465
0.217223
0.311657
0.51879
0.696562
0.78343
0.810927
0.767766
0.643957
0.485355
0.354421
0.275315
0.242038
0.209452
0.149562
0.0882725
0.0682187
0.085212
0.112041
0.185207
0.346362
0.527609
0.64151
0.685329
0.632717
0.474731
0.316417
0.241436
0.248562
0.309786
0.397655
0.431897
0.340593
0.208429
0.166189
0.234349
0.31555
0.297022
0.21119
0.182515
0.29752
0.535949
0.762558
0.889549
0.944888
0.97426
0.493127
0
0
0
0
0
0
0
0
0
0
0
0
0
0
0
0
0
0
0
0
0
0
0
0
0
0
0
0
0
0
0
0
0
0
0
0
0
0
0
0
0
0
0
0
0
0
0
0
0
0
0
0
0
0
0
0
0
0
0
0
0
0
0
0
0.494131
0.949202
0.87162
0.84733
0.815521
0.651978
0.39887
0.206529
0.166491
0.241244
0.354382
0.42247
0.433743
0.442483
0.441343
0.385788
0.314996
0.276788
0.270802
0.355912
0.535827
0.665817
0.727529
0.766444
0.709651
0.554222
0.396514
0.289006
0.226832
0.200755
0.18349
0.137105
0.0692255
0.0373906
0.0486511
0.0580253
0.0998301
0.253141
0.470837
0.612636
0.647377
0.60439
0.491287
0.352504
0.260578
0.268687
0.354002
0.427748
0.384666
0.238652
0.137017
0.162025
0.266647
0.335103
0.298525
0.208364
0.15042
0.182687
0.340751
0.582763
0.791339
0.906059
0.961318
0.490965
0
0
0
0
0
0
0
0
0
0
0
0
0
0
0
0
0
0
0
0
0
0
0
0
0
0
0
0
0
0
0
0
0
0
0
0
0
0
0
0
0
0
0
0
0
0
0
0
0
0
0
0
0
0
0
0
0
0
0
0
0
0
0
0.248189
0.723615
0.908102
0.849747
0.819105
0.683293
0.435592
0.240984
0.171385
0.215304
0.344454
0.504255
0.601685
0.606339
0.583702
0.556423
0.481235
0.391271
0.345687
0.346332
0.429853
0.584509
0.684534
0.724802
0.744053
0.674336
0.534664
0.413334
0.318921
0.246205
0.225779
0.22918
0.182989
0.102675
0.078452
0.128184
0.176427
0.210568
0.313303
0.483388
0.602117
0.624351
0.589542
0.522933
0.431646
0.342827
0.331777
0.412861
0.470294
0.396873
0.264128
0.215997
0.283486
0.377914
0.392335
0.322307
0.230257
0.158934
0.138078
0.205261
0.379329
0.617834
0.822918
0.935018
0.732128
0.248294
0
0
0
0
0
0
0
0
0
0
0
0
0
0
0
0
0
0
0
0
0
0
0
0
0
0
0
0
0
0
0
0
0
0
0
0
0
0
0
0
0
0
0
0
0
0
0
0
0
0
0
0
0
0
0
0
0
0
0
0
0
0
0.487391
0.931273
0.853957
0.826311
0.751977
0.521478
0.282598
0.177389
0.172349
0.226534
0.363012
0.557105
0.703583
0.732827
0.704445
0.676871
0.609207
0.516198
0.468512
0.491655
0.583056
0.687904
0.739301
0.758802
0.754183
0.690775
0.599572
0.5029
0.386959
0.303769
0.30615
0.314928
0.234745
0.133746
0.141737
0.281456
0.428563
0.493965
0.548733
0.626613
0.665162
0.648092
0.603782
0.561878
0.530791
0.472982
0.431853
0.484159
0.544528
0.50941
0.439196
0.428324
0.480855
0.519155
0.481728
0.404009
0.320798
0.226655
0.152192
0.14564
0.233684
0.433396
0.690724
0.870109
0.950205
0.736266
0.247047
0
0
0
0
0
0
0
0
0
0
0
0
0
0
0
0
0
0
0
0
0
0
0
0
0
0
0
0
0
0
0
0
0
0
0
0
0
0
0
0
0
0
0
0
0
0
0
0
0
0
0
0
0
0
0
0
0
0
0
0
0.247127
0.708749
0.871753
0.807624
0.788773
0.658427
0.394153
0.211053
0.18711
0.208919
0.215988
0.284162
0.45366
0.631697
0.715962
0.740909
0.760483
0.744291
0.682107
0.635546
0.66779
0.74108
0.774388
0.773926
0.778153
0.766449
0.723145
0.651174
0.533553
0.401004
0.339834
0.365565
0.364055
0.253978
0.136829
0.149863
0.318676
0.516647
0.624029
0.681877
0.725368
0.724886
0.68843
0.639395
0.604378
0.612683
0.603414
0.564309
0.58471
0.640152
0.661907
0.65499
0.639186
0.624986
0.597676
0.552992
0.519344
0.472394
0.358879
0.222679
0.146425
0.164025
0.309581
0.561839
0.779433
0.89697
0.955935
0.735442
0.248448
0
0
0
0
0
0
0
0
0
0
0
0
0
0
0
0
0
0
0
0
0
0
0
0
0
0
0
0
0
0
0
0
0
0
0
0
0
0
0
0
0
0
0
0
0
0
0
0
0
0
0
0
0
0
0
0
0
0
0
0.483598
0.912805
0.817835
0.776619
0.725766
0.532737
0.278371
0.16927
0.230471
0.302999
0.2846
0.261045
0.336549
0.475899
0.598106
0.704514
0.794865
0.830445
0.80786
0.774195
0.779195
0.788528
0.76481
0.751595
0.766851
0.77632
0.759968
0.685832
0.549612
0.426791
0.391081
0.425832
0.405822
0.266292
0.130994
0.115704
0.22274
0.377279
0.503215
0.602683
0.679397
0.711371
0.709045
0.688191
0.664489
0.672512
0.682453
0.671054
0.684908
0.723567
0.762806
0.772818
0.734072
0.670624
0.6088
0.57795
0.587122
0.576699
0.472844
0.30532
0.167894
0.125451
0.232639
0.475107
0.708767
0.843933
0.913118
0.958998
0.490315
0
0
0
0
0
0
0
0
0
0
0
0
0
0
0
0
0
0
0
0
0
0
0
0
0
0
0
0
0
0
0
0
0
0
0
0
0
0
0
0
0
0
0
0
0
0
0
0
0
0
0
0
0
0
0
0
0
0
0.245696
0.706198
0.869183
0.795432
0.737778
0.600265
0.360243
0.16112
0.137523
0.265812
0.404755
0.422377
0.359789
0.336547
0.3841
0.470282
0.600038
0.76057
0.846723
0.842732
0.823709
0.792945
0.739004
0.696178
0.705402
0.750395
0.791442
0.811811
0.772498
0.665516
0.564743
0.537098
0.545862
0.455294
0.259147
0.121393
0.108503
0.176342
0.274931
0.378958
0.490247
0.598059
0.676376
0.716608
0.725602
0.716603
0.712861
0.709771
0.711925
0.737021
0.762354
0.776684
0.765662
0.719513
0.656797
0.594457
0.56033
0.559529
0.546946
0.476424
0.342726
0.189554
0.099495
0.1542
0.368799
0.617226
0.779986
0.868094
0.926291
0.476456
0
0
0
0
0
0
0
0
0
0
0
0
0
0
0
0
0
0
0
0
0
0
0
0
0
0
0
0
0
0
0
0
0
0
0
0
0
0
0
0
0
0
0
0
0
0
0
0
0
0
0
0
0
0
0
0
0
0.249172
0.730429
0.919859
0.841528
0.781445
0.660164
0.430675
0.203913
0.103209
0.156681
0.319236
0.488319
0.550599
0.512775
0.454599
0.427272
0.434908
0.49644
0.636693
0.770213
0.813602
0.802065
0.753656
0.693118
0.678458
0.718679
0.776721
0.819696
0.851598
0.854966
0.807235
0.751664
0.725327
0.651039
0.439767
0.203971
0.102693
0.134445
0.234864
0.333157
0.406326
0.487415
0.593214
0.686673
0.720711
0.706481
0.689155
0.693792
0.702425
0.715429
0.74612
0.753603
0.72136
0.685841
0.667757
0.64512
0.594124
0.532174
0.478781
0.435315
0.399312
0.343395
0.241992
0.134039
0.105894
0.233716
0.470338
0.681788
0.820017
0.899723
0.704097
0.2409
0
0
0
0
0
0
0
0
0
0
0
0
0
0
0
0
0
0
0
0
0
0
0
0
0
0
0
0
0
0
0
0
0
0
0
0
0
0
0
0
0
0
0
0
0
0
0
0
0
0
0
0
0
0
0
0
0.492346
0.953418
0.887823
0.825429
0.739575
0.546664
0.286145
0.124741
0.122443
0.235685
0.418881
0.57896
0.644955
0.643195
0.606504
0.559089
0.516093
0.486097
0.513813
0.62152
0.72089
0.740493
0.715211
0.70978
0.747758
0.796644
0.838884
0.866537
0.87265
0.868377
0.853408
0.834278
0.794498
0.646837
0.375895
0.147172
0.0766542
0.147536
0.316425
0.467884
0.540395
0.594021
0.677386
0.749084
0.737333
0.667707
0.621294
0.6374
0.68126
0.710143
0.732176
0.719058
0.651174
0.604703
0.625324
0.641737
0.5935
0.508908
0.42882
0.374389
0.353772
0.353588
0.331243
0.238843
0.131149
0.161827
0.368099
0.606077
0.773802
0.868652
0.924513
0.475616
0
0
0
0
0
0
0
0
0
0
0
0
0
0
0
0
0
0
0
0
0
0
0
0
0
0
0
0
0
0
0
0
0
0
0
0
0
0
0
0
0
0
0
0
0
0
0
0
0
0
0
0
0
0
0
0.248872
0.726668
0.924561
0.874853
0.799569
0.654941
0.427168
0.189429
0.100641
0.165582
0.305557
0.478921
0.598985
0.642182
0.666636
0.674428
0.659886
0.630992
0.578393
0.535798
0.574968
0.662759
0.703433
0.718075
0.763826
0.822834
0.856109
0.883888
0.91627
0.90646
0.861367
0.808892
0.756716
0.693487
0.568483
0.352185
0.14065
0.0536567
0.124082
0.34251
0.558743
0.66126
0.725183
0.803851
0.84997
0.801169
0.700861
0.63583
0.644882
0.690655
0.70705
0.708553
0.693588
0.631568
0.587677
0.607434
0.612779
0.550832
0.473104
0.424133
0.394532
0.373105
0.372411
0.376286
0.300627
0.161034
0.13634
0.32473
0.581051
0.744439
0.829495
0.896717
0.712307
0.246634
0
0
0
0
0
0
0
0
0
0
0
0
0
0
0
0
0
0
0
0
0
0
0
0
0
0
0
0
0
0
0
0
0
0
0
0
0
0
0
0
0
0
0
0
0
0
0
0
0
0
0
0
0
0
0.493449
0.960531
0.913573
0.863867
0.738946
0.5447
0.325053
0.13825
0.106137
0.195371
0.30749
0.4117
0.469459
0.49476
0.537971
0.58941
0.630151
0.650249
0.641085
0.62578
0.650325
0.704489
0.741889
0.775663
0.818268
0.846534
0.855426
0.884163
0.9373
0.94653
0.880137
0.765733
0.656927
0.594626
0.554455
0.419793
0.190667
0.0491978
0.0868684
0.304126
0.549714
0.676017
0.768273
0.878613
0.931726
0.877843
0.788214
0.741919
0.745203
0.752886
0.722127
0.693469
0.677062
0.630474
0.590225
0.582421
0.547744
0.470515
0.410467
0.391715
0.382678
0.362031
0.339364
0.317008
0.252379
0.142789
0.101338
0.251455
0.529325
0.717248
0.789438
0.859654
0.938273
0.487599
0
0
0
0
0
0
0
0
0
0
0
0
0
0
0
0
0
0
0
0
0
0
0
0
0
0
0
0
0
0
0
0
0
0
0
0
0
0
0
0
0
0
0
0
0
0
0
0
0
0
0
0
0
0.249156
0.73703
0.956929
0.919056
0.846236
0.695004
0.490789
0.278511
0.131268
0.130386
0.213117
0.270611
0.301119
0.327445
0.352462
0.382731
0.422419
0.469285
0.506115
0.526976
0.557869
0.620483
0.699108
0.773605
0.831144
0.849129
0.83221
0.812804
0.837736
0.895742
0.921638
0.887952
0.800908
0.700301
0.650814
0.65267
0.549452
0.288316
0.0864981
0.0779117
0.25278
0.481899
0.607914
0.703797
0.84397
0.930189
0.888884
0.813531
0.796085
0.815658
0.81407
0.750512
0.665291
0.595127
0.540203
0.522269
0.519432
0.47985
0.41347
0.365552
0.343505
0.328263
0.306223
0.268525
0.224145
0.184743
0.131704
0.0874901
0.16945
0.433408
0.667615
0.747718
0.806341
0.896185
0.721539
0.248948
0
0
0
0
0
0
0
0
0
0
0
0
0
0
0
0
0
0
0
0
0
0
0
0
0
0
0
0
0
0
0
0
0
0
0
0
0
0
0
0
0
0
0
0
0
0
0
0
0
0
0
0
0.249156
0.492453
0.723947
0.920557
0.839623
0.734087
0.548613
0.311304
0.15306
0.152972
0.229961
0.266334
0.280428
0.317221
0.348299
0.347123
0.33376
0.336225
0.346256
0.34948
0.371364
0.438425
0.53992
0.663923
0.771115
0.805984
0.786177
0.768805
0.785472
0.801762
0.791776
0.80106
0.820237
0.792093
0.751749
0.741519
0.644799
0.391911
0.163593
0.111944
0.237162
0.448149
0.585217
0.659101
0.777478
0.867264
0.823916
0.749079
0.754725
0.80332
0.824797
0.76183
0.608488
0.445125
0.37576
0.408337
0.462762
0.479119
0.449959
0.406604
0.377665
0.360467
0.337342
0.285717
0.224311
0.200954
0.179622
0.123763
0.141195
0.348446
0.597967
0.704532
0.749081
0.838577
0.941157
0.492339
0
0
0
0
0
0
0
0
0
0
0
0
0
0
0
0
0
0
0
0
0
0
0
0
0
0
0
0
0
0
0
0
0
0
0
0
0
0
0
0
0
0
0
0
0
0
0
0
0
0
0
0
0
0
0.48357
0.905354
0.833418
0.787813
0.624934
0.363688
0.179678
0.160958
0.22841
0.275916
0.314858
0.381806
0.437776
0.435007
0.397163
0.373316
0.353227
0.311831
0.274
0.270828
0.311187
0.419376
0.579411
0.700454
0.750934
0.780771
0.791188
0.742436
0.664034
0.653082
0.714616
0.751705
0.748407
0.744659
0.669496
0.454423
0.233262
0.157436
0.249937
0.463787
0.640462
0.70256
0.752429
0.782726
0.721472
0.664058
0.706574
0.786482
0.810263
0.757043
0.586102
0.354573
0.250627
0.300137
0.409748
0.513001
0.55244
0.526915
0.500573
0.498403
0.486508
0.424172
0.335579
0.291656
0.255481
0.169197
0.127753
0.253916
0.484626
0.635863
0.685133
0.759025
0.889792
0.480697
0
0
0
0
0
0
0
0
0
0
0
0
0
0
0
0
0
0
0
0
0
0
0
0
0
0
0
0
0
0
0
0
0
0
0
0
0
0
0
0
0
0
0
0
0
0
0
0
0
0
0
0
0
0
0.457298
0.860786
0.795685
0.737838
0.572981
0.343977
0.191846
0.163819
0.200767
0.242315
0.297148
0.394879
0.497578
0.529568
0.503009
0.475276
0.427742
0.337759
0.24152
0.172533
0.148138
0.21741
0.41323
0.632848
0.772977
0.841559
0.838143
0.755583
0.641056
0.577103
0.584428
0.617634
0.656427
0.696588
0.669939
0.499507
0.280184
0.180673
0.261177
0.491021
0.698594
0.746421
0.720979
0.690538
0.639662
0.622192
0.697849
0.801016
0.820114
0.774501
0.635884
0.393661
0.234405
0.236035
0.331898
0.466538
0.576761
0.610739
0.600387
0.603766
0.604144
0.548745
0.446607
0.36596
0.293714
0.177755
0.0831776
0.120722
0.312213
0.52346
0.620675
0.696055
0.853617
0.475179
0
0
0
0
0
0
0
0
0
0
0
0
0
0
0
0
0
0
0
0
0
0
0
0
0
0
0
0
0
0
0
0
0
0
0
0
0
0
0
0
0
0
0
0
0
0
0
0
0
0
0
0
0
0.225255
0.646693
0.798629
0.710039
0.581739
0.407042
0.268078
0.209278
0.20313
0.215759
0.231988
0.262355
0.334971
0.432651
0.485248
0.479564
0.453403
0.399097
0.308332
0.211858
0.137363
0.107098
0.179441
0.397193
0.645918
0.8077
0.877589
0.864765
0.786406
0.671544
0.577044
0.528535
0.516894
0.553777
0.629436
0.669516
0.561529
0.336981
0.200152
0.276928
0.517387
0.710718
0.720647
0.65662
0.620648
0.60637
0.63111
0.731246
0.838115
0.856112
0.808681
0.6937
0.481801
0.298002
0.247405
0.293022
0.383415
0.484714
0.549096
0.560739
0.57202
0.594334
0.579583
0.513292
0.424968
0.320478
0.18365
0.0579074
0.0257127
0.156539
0.407125
0.586259
0.691921
0.850477
0.473075
0
0
0
0
0
0
0
0
0
0
0
0
0
0
0
0
0
0
0
0
0
0
0
0
0
0
0
0
0
0
0
0
0
0
0
0
0
0
0
0
0
0
0
0
0
0
0
0
0
0
0
0
0.240576
0.691342
0.86269
0.766623
0.620557
0.427568
0.271979
0.229345
0.261485
0.297043
0.318422
0.329164
0.324666
0.321719
0.337739
0.354251
0.353029
0.344638
0.329349
0.289523
0.22811
0.165516
0.139676
0.23067
0.459822
0.685114
0.814074
0.867681
0.859954
0.803906
0.697903
0.588121
0.525437
0.496822
0.500984
0.55708
0.630912
0.594013
0.401961
0.251164
0.317314
0.530234
0.671099
0.660239
0.611048
0.592925
0.606408
0.669011
0.779389
0.862328
0.863954
0.810628
0.709116
0.52547
0.339634
0.264412
0.287013
0.341631
0.383504
0.411101
0.437673
0.485292
0.547436
0.582234
0.571228
0.510921
0.401922
0.259797
0.117448
0.0292272
0.0806573
0.312426
0.553364
0.688436
0.826749
0.456668
0
0
0
0
0
0
0
0
0
0
0
0
0
0
0
0
0
0
0
0
0
0
0
0
0
0
0
0
0
0
0
0
0
0
0
0
0
0
0
0
0
0
0
0
0
0
0
0
0
0
0.249156
0.485542
0.710626
0.947334
0.916265
0.80576
0.595296
0.369271
0.251542
0.257777
0.319756
0.372142
0.414331
0.454841
0.455127
0.408419
0.356073
0.321343
0.305732
0.314101
0.323659
0.295112
0.23853
0.180393
0.1615
0.271208
0.510979
0.725656
0.833388
0.865398
0.854767
0.816901
0.726868
0.621262
0.565938
0.542875
0.519713
0.517649
0.55559
0.551314
0.42215
0.299781
0.352282
0.513251
0.608337
0.608286
0.586156
0.580665
0.623139
0.718269
0.80493
0.831105
0.80299
0.759614
0.699999
0.561144
0.388816
0.294761
0.295155
0.331956
0.349032
0.360986
0.402371
0.472773
0.538538
0.562589
0.552601
0.524058
0.466836
0.376962
0.25063
0.116059
0.0859789
0.263815
0.522285
0.670778
0.787519
0.666511
0.233078
0
0
0
0
0
0
0
0
0
0
0
0
0
0
0
0
0
0
0
0
0
0
0
0
0
0
0
0
0
0
0
0
0
0
0
0
0
0
0
0
0
0
0
0
0
0
0
0
0.246425
0.727624
0.935511
0.926979
0.720249
0.482484
0.592207
0.572981
0.367545
0.29411
0.300291
0.333361
0.356939
0.398904
0.483328
0.531686
0.499548
0.444404
0.408843
0.399528
0.407772
0.377796
0.293802
0.217814
0.170572
0.179431
0.327495
0.582405
0.565661
0.674084
0.921898
0.89189
0.836661
0.753658
0.685245
0.643602
0.610193
0.575645
0.532569
0.506945
0.482617
0.389922
0.30298
0.350699
0.478473
0.556173
0.565039
0.553552
0.566004
0.636244
0.742385
0.806512
0.783854
0.713412
0.676463
0.676959
0.629886
0.526325
0.436391
0.399979
0.393965
0.397842
0.427109
0.470727
0.509078
0.516678
0.469233
0.411857
0.398247
0.408585
0.399523
0.333913
0.213587
0.155162
0.30468
0.566152
0.708862
0.78785
0.883823
0.685281
0.224201
0
0
0
0
0
0
0
0
0
0
0
0
0
0
0
0
0
0
0
0
0
0
0
0
0
0
0
0
0
0
0
0
0
0
0
0
0
0
0
0
0
0
0
0
0
0
0.248218
0.730297
0.92928
0.878939
0.916521
0.484783
0.196714
0.483948
0.466787
0.334359
0.30597
0.304305
0.302082
0.286269
0.307999
0.417325
0.525457
0.540264
0.511672
0.511182
0.542013
0.549257
0.464279
0.325368
0.224415
0.173952
0.204901
0.386925
0.644965
0.61544
0.725889
0.974441
0.936507
0.867398
0.79279
0.754111
0.712114
0.662968
0.625416
0.563953
0.501386
0.449191
0.356135
0.283673
0.332739
0.446655
0.516126
0.530868
0.539404
0.574748
0.644037
0.750888
0.838523
0.826387
0.7136
0.635115
0.656371
0.680057
0.656039
0.582101
0.49676
0.432903
0.416811
0.460971
0.504243
0.50709
0.462959
0.369295
0.283709
0.262169
0.286975
0.311965
0.300053
0.243391
0.220793
0.363297
0.615054
0.760812
0.814364
0.875703
0.901229
0.448537
0
0
0
0
0
0
0
0
0
0
0
0
0
0
0
0
0
0
0
0
0
0
0
0
0
0
0
0
0
0
0
0
0
0
0
0
0
0
0
0
0
0
0
0
0
0
0.48722
0.937833
0.867731
0.852354
0.928932
0.718426
0.567727
0.545099
0.348791
0.292807
0.297843
0.300017
0.27712
0.238154
0.240688
0.334769
0.459753
0.518955
0.5306
0.563349
0.614569
0.609051
0.499907
0.344195
0.22066
0.160787
0.204959
0.393649
0.635766
0.815416
0.690786
0.490861
0.713707
0.916688
0.869105
0.82834
0.770241
0.70579
0.650872
0.571287
0.497802
0.434585
0.332119
0.265908
0.320615
0.424157
0.486444
0.51597
0.55274
0.59753
0.639506
0.75436
0.874979
0.880607
0.780514
0.680543
0.668961
0.692148
0.680497
0.571001
0.42467
0.343568
0.34932
0.412228
0.462238
0.463558
0.42265
0.35068
0.276837
0.225062
0.205091
0.21594
0.23022
0.22379
0.227926
0.325035
0.530647
0.723533
0.827846
0.880635
0.909403
0.459334
0
0
0
0
0
0
0
0
0
0
0
0
0
0
0
0
0
0
0
0
0
0
0
0
0
0
0
0
0
0
0
0
0
0
0
0
0
0
0
0
0
0
0
0
0
0
0.470088
0.884874
0.809688
0.838695
0.925533
0.888806
0.656961
0.401828
0.292975
0.301151
0.341026
0.348342
0.294634
0.235824
0.233718
0.294762
0.375208
0.430453
0.480106
0.53823
0.567859
0.535676
0.439507
0.312343
0.212236
0.191358
0.271923
0.437504
0.611793
0.738879
0.39547
0
0.485267
0.956198
0.924973
0.885893
0.824589
0.748083
0.665069
0.562841
0.482549
0.416185
0.313024
0.257867
0.32035
0.416003
0.473574
0.511109
0.556036
0.588782
0.603708
0.719363
0.853977
0.863353
0.79473
0.717851
0.688327
0.690846
0.653309
0.50126
0.335724
0.293037
0.340585
0.397218
0.426011
0.430233
0.422913
0.402858
0.351041
0.258895
0.182587
0.180545
0.22247
0.237942
0.216469
0.229078
0.356933
0.581414
0.770385
0.863478
0.919253
0.473522
0
0
0
0
0
0
0
0
0
0
0
0
0
0
0
0
0
0
0
0
0
0
0
0
0
0
0
0
0
0
0
0
0
0
0
0
0
0
0
0
0
0
0
0
0
0.247222
0.70379
0.854023
0.784817
0.829054
0.890929
0.771529
0.49886
0.308097
0.287814
0.357578
0.440211
0.448685
0.352015
0.264235
0.264535
0.309592
0.33868
0.35152
0.397345
0.454854
0.457892
0.41831
0.36639
0.303658
0.274403
0.339936
0.464038
0.554377
0.608087
0.679401
0.571813
0.209547
0.475274
0.947154
0.934412
0.910008
0.859981
0.780824
0.676205
0.558184
0.479514
0.41503
0.315351
0.271639
0.339425
0.425451
0.473175
0.514929
0.567581
0.586561
0.586325
0.673108
0.78557
0.805171
0.752019
0.704151
0.698263
0.702295
0.666666
0.531648
0.393981
0.38178
0.425941
0.44
0.436922
0.447848
0.462475
0.45258
0.389135
0.276775
0.205328
0.241071
0.317106
0.318461
0.235306
0.174835
0.232739
0.430328
0.659965
0.803915
0.892042
0.466956
0
0
0
0
0
0
0
0
0
0
0
0
0
0
0
0
0
0
0
0
0
0
0
0
0
0
0
0
0
0
0
0
0
0
0
0
0
0
0
0
0
0
0
0
0
0.485655
0.921859
0.823555
0.778564
0.828958
0.839448
0.641916
0.370816
0.262098
0.312749
0.42487
0.530368
0.541774
0.435637
0.338327
0.33928
0.379503
0.380775
0.357041
0.367156
0.388654
0.372535
0.348152
0.347917
0.352517
0.381201
0.490365
0.602622
0.617136
0.61117
0.681397
0.791311
0.63862
0.678316
0.941161
0.955203
0.934459
0.883484
0.797227
0.672093
0.549201
0.488145
0.429596
0.329354
0.296509
0.366955
0.434979
0.473655
0.535931
0.605435
0.617004
0.611595
0.660073
0.713717
0.721984
0.701391
0.705145
0.729568
0.732148
0.711436
0.623278
0.514234
0.479311
0.47321
0.454567
0.45707
0.492865
0.496843
0.425352
0.318159
0.241391
0.263189
0.369484
0.440754
0.392348
0.262161
0.171943
0.207395
0.4021
0.647153
0.774151
0.849921
0.451099
0
0
0
0
0
0
0
0
0
0
0
0
0
0
0
0
0
0
0
0
0
0
0
0
0
0
0
0
0
0
0
0
0
0
0
0
0
0
0
0
0
0
0
0
0
0.467395
0.87652
0.778292
0.765662
0.830497
0.773682
0.515539
0.290539
0.262068
0.35679
0.47574
0.5643
0.580103
0.519401
0.459673
0.464406
0.493345
0.47641
0.425651
0.394623
0.374957
0.347792
0.336233
0.363482
0.413621
0.467756
0.55147
0.621341
0.618904
0.618104
0.690678
0.782216
0.834804
0.657269
0.476269
0.487779
0.713452
0.901825
0.807443
0.665657
0.536305
0.486709
0.426266
0.324206
0.305651
0.376591
0.425749
0.46258
0.533446
0.589474
0.599651
0.615497
0.647781
0.660964
0.665475
0.682211
0.734053
0.770667
0.748591
0.730019
0.682347
0.58792
0.506915
0.438899
0.399999
0.428551
0.497234
0.495245
0.379615
0.26023
0.255126
0.378218
0.50505
0.509712
0.404958
0.267267
0.186083
0.228506
0.426737
0.658857
0.762711
0.841578
0.453582
0
0
0
0
0
0
0
0
0
0
0
0
0
0
0
0
0
0
0
0
0
0
0
0
0
0
0
0
0
0
0
0
0
0
0
0
0
0
0
0
0
0
0
0
0
0.463195
0.860644
0.760907
0.772891
0.833142
0.708757
0.4305
0.265968
0.285586
0.391968
0.498163
0.56073
0.577208
0.563225
0.546997
0.557166
0.579738
0.56158
0.495683
0.432054
0.396282
0.380279
0.372791
0.387394
0.44112
0.506143
0.567598
0.618394
0.625061
0.616614
0.644138
0.690532
0.748025
0.631089
0.239293
0
0.470847
0.904397
0.806006
0.6504
0.5119
0.458779
0.401411
0.317309
0.31033
0.365181
0.395286
0.425565
0.476488
0.514865
0.550488
0.590775
0.593146
0.584629
0.626034
0.684468
0.763273
0.804609
0.749199
0.720919
0.704956
0.627278
0.530086
0.427357
0.366173
0.400336
0.479604
0.500189
0.432288
0.362838
0.402837
0.533623
0.595645
0.523324
0.388835
0.26234
0.197239
0.2306
0.376893
0.569214
0.716509
0.850055
0.463578
0
0
0
0
0
0
0
0
0
0
0
0
0
0
0
0
0
0
0
0
0
0
0
0
0
0
0
0
0
0
0
0
0
0
0
0
0
0
0
0
0
0
0
0
0
0.234233
0.634816
0.786093
0.817063
0.830583
0.639548
0.377867
0.269385
0.295285
0.367588
0.445147
0.503736
0.534502
0.545535
0.542727
0.54271
0.562867
0.570012
0.525616
0.464859
0.442568
0.450796
0.447577
0.433077
0.453189
0.511307
0.573039
0.617242
0.628044
0.61484
0.593599
0.582834
0.625973
0.777746
0.687419
0.473311
0.671091
0.840975
0.734983
0.576364
0.436782
0.38512
0.361205
0.329332
0.326476
0.337853
0.338116
0.361696
0.414946
0.477051
0.532429
0.551806
0.521061
0.519819
0.604931
0.694651
0.785866
0.812441
0.713539
0.675372
0.698959
0.663413
0.586707
0.487065
0.419196
0.435542
0.48963
0.529659
0.548249
0.548797
0.572125
0.612785
0.593311
0.509055
0.395629
0.283543
0.212809
0.213681
0.320055
0.529293
0.723348
0.843762
0.681005
0.233291
0
0
0
0
0
0
0
0
0
0
0
0
0
0
0
0
0
0
0
0
0
0
0
0
0
0
0
0
0
0
0
0
0
0
0
0
0
0
0
0
0
0
0
0
0
0.201539
0.639474
0.88272
0.791995
0.531334
0.31065
0.264448
0.283767
0.294459
0.314832
0.367584
0.436913
0.495962
0.508969
0.478033
0.462475
0.470671
0.46065
0.443926
0.463441
0.508525
0.532231
0.512382
0.496919
0.535724
0.601389
0.635211
0.628663
0.609753
0.566576
0.527543
0.558894
0.694076
0.856384
0.89262
0.80259
0.701693
0.595432
0.438225
0.306003
0.273076
0.299124
0.322271
0.320516
0.290677
0.266931
0.302456
0.39718
0.482705
0.508189
0.509199
0.531801
0.589099
0.670125
0.750616
0.822097
0.771779
0.628821
0.614103
0.67932
0.672387
0.600948
0.518439
0.469489
0.467904
0.490327
0.535454
0.602071
0.629784
0.5937
0.54405
0.517561
0.499479
0.440059
0.339203
0.244744
0.206441
0.293813
0.55286
0.782375
0.829388
0.856684
0.653825
0.43033
0.222834
0
0
0
0
0
0
0
0
0
0
0
0
0
0
0
0
0
0
0
0
0
0
0
0
0
0
0
0
0
0
0
0
0
0
0
0
0
0
0
0
0
0
0
0
0.482678
0.91727
0.702735
0.393587
0.240475
0.261271
0.290663
0.258901
0.221997
0.250507
0.342659
0.451711
0.501931
0.462218
0.396198
0.355349
0.337374
0.345454
0.395928
0.485772
0.579486
0.612872
0.592518
0.605821
0.663822
0.687491
0.652899
0.603668
0.545301
0.519878
0.582452
0.690285
0.785339
0.788548
0.694451
0.599014
0.47808
0.305983
0.180987
0.171235
0.232728
0.280648
0.275619
0.231452
0.213315
0.276529
0.403882
0.486418
0.481276
0.509022
0.598282
0.687011
0.766117
0.836938
0.839103
0.700091
0.569112
0.603922
0.673742
0.630318
0.528036
0.469161
0.455969
0.443995
0.441261
0.480506
0.542871
0.544748
0.465552
0.414951
0.45758
0.509101
0.470029
0.359694
0.252993
0.200734
0.26257
0.520369
0.771267
0.787978
0.754569
0.590923
0.43033
0.222834
0
0
0
0
0
0
0
0
0
0
0
0
0
0
0
0
0
0
0
0
0
0
0
0
0
0
0
0
0
0
0
0
0
0
0
0
0
0
0
0
0
0
0
0
0.471893
0.855059
0.567789
0.276009
0.211973
0.294033
0.346815
0.303792
0.243523
0.24518
0.309805
0.413703
0.495278
0.492289
0.417721
0.332448
0.279248
0.272576
0.319039
0.427743
0.584244
0.695257
0.700558
0.685239
0.716456
0.736961
0.701787
0.630136
0.556496
0.54711
0.624959
0.700442
0.743373
0.748387
0.690308
0.583204
0.422136
0.242446
0.125128
0.123213
0.188747
0.233095
0.22322
0.186978
0.195392
0.282904
0.410239
0.487156
0.493015
0.540879
0.621401
0.698566
0.807245
0.880396
0.811076
0.646855
0.581156
0.644047
0.676195
0.596301
0.488513
0.443798
0.431921
0.385671
0.339539
0.352202
0.394148
0.383468
0.332295
0.359233
0.473191
0.533099
0.453124
0.305228
0.202619
0.171229
0.2259
0.441985
0.662279
0.686354
0.591945
0.267014
0
0
0
0
0
0
0
0
0
0
0
0
0
0
0
0
0
0
0
0
0
0
0
0
0
0
0
0
0
0
0
0
0
0
0
0
0
0
0
0
0
0
0
0
0
0.170208
0.579959
0.70712
0.420968
0.204692
0.222968
0.354173
0.421407
0.37559
0.319578
0.310302
0.336257
0.408974
0.496704
0.522111
0.456986
0.352635
0.281784
0.274135
0.324108
0.430647
0.591022
0.728992
0.760604
0.733255
0.740345
0.760533
0.741145
0.677786
0.6087
0.600149
0.646394
0.682483
0.719517
0.759945
0.722714
0.582748
0.398217
0.236506
0.146582
0.151155
0.19834
0.220202
0.205169
0.182954
0.208519
0.297466
0.407421
0.485519
0.526266
0.587068
0.646354
0.710654
0.828103
0.896359
0.798786
0.657374
0.645476
0.69819
0.701337
0.6563
0.594383
0.534973
0.46896
0.358283
0.24945
0.221059
0.25547
0.283005
0.307559
0.399012
0.522528
0.541907
0.411431
0.239028
0.147056
0.133465
0.183132
0.352007
0.553282
0.618238
0.477685
0.175465
0
0
0
0
0
0
0
0
0
0
0
0
0
0
0
0
0
0
0
0
0
0
0
0
0
0
0
0
0
0
0
0
0
0
0
0
0
0
0
0
0
0
0
0
0.15999
0.483198
0.671597
0.584241
0.329619
0.173163
0.237049
0.392353
0.462921
0.414699
0.359781
0.350432
0.370802
0.432611
0.51217
0.532595
0.457198
0.340941
0.276562
0.297138
0.373341
0.476992
0.6048
0.723884
0.77568
0.764811
0.761625
0.77446
0.762097
0.714854
0.664195
0.660041
0.688845
0.694084
0.707861
0.742338
0.698337
0.544157
0.365307
0.248769
0.214007
0.236832
0.260512
0.25169
0.226073
0.208126
0.228571
0.295372
0.38959
0.484898
0.568299
0.653879
0.709383
0.760476
0.865722
0.924169
0.830341
0.720112
0.717209
0.740459
0.746866
0.758111
0.743128
0.668901
0.551218
0.38965
0.238704
0.185302
0.222515
0.288381
0.348964
0.420464
0.487951
0.47141
0.347952
0.213401
0.148555
0.131063
0.151768
0.275777
0.51666
0.668729
0.549623
0.325372
0.114946
0
0
0
0
0
0
0
0
0
0
0
0
0
0
0
0
0
0
0
0
0
0
0
0
0
0
0
0
0
0
0
0
0
0
0
0
0
0
0
0
0
0
0
0.342984
0.655952
0.63613
0.530825
0.287819
0.160132
0.235557
0.382346
0.455688
0.419994
0.35771
0.332681
0.346732
0.398061
0.465162
0.479956
0.40584
0.299308
0.250538
0.294224
0.399564
0.517156
0.62398
0.715306
0.77642
0.79411
0.791353
0.789099
0.777238
0.733211
0.680145
0.678152
0.718842
0.722388
0.688438
0.672611
0.614245
0.470221
0.331643
0.281846
0.307369
0.3362
0.319706
0.280675
0.250194
0.237176
0.251099
0.292914
0.378095
0.49885
0.614989
0.713158
0.767539
0.813673
0.903684
0.943978
0.858703
0.763985
0.742951
0.749212
0.770999
0.808477
0.805149
0.712071
0.5592
0.38893
0.259861
0.222466
0.254214
0.303744
0.333309
0.34763
0.364561
0.35193
0.291497
0.240725
0.223507
0.19233
0.15762
0.225697
0.490097
0.728929
0.700432
0.621693
0.311221
0
0
0
0
0
0
0
0
0
0
0
0
0
0
0
0
0
0
0
0
0
0
0
0
0
0
0
0
0
0
0
0
0
0
0
0
0
0
0
0
0
0.24686
0.472954
0.602582
0.711967
0.649415
0.497588
0.257671
0.161485
0.23587
0.351388
0.420174
0.410748
0.360023
0.319788
0.305918
0.330061
0.3859
0.409896
0.360706
0.277879
0.22795
0.250833
0.349596
0.497896
0.639494
0.730628
0.784234
0.814473
0.817636
0.807141
0.793479
0.738975
0.659996
0.644282
0.695858
0.704663
0.64055
0.59021
0.533235
0.430316
0.347932
0.349764
0.411447
0.421245
0.348552
0.287139
0.267755
0.272607
0.295887
0.324969
0.393016
0.510051
0.639522
0.751594
0.804771
0.845832
0.924419
0.950311
0.85519
0.746733
0.730158
0.754121
0.780945
0.813419
0.781042
0.648483
0.482735
0.344986
0.267986
0.252338
0.263505
0.27218
0.270918
0.273172
0.29328
0.309717
0.309986
0.327773
0.351534
0.302298
0.198671
0.202515
0.445858
0.721194
0.778038
0.787569
0.657421
0.24453
0
0
0
0
0
0
0
0
0
0
0
0
0
0
0
0
0
0
0
0
0
0
0
0
0
0
0
0
0
0
0
0
0
0
0
0
0
0
0
0
0.491266
0.941653
0.845181
0.755596
0.664395
0.471035
0.246291
0.17836
0.244874
0.325091
0.374982
0.385527
0.370721
0.349361
0.322476
0.3194
0.369132
0.421515
0.414284
0.351284
0.272546
0.225836
0.257485
0.393212
0.583736
0.72245
0.789739
0.823811
0.827542
0.811566
0.797148
0.744946
0.647862
0.606489
0.657708
0.671947
0.601903
0.549417
0.506511
0.441521
0.399424
0.422016
0.487288
0.469767
0.357351
0.289861
0.290572
0.316189
0.353408
0.382076
0.426621
0.511154
0.645742
0.7816
0.83126
0.861418
0.932696
0.952742
0.828538
0.696877
0.725318
0.782664
0.795621
0.804763
0.733563
0.585345
0.452274
0.352686
0.277925
0.242766
0.241493
0.253763
0.271315
0.296975
0.335438
0.370804
0.396684
0.429817
0.445325
0.368661
0.224442
0.180546
0.362936
0.626383
0.763352
0.836241
0.931482
0.490718
0
0
0
0
0
0
0
0
0
0
0
0
0
0
0
0
0
0
0
0
0
0
0
0
0
0
0
0
0
0
0
0
0
0
0
0
0
0
0
0
0.488756
0.941935
0.867459
0.790143
0.669295
0.454188
0.246325
0.189558
0.249706
0.316904
0.346225
0.349039
0.356906
0.372071
0.359827
0.334473
0.3599
0.432464
0.481892
0.458131
0.365193
0.26005
0.213131
0.270471
0.43479
0.623831
0.755814
0.817266
0.81947
0.789486
0.768945
0.733143
0.64152
0.580325
0.613633
0.623618
0.565625
0.5293
0.498159
0.45342
0.435227
0.468952
0.525618
0.484266
0.355893
0.292317
0.308361
0.344554
0.385427
0.421042
0.458111
0.516802
0.648396
0.795493
0.841964
0.867657
0.937256
0.944161
0.79234
0.667398
0.735484
0.804941
0.808164
0.803302
0.723177
0.587779
0.478517
0.378171
0.270778
0.218496
0.24141
0.29135
0.326947
0.347365
0.370262
0.395224
0.418561
0.434954
0.413921
0.321167
0.194747
0.144719
0.258141
0.500145
0.722256
0.853094
0.941617
0.491979
0
0
0
0
0
0
0
0
0
0
0
0
0
0
0
0
0
0
0
0
0
0
0
0
0
0
0
0
0
0
0
0
0
0
0
0
0
0
0
0
0.489088
0.948102
0.885379
0.800812
0.659632
0.447168
0.252908
0.194788
0.256338
0.338448
0.364315
0.341225
0.335545
0.363444
0.367184
0.329103
0.30932
0.345395
0.407264
0.43054
0.386941
0.311182
0.240577
0.209325
0.280121
0.464892
0.67172
0.787164
0.791278
0.755279
0.737108
0.70943
0.630157
0.563051
0.564097
0.545926
0.496565
0.489111
0.484308
0.461942
0.461767
0.50378
0.54448
0.478479
0.344366
0.284315
0.303613
0.342081
0.387377
0.437778
0.485654
0.53736
0.653946
0.791851
0.84349
0.879442
0.95087
0.944616
0.791654
0.693045
0.758584
0.811417
0.809123
0.791937
0.708649
0.563094
0.426135
0.310833
0.220628
0.210004
0.275227
0.332685
0.338715
0.322042
0.311186
0.309332
0.316832
0.322823
0.296423
0.22515
0.147904
0.12779
0.22923
0.46829
0.71612
0.856184
0.935707
0.486875
0
0
0
0
0
0
0
0
0
0
0
0
0
0
0
0
0
0
0
0
0
0
0
0
0
0
0
0
0
0
0
0
0
0
0
0
0
0
0
0
0.489268
0.950671
0.886979
0.78622
0.634353
0.445993
0.278938
0.221326
0.279485
0.365853
0.393716
0.362682
0.343137
0.362662
0.370621
0.337607
0.291052
0.266437
0.285233
0.330905
0.371862
0.387806
0.347969
0.263896
0.232924
0.34084
0.552603
0.71481
0.746528
0.734919
0.73716
0.714997
0.64093
0.565058
0.528639
0.472957
0.42669
0.452922
0.482515
0.477721
0.480586
0.516389
0.534717
0.453567
0.325532
0.268726
0.284968
0.326226
0.38022
0.442005
0.503971
0.568005
0.673103
0.790483
0.848999
0.902006
0.720306
0.710753
0.831429
0.741458
0.770303
0.793994
0.781391
0.739853
0.625407
0.448408
0.289637
0.199062
0.184462
0.246829
0.335945
0.36944
0.340514
0.29803
0.260519
0.22884
0.215492
0.219694
0.211509
0.172137
0.129525
0.137506
0.258957
0.496985
0.720805
0.848345
0.923677
0.477557
0
0
0
0
0
0
0
0
0
0
0
0
0
0
0
0
0
0
0
0
0
0
0
0
0
0
0
0
0
0
0
0
0
0
0
0
0
0
0
0
0.492795
0.963698
0.908011
0.802118
0.637632
0.458744
0.315227
0.263325
0.308475
0.371005
0.389659
0.372061
0.361533
0.379918
0.395094
0.38084
0.342426
0.299146
0.287788
0.333295
0.421163
0.49257
0.479141
0.387014
0.307887
0.325846
0.457133
0.621201
0.714717
0.748463
0.76422
0.745357
0.66845
0.568292
0.482084
0.399087
0.378828
0.442869
0.485898
0.473892
0.465645
0.485531
0.484561
0.410678
0.309204
0.258669
0.267005
0.306596
0.357561
0.415546
0.49057
0.582982
0.686604
0.783543
0.849406
0.915886
0.722733
0.702672
0.854012
0.770733
0.757523
0.759525
0.733259
0.641856
0.478531
0.306529
0.195671
0.179612
0.257116
0.381036
0.467474
0.469678
0.415199
0.348537
0.283933
0.231049
0.207268
0.208163
0.204794
0.174978
0.139832
0.152806
0.275443
0.501105
0.710726
0.841948
0.921728
0.719866
0.244306
0
0
0
0
0
0
0
0
0
0
0
0
0
0
0
0
0
0
0
0
0
0
0
0
0
0
0
0
0
0
0
0
0
0
0
0
0
0
0
0.248265
0.487893
0.697355
0.847233
0.672373
0.471016
0.325638
0.280941
0.314618
0.350799
0.358871
0.357908
0.366937
0.393855
0.422588
0.438142
0.431757
0.404514
0.389794
0.421998
0.488444
0.528103
0.494719
0.425142
0.393511
0.403772
0.447696
0.561783
0.698565
0.775295
0.796373
0.778414
0.698386
0.56659
0.427337
0.321735
0.312405
0.383493
0.430048
0.42843
0.42326
0.4202
0.396628
0.345152
0.287046
0.24775
0.240458
0.266843
0.309515
0.363563
0.449567
0.56327
0.663191
0.74871
0.831677
0.909193
0.94613
0.911392
0.85397
0.7993
0.759852
0.739051
0.670477
0.509226
0.327023
0.213748
0.19314
0.271405
0.423064
0.55808
0.59681
0.543024
0.451045
0.366121
0.302317
0.262804
0.241399
0.228317
0.220379
0.199049
0.163522
0.15993
0.260323
0.476257
0.699033
0.844881
0.927991
0.723483
0.244306
0
0
0
0
0
0
0
0
0
0
0
0
0
0
0
0
0
0
0
0
0
0
0
0
0
0
0
0
0
0
0
0
0
0
0
0
0
0
0
0
0
0.452588
0.853063
0.674899
0.436718
0.287182
0.26386
0.298796
0.319535
0.315202
0.316179
0.335839
0.3687
0.408674
0.45412
0.482737
0.475668
0.4673
0.492164
0.51132
0.47331
0.399602
0.36436
0.414309
0.478647
0.500667
0.565906
0.689067
0.7779
0.810377
0.802978
0.727373
0.574465
0.400164
0.267458
0.223654
0.260652
0.315051
0.349599
0.355492
0.331813
0.297598
0.271981
0.251643
0.227769
0.21081
0.221342
0.25825
0.314064
0.399844
0.504095
0.588993
0.678002
0.792218
0.889178
0.911079
0.867552
0.844893
0.834821
0.787284
0.715476
0.590953
0.409967
0.268583
0.219371
0.25762
0.373062
0.507168
0.576971
0.547689
0.452329
0.357876
0.300113
0.271809
0.257021
0.238077
0.221555
0.229109
0.230031
0.191322
0.16011
0.232445
0.445688
0.692663
0.854432
0.930452
0.476642
0
0
0
0
0
0
0
0
0
0
0
0
0
0
0
0
0
0
0
0
0
0
0
0
0
0
0
0
0
0
0
0
0
0
0
0
0
0
0
0
0
0.232885
0.662644
0.825262
0.650333
0.383352
0.237346
0.24598
0.297728
0.317623
0.297751
0.280259
0.292505
0.324006
0.364616
0.41045
0.440955
0.441992
0.443137
0.467407
0.465904
0.399903
0.326489
0.327274
0.419429
0.516734
0.560741
0.614493
0.695705
0.758931
0.799229
0.802531
0.713074
0.53972
0.358009
0.218441
0.152757
0.162202
0.214025
0.265342
0.279772
0.260223
0.239445
0.232632
0.229415
0.218739
0.204882
0.205172
0.231766
0.280514
0.34565
0.410358
0.471056
0.57728
0.728601
0.859636
0.901873
0.862509
0.846315
0.866506
0.813872
0.677496
0.529786
0.4027
0.317916
0.286658
0.318746
0.390909
0.442856
0.44734
0.401296
0.32794
0.282547
0.275647
0.274547
0.266454
0.257337
0.261939
0.287244
0.285113
0.221553
0.162464
0.218749
0.435858
0.696807
0.863912
0.928267
0.469888
0
0
0
0
0
0
0
0
0
0
0
0
0
0
0
0
0
0
0
0
0
0
0
0
0
0
0
0
0
0
0
0
0
0
0
0
0
0
0
0
0
0.478359
0.905795
0.820929
0.649753
0.378486
0.230713
0.263088
0.344164
0.374924
0.342458
0.304851
0.313199
0.354791
0.394937
0.417169
0.41472
0.391544
0.372349
0.37469
0.378451
0.361908
0.34935
0.383644
0.473386
0.565131
0.622972
0.679622
0.727892
0.742125
0.747848
0.710749
0.568682
0.390533
0.254993
0.161999
0.116965
0.124923
0.174553
0.234619
0.265842
0.2624
0.253691
0.254584
0.256747
0.249233
0.231343
0.218099
0.228572
0.261911
0.299816
0.325305
0.360453
0.466326
0.642126
0.826652
0.926249
0.903504
0.879043
0.904509
0.848212
0.678947
0.536781
0.464209
0.397474
0.343475
0.345583
0.378417
0.395429
0.400893
0.393503
0.373042
0.371757
0.3891
0.387173
0.366032
0.351463
0.351305
0.360455
0.331511
0.239942
0.164838
0.221837
0.449071
0.710659
0.86833
0.91554
0.457094
0
0
0
0
0
0
0
0
0
0
0
0
0
0
0
0
0
0
0
0
0
0
0
0
0
0
0
0
0
0
0
0
0
0
0
0
0
0
0
0
0
0.494128
0.937255
0.841571
0.679994
0.423828
0.262536
0.303928
0.414038
0.453097
0.410873
0.361189
0.374206
0.446965
0.514451
0.535418
0.511721
0.457137
0.398199
0.370068
0.385001
0.423739
0.47179
0.523794
0.581776
0.645834
0.702845
0.745383
0.762991
0.734527
0.662491
0.526653
0.334697
0.195043
0.139261
0.113542
0.105438
0.133416
0.20803
0.298605
0.348613
0.349799
0.342245
0.343965
0.352235
0.348851
0.312644
0.268086
0.252488
0.265306
0.281307
0.282244
0.293082
0.36126
0.508194
0.746547
0.935995
0.945476
0.918019
0.941674
0.906782
0.764305
0.626961
0.547995
0.463083
0.379591
0.354239
0.377095
0.412699
0.464364
0.518525
0.544804
0.549525
0.545527
0.516278
0.46072
0.404166
0.367375
0.356136
0.319991
0.226928
0.158206
0.231441
0.473606
0.730007
0.867266
0.889242
0.662451
0.225945
0
0
0
0
0
0
0
0
0
0
0
0
0
0
0
0
0
0
0
0
0
0
0
0
0
0
0
0
0
0
0
0
0
0
0
0
0
0
0
0
0.497172
0.952407
0.860528
0.715739
0.475321
0.292054
0.323056
0.44421
0.491634
0.456135
0.409816
0.428009
0.524469
0.624776
0.669158
0.659894
0.613578
0.55442
0.525045
0.544667
0.586114
0.630544
0.6613
0.676897
0.715599
0.771322
0.79224
0.781343
0.710082
0.556807
0.361984
0.181824
0.0977303
0.0931652
0.101518
0.115015
0.162602
0.264124
0.380504
0.448686
0.472128
0.481072
0.478751
0.492856
0.515269
0.473194
0.389336
0.33655
0.310204
0.282399
0.247476
0.231943
0.255572
0.325296
0.523042
0.803248
0.926002
0.927453
0.953714
0.942214
0.86179
0.74076
0.616466
0.493337
0.369609
0.301737
0.311853
0.376274
0.476156
0.574109
0.624517
0.615685
0.574864
0.526868
0.463024
0.384853
0.329996
0.30944
0.267143
0.185766
0.150986
0.267715
0.532842
0.764654
0.861358
0.866829
0.881122
0.456379
0
0
0
0
0
0
0
0
0
0
0
0
0
0
0
0
0
0
0
0
0
0
0
0
0
0
0
0
0
0
0
0
0
0
0
0
0
0
0
0
0.494411
0.948001
0.850422
0.713399
0.494095
0.304446
0.314309
0.433041
0.500893
0.495745
0.478056
0.509464
0.593654
0.676684
0.725657
0.739476
0.725127
0.700883
0.691391
0.704155
0.721268
0.734625
0.729105
0.708337
0.725917
0.77832
0.793498
0.737902
0.599713
0.428757
0.276849
0.155526
0.117585
0.146662
0.172906
0.183471
0.215373
0.296598
0.399581
0.483466
0.550538
0.590953
0.590604
0.612655
0.67246
0.656537
0.555357
0.4603
0.37964
0.292993
0.21469
0.175362
0.16983
0.178136
0.266921
0.531659
0.795099
0.89537
0.931226
0.930411
0.893217
0.811198
0.674707
0.513374
0.353346
0.257803
0.256794
0.318742
0.404306
0.474783
0.505754
0.48823
0.448311
0.432894
0.423676
0.383631
0.341485
0.305215
0.233552
0.15529
0.168459
0.349605
0.625678
0.802769
0.850536
0.853569
0.891201
0.466764
0
0
0
0
0
0
0
0
0
0
0
0
0
0
0
0
0
0
0
0
0
0
0
0
0
0
0
0
0
0
0
0
0
0
0
0
0
0
0
0.249614
0.495507
0.685957
0.82172
0.696928
0.504574
0.313888
0.297749
0.421541
0.529795
0.564524
0.57401
0.603719
0.642823
0.669985
0.689902
0.706962
0.722741
0.738455
0.750112
0.755859
0.759131
0.764967
0.754789
0.719032
0.696908
0.698301
0.669616
0.572353
0.434972
0.331273
0.258182
0.185372
0.176738
0.25066
0.321245
0.335251
0.332643
0.365793
0.426487
0.485569
0.546136
0.605334
0.644897
0.690756
0.760128
0.768371
0.66785
0.538292
0.434479
0.340943
0.258118
0.206206
0.170173
0.143017
0.172632
0.343842
0.63805
0.836239
0.889605
0.901475
0.88495
0.841695
0.754076
0.623408
0.481129
0.387963
0.366418
0.375373
0.377431
0.361053
0.338695
0.317265
0.310862
0.352578
0.416686
0.44243
0.432885
0.383889
0.272314
0.179351
0.226076
0.446824
0.697325
0.819494
0.840147
0.845121
0.904922
0.478706
0
0
0
0
0
0
0
0
0
0
0
0
0
0
0
0
0
0
0
0
0
0
0
0
0
0
0
0
0
0
0
0
0
0
0
0
0
0
0
0.249614
0.249614
0.438112
0.832134
0.734162
0.556327
0.345249
0.29414
0.426695
0.578623
0.641815
0.652003
0.650553
0.632549
0.603228
0.580724
0.588479
0.638277
0.700972
0.743195
0.75855
0.759558
0.766191
0.770543
0.737489
0.666232
0.578125
0.4786
0.390523
0.324687
0.287516
0.274436
0.259491
0.290119
0.396769
0.481214
0.48196
0.465972
0.481642
0.498152
0.489194
0.490192
0.560134
0.678122
0.753465
0.779638
0.768302
0.677715
0.562421
0.500263
0.466911
0.42797
0.369705
0.28142
0.213534
0.222897
0.314055
0.503362
0.715369
0.834253
0.87088
0.862359
0.838601
0.821763
0.783947
0.700879
0.614912
0.568449
0.536025
0.477248
0.398452
0.335695
0.299366
0.296328
0.350543
0.442545
0.51605
0.546871
0.497639
0.352844
0.243919
0.31074
0.531409
0.736233
0.827183
0.844189
0.857193
0.928242
0.490971
0
0
0
0
0
0
0
0
0
0
0
0
0
0
0
0
0
0
0
0
0
0
0
0
0
0
0
0
0
0
0
0
0
0
0
0
0
0
0
0
0
0.456423
0.88254
0.804779
0.641579
0.421486
0.334672
0.452567
0.614949
0.677475
0.657035
0.600619
0.535489
0.488787
0.463663
0.480153
0.558749
0.65686
0.724284
0.75331
0.75706
0.759492
0.767991
0.742196
0.64716
0.507959
0.385637
0.330083
0.317943
0.32651
0.377885
0.44136
0.513194
0.600431
0.613446
0.556064
0.541665
0.568518
0.557125
0.495252
0.448794
0.520583
0.696402
0.783695
0.74367
0.692443
0.639431
0.599976
0.601231
0.611352
0.614952
0.570337
0.438664
0.313479
0.281648
0.295876
0.340949
0.485815
0.666104
0.763575
0.784965
0.795465
0.828678
0.845669
0.804158
0.72881
0.678776
0.651944
0.6082
0.550599
0.492275
0.422005
0.362295
0.357766
0.4095
0.48715
0.551064
0.521648
0.379101
0.285149
0.381477
0.598274
0.768059
0.84203
0.864205
0.889161
0.705061
0.248595
0
0
0
0
0
0
0
0
0
0
0
0
0
0
0
0
0
0
0
0
0
0
0
0
0
0
0
0
0
0
0
0
0
0
0
0
0
0
0
0
0
0.234346
0.688096
0.865062
0.732128
0.533726
0.414613
0.48475
0.620149
0.651102
0.565994
0.452813
0.392174
0.399099
0.432169
0.483026
0.571112
0.664891
0.72339
0.746831
0.749428
0.747232
0.747836
0.727921
0.646609
0.517273
0.422727
0.415462
0.454803
0.507885
0.5899
0.667221
0.72007
0.740255
0.678324
0.59183
0.585794
0.622017
0.608517
0.537345
0.467776
0.508
0.669872
0.748575
0.68059
0.620847
0.619514
0.653875
0.68269
0.679698
0.697041
0.699217
0.569359
0.376273
0.268304
0.226913
0.207682
0.269416
0.427247
0.582627
0.679551
0.743887
0.792815
0.819522
0.802927
0.750333
0.705507
0.675907
0.650811
0.640484
0.616155
0.528669
0.406292
0.321494
0.303261
0.345884
0.413476
0.412931
0.315192
0.271196
0.411598
0.643609
0.797791
0.858991
0.882524
0.914767
0.471394
0
0
0
0
0
0
0
0
0
0
0
0
0
0
0
0
0
0
0
0
0
0
0
0
0
0
0
0
0
0
0
0
0
0
0
0
0
0
0
0
0
0
0
0.473395
0.908547
0.805005
0.642478
0.501966
0.50022
0.573855
0.55828
0.431508
0.325054
0.333583
0.425926
0.523429
0.600693
0.674068
0.730646
0.756637
0.764223
0.759684
0.744911
0.725221
0.706654
0.661757
0.57687
0.532671
0.580151
0.651595
0.696611
0.728396
0.743683
0.739228
0.706337
0.638317
0.590483
0.610472
0.658379
0.667492
0.617187
0.541742
0.535671
0.632017
0.688971
0.646147
0.616704
0.640801
0.685451
0.710707
0.706592
0.732904
0.769888
0.669713
0.435264
0.251573
0.1791
0.157758
0.182232
0.283894
0.449026
0.616155
0.723024
0.768603
0.794683
0.803855
0.782683
0.746502
0.701525
0.662785
0.663708
0.670515
0.59603
0.438079
0.295873
0.230008
0.232971
0.271555
0.275327
0.224275
0.239329
0.429711
0.682878
0.824887
0.867483
0.883801
0.926154
0.481634
0
0
0
0
0
0
0
0
0
0
0
0
0
0
0
0
0
0
0
0
0
0
0
0
0
0
0
0
0
0
0
0
0
0
0
0
0
0
0
0
0
0
0
0.485035
0.933955
0.845547
0.717581
0.566301
0.469549
0.449914
0.41261
0.331318
0.309591
0.403334
0.545033
0.655221
0.724672
0.771364
0.793102
0.798105
0.801309
0.789959
0.755347
0.715843
0.699919
0.689529
0.654482
0.652333
0.711207
0.74966
0.732344
0.696685
0.662588
0.628661
0.589458
0.556305
0.554144
0.592826
0.656641
0.702223
0.688418
0.631444
0.603822
0.637112
0.665006
0.651602
0.646864
0.66627
0.693846
0.725252
0.755218
0.796504
0.832751
0.767148
0.558222
0.332645
0.210301
0.172839
0.177254
0.241261
0.396346
0.599846
0.740888
0.786213
0.801335
0.819194
0.817586
0.790405
0.751021
0.718238
0.722337
0.743135
0.686394
0.520045
0.356847
0.281646
0.265265
0.259553
0.228012
0.184588
0.24325
0.479134
0.731718
0.848417
0.872197
0.881296
0.936586
0.491065
0
0
0
0
0
0
0
0
0
0
0
0
0
0
0
0
0
0
0
0
0
0
0
0
0
0
0
0
0
0
0
0
0
0
0
0
0
0
0
0
0
0
0
0.489607
0.944595
0.86233
0.755746
0.587426
0.394863
0.295112
0.279418
0.299096
0.375349
0.496477
0.60088
0.674476
0.739571
0.78767
0.806074
0.816867
0.824442
0.806424
0.766754
0.729776
0.717617
0.722395
0.724181
0.739889
0.762377
0.734808
0.660528
0.596206
0.559349
0.529324
0.500156
0.49385
0.508261
0.533641
0.59289
0.671155
0.701553
0.677158
0.658006
0.666671
0.668519
0.648227
0.638861
0.658995
0.704122
0.759556
0.796163
0.822775
0.849756
0.82508
0.697299
0.499501
0.326696
0.230263
0.203673
0.252339
0.40254
0.615575
0.770439
0.818341
0.823043
0.830897
0.827031
0.801253
0.774441
0.766566
0.782739
0.803906
0.767846
0.632049
0.48644
0.428555
0.40979
0.353723
0.258906
0.192286
0.285046
0.557714
0.783282
0.86522
0.88414
0.896482
0.704138
0.247856
0
0
0
0
0
0
0
0
0
0
0
0
0
0
0
0
0
0
0
0
0
0
0
0
0
0
0
0
0
0
0
0
0
0
0
0
0
0
0
0
0
0
0
0.488986
0.943497
0.871182
0.788516
0.619794
0.372033
0.220912
0.234062
0.346772
0.473181
0.534284
0.550255
0.603042
0.698534
0.769985
0.797131
0.818137
0.825753
0.80592
0.780722
0.757864
0.744833
0.750158
0.765912
0.778479
0.761561
0.692038
0.602578
0.542237
0.505807
0.461131
0.421537
0.435589
0.476832
0.486656
0.508652
0.581628
0.637058
0.640728
0.646207
0.670257
0.660265
0.614746
0.597665
0.629844
0.703699
0.77753
0.779621
0.753539
0.771093
0.788614
0.74836
0.641204
0.488477
0.345213
0.271686
0.297402
0.439457
0.650411
0.796999
0.83302
0.829603
0.824618
0.807117
0.775151
0.75135
0.764126
0.798877
0.820559
0.798782
0.694997
0.569756
0.527614
0.514318
0.422887
0.274424
0.200326
0.344307
0.639232
0.824835
0.876341
0.891533
0.91447
0.470735
0
0
0
0
0
0
0
0
0
0
0
0
0
0
0
0
0
0
0
0
0
0
0
0
0
0
0
0
0
0
0
0
0
0
0
0
0
0
0
0
0
0
0
0
0.490548
0.941062
0.876701
0.834508
0.717454
0.476031
0.27818
0.274005
0.419721
0.543946
0.546425
0.526233
0.588161
0.695145
0.761236
0.779478
0.797157
0.812179
0.809979
0.800177
0.784626
0.771248
0.772652
0.783759
0.782373
0.732623
0.639329
0.573057
0.559731
0.531212
0.454228
0.405272
0.449198
0.521089
0.524597
0.497986
0.518709
0.55531
0.562629
0.578183
0.615819
0.606313
0.557598
0.540737
0.565395
0.646803
0.745373
0.754835
0.716183
0.718847
0.73919
0.736991
0.696924
0.613546
0.497568
0.39559
0.376292
0.491706
0.690864
0.820789
0.839714
0.830161
0.819363
0.788597
0.736153
0.691239
0.699192
0.747267
0.782606
0.770217
0.687902
0.590694
0.560032
0.536679
0.416457
0.248091
0.214953
0.43421
0.720262
0.850384
0.875961
0.884036
0.926284
0.483485
0
0
0
0
0
0
0
0
0
0
0
0
0
0
0
0
0
0
0
0
0
0
0
0
0
0
0
0
0
0
0
0
0
0
0
0
0
0
0
0
0
0
0
0
0.24675
0.693819
0.874094
0.86117
0.817501
0.643574
0.420091
0.320378
0.381607
0.470148
0.498935
0.517291
0.570129
0.639675
0.689152
0.712132
0.740989
0.787335
0.817606
0.816902
0.805683
0.795811
0.791325
0.791638
0.772434
0.685838
0.561298
0.516645
0.572206
0.588971
0.513626
0.484843
0.552405
0.608744
0.598718
0.563131
0.548951
0.544265
0.518498
0.511203
0.532487
0.518911
0.486098
0.46579
0.458662
0.528742
0.674421
0.779508
0.797472
0.768453
0.74474
0.742979
0.726688
0.68952
0.632093
0.5445
0.492989
0.570259
0.731602
0.832285
0.842481
0.831653
0.822567
0.795055
0.729934
0.647095
0.599805
0.609506
0.649531
0.666137
0.629198
0.584887
0.574365
0.524294
0.367233
0.212492
0.265566
0.554633
0.79472
0.861447
0.865136
0.878557
0.695437
0.245005
0
0
0
0
0
0
0
0
0
0
0
0
0
0
0
0
0
0
0
0
0
0
0
0
0
0
0
0
0
0
0
0
0
0
0
0
0
0
0
0
0
0
0
0
0
0.44979
0.874078
0.861031
0.854081
0.762435
0.559969
0.339705
0.24571
0.275716
0.356231
0.438749
0.494526
0.541853
0.601962
0.661324
0.721212
0.786906
0.826653
0.830843
0.827463
0.821255
0.808452
0.797441
0.769048
0.671052
0.541763
0.509271
0.585956
0.610661
0.531582
0.51591
0.588139
0.606829
0.578233
0.585109
0.614396
0.601383
0.536226
0.49227
0.476767
0.443246
0.414727
0.382931
0.345715
0.400146
0.585216
0.783294
0.846438
0.780214
0.727896
0.749247
0.776522
0.773714
0.746488
0.687351
0.641929
0.686235
0.781822
0.821736
0.79522
0.770798
0.781616
0.795088
0.757537
0.667199
0.566162
0.499274
0.493849
0.523267
0.541111
0.5459
0.545764
0.474683
0.304409
0.202527
0.366195
0.679804
0.843695
0.857
0.854272
0.895247
0.469404
0
0
0
0
0
0
0
0
0
0
0
0
0
0
0
0
0
0
0
0
0
0
0
0
0
0
0
0
0
0
0
0
0
0
0
0
0
0
0
0
0
0
0
0
0
0
0.465376
0.892047
0.854384
0.847145
0.808682
0.662867
0.393929
0.182548
0.146426
0.227725
0.348456
0.453035
0.542508
0.636265
0.717753
0.775538
0.81498
0.837687
0.848416
0.854214
0.845009
0.818477
0.799868
0.780277
0.710064
0.618095
0.601898
0.648218
0.620155
0.51164
0.479095
0.53221
0.535482
0.491931
0.511011
0.592739
0.626331
0.567306
0.491191
0.433154
0.388142
0.371559
0.344588
0.310466
0.368541
0.537629
0.696052
0.720937
0.648706
0.629791
0.709258
0.802248
0.843441
0.833531
0.797333
0.777626
0.805271
0.837564
0.797454
0.691494
0.621204
0.643831
0.710569
0.735322
0.692512
0.61067
0.520214
0.452228
0.43292
0.461424
0.497613
0.492124
0.40426
0.267832
0.267367
0.525071
0.790615
0.861861
0.842697
0.851297
0.927203
0.489352
0
0
0
0
0
0
0
0
0
0
0
0
0
0
0
0
0
0
0
0
0
0
0
0
0
0
0
0
0
0
0
0
0
0
0
0
0
0
0
0
0
0
0
0
0
0
0.486289
0.923964
0.850058
0.826145
0.819713
0.747956
0.52587
0.259323
0.148279
0.20231
0.333259
0.474146
0.605333
0.717172
0.783672
0.806777
0.816941
0.833844
0.849532
0.854458
0.84009
0.813383
0.804727
0.801237
0.753905
0.673081
0.637517
0.647026
0.605573
0.525798
0.494327
0.502756
0.494307
0.452055
0.424633
0.471874
0.549781
0.549099
0.46431
0.378411
0.353488
0.385754
0.409969
0.428996
0.500042
0.57035
0.558156
0.487384
0.44397
0.504277
0.655054
0.797564
0.865154
0.872114
0.860286
0.861875
0.883073
0.884059
0.805524
0.656833
0.530452
0.493547
0.539116
0.602674
0.62993
0.619652
0.577692
0.502744
0.428822
0.413622
0.442096
0.42281
0.330171
0.277392
0.41711
0.697498
0.857561
0.854405
0.826345
0.865961
0.707089
0.248891
0
0
0
0
0
0
0
0
0
0
0
0
0
0
0
0
0
0
0
0
0
0
0
0
0
0
0
0
0
0
0
0
0
0
0
0
0
0
0
0
0
0
0
0
0
0
0.247843
0.709074
0.870201
0.806562
0.807006
0.805594
0.676297
0.4105
0.227285
0.263801
0.417179
0.556043
0.659901
0.740531
0.783805
0.797122
0.806179
0.814415
0.810192
0.801098
0.791775
0.793673
0.817054
0.827871
0.774149
0.645831
0.542663
0.531295
0.539002
0.539704
0.539782
0.514333
0.490133
0.464285
0.402131
0.368669
0.424835
0.471994
0.416362
0.341631
0.357223
0.441502
0.518617
0.589105
0.642765
0.588753
0.440396
0.331174
0.342693
0.474738
0.661809
0.806211
0.867584
0.883106
0.892181
0.900336
0.90971
0.904041
0.848795
0.743586
0.612771
0.491197
0.433399
0.44861
0.491738
0.534016
0.555674
0.533583
0.474064
0.421158
0.394806
0.341427
0.270066
0.332614
0.585702
0.812172
0.872416
0.842546
0.829342
0.903773
0.482148
0
0
0
0
0
0
0
0
0
0
0
0
0
0
0
0
0
0
0
0
0
0
0
0
0
0
0
0
0
0
0
0
0
0
0
0
0
0
0
0
0
0
0
0
0
0
0
0
0.487132
0.915436
0.814915
0.790173
0.820751
0.7755
0.570501
0.35322
0.333195
0.455648
0.570225
0.65381
0.726236
0.781697
0.819624
0.828523
0.796149
0.756226
0.741841
0.739801
0.76801
0.823441
0.842772
0.775168
0.608761
0.469952
0.472089
0.524394
0.541497
0.529166
0.507695
0.50985
0.51372
0.457763
0.374115
0.355176
0.379208
0.359797
0.340907
0.399344
0.478452
0.52228
0.564856
0.580852
0.499419
0.377684
0.337422
0.409162
0.550083
0.703155
0.813446
0.861152
0.881892
0.901323
0.90521
0.896839
0.885467
0.864407
0.827851
0.758695
0.640873
0.505337
0.413016
0.389222
0.422089
0.478597
0.519077
0.520437
0.475985
0.402373
0.320289
0.303464
0.469568
0.731063
0.859927
0.862374
0.845161
0.8714
0.701536
0.247059
0
0
0
0
0
0
0
0
0
0
0
0
0
0
0
0
0
0
0
0
0
0
0
0
0
0
0
0
0
0
0
0
0
0
0
0
0
0
0
0
0
0
0
0
0
0
0
0
0.248887
0.710051
0.868003
0.804558
0.81178
0.815724
0.713322
0.524446
0.391602
0.369008
0.425532
0.541128
0.670284
0.776849
0.851399
0.849492
0.768884
0.711458
0.711503
0.712649
0.749663
0.823028
0.842485
0.771598
0.623024
0.519297
0.554791
0.605742
0.565467
0.499012
0.490244
0.530452
0.554333
0.522825
0.447055
0.368978
0.318651
0.302508
0.348946
0.433752
0.450864
0.400064
0.370598
0.370138
0.359177
0.356758
0.410749
0.497528
0.580478
0.680292
0.783607
0.845022
0.873398
0.88849
0.886583
0.872548
0.860943
0.858898
0.851278
0.82679
0.772023
0.65539
0.507149
0.403115
0.373644
0.404457
0.454187
0.477927
0.455834
0.410657
0.397336
0.486553
0.682222
0.835929
0.865784
0.848325
0.860737
0.926773
0.485767
0
0
0
0
0
0
0
0
0
0
0
0
0
0
0
0
0
0
0
0
0
0
0
0
0
0
0
0
0
0
0
0
0
0
0
0
0
0
0
0
0
0
0
0
0
0
0
0
0
0
0.239927
0.684366
0.845201
0.800146
0.8103
0.797175
0.691594
0.504018
0.324508
0.269493
0.378798
0.564469
0.734032
0.838814
0.813271
0.697729
0.646402
0.667932
0.683361
0.739947
0.827765
0.845536
0.776791
0.6625
0.603065
0.641606
0.661068
0.59575
0.526118
0.515161
0.530316
0.531893
0.52729
0.505784
0.420471
0.299746
0.250214
0.320298
0.415157
0.400145
0.301138
0.229333
0.221318
0.261173
0.338723
0.439145
0.502193
0.533373
0.619141
0.740836
0.822991
0.855056
0.85404
0.851178
0.860927
0.872989
0.878354
0.853265
0.807373
0.77554
0.726665
0.62716
0.512202
0.41982
0.367037
0.348357
0.328082
0.309311
0.359763
0.517166
0.713128
0.843276
0.870318
0.839936
0.830153
0.889472
0.718373
0.248675
0
0
0
0
0
0
0
0
0
0
0
0
0
0
0
0
0
0
0
0
0
0
0
0
0
0
0
0
0
0
0
0
0
0
0
0
0
0
0
0
0
0
0
0
0
0
0
0
0
0
0
0.474281
0.894458
0.810098
0.789314
0.809483
0.786543
0.648135
0.402787
0.226792
0.281187
0.496577
0.709035
0.80064
0.715641
0.571842
0.543959
0.593524
0.645671
0.738619
0.835265
0.851766
0.782611
0.676243
0.617995
0.626768
0.635647
0.616168
0.592221
0.570195
0.532454
0.495055
0.504368
0.537201
0.475337
0.316377
0.225575
0.278712
0.373148
0.377069
0.290992
0.213298
0.201033
0.249314
0.339065
0.429916
0.468063
0.498124
0.601289
0.720011
0.787955
0.813385
0.799453
0.795164
0.841288
0.894454
0.90067
0.839978
0.746243
0.686671
0.672141
0.655967
0.607803
0.511531
0.384975
0.283483
0.218567
0.215649
0.36778
0.647084
0.845928
0.884455
0.844394
0.799506
0.832934
0.682596
0.24234
0
0
0
0
0
0
0
0
0
0
0
0
0
0
0
0
0
0
0
0
0
0
0
0
0
0
0
0
0
0
0
0
0
0
0
0
0
0
0
0
0
0
0
0
0
0
0
0
0
0
0
0
0.492424
0.947102
0.859445
0.79307
0.790392
0.806725
0.753049
0.554026
0.334276
0.327884
0.530482
0.735331
0.765576
0.60189
0.442864
0.453131
0.548126
0.645419
0.751963
0.832499
0.845984
0.78493
0.676071
0.591854
0.578038
0.618343
0.659589
0.660985
0.627192
0.565971
0.497685
0.487355
0.536668
0.50361
0.350387
0.253786
0.296606
0.372953
0.37708
0.309714
0.249456
0.257362
0.311659
0.363839
0.400351
0.427656
0.495583
0.625409
0.720442
0.751397
0.764236
0.737707
0.710525
0.763676
0.855172
0.882396
0.809673
0.677374
0.567388
0.537613
0.570404
0.601935
0.551388
0.415649
0.298139
0.271774
0.365221
0.57583
0.795679
0.888012
0.861735
0.798704
0.789596
0.882775
0.475139
0
0
0
0
0
0
0
0
0
0
0
0
0
0
0
0
0
0
0
0
0
0
0
0
0
0
0
0
0
0
0
0
0
0
0
0
0
0
0
0
0
0
0
0
0
0
0
0
0
0
0
0
0
0.249473
0.734244
0.927869
0.838264
0.778748
0.784287
0.798534
0.722558
0.560724
0.487982
0.599385
0.74261
0.711935
0.511199
0.376992
0.439813
0.583118
0.692834
0.760126
0.800736
0.813901
0.780744
0.690118
0.593476
0.581318
0.662908
0.731662
0.719568
0.672972
0.616479
0.535493
0.488559
0.512846
0.485949
0.361395
0.292977
0.340443
0.400415
0.401965
0.355706
0.318395
0.340915
0.376181
0.367381
0.362186
0.415229
0.535693
0.674611
0.735932
0.737669
0.738519
0.687866
0.606223
0.617146
0.731221
0.819768
0.786454
0.651264
0.506441
0.446676
0.489896
0.558267
0.535543
0.421548
0.363312
0.47044
0.664721
0.819862
0.893151
0.883635
0.820861
0.780902
0.840519
0.696316
0.246536
0
0
0
0
0
0
0
0
0
0
0
0
0
0
0
0
0
0
0
0
0
0
0
0
0
0
0
0
0
0
0
0
0
0
0
0
0
0
0
0
0
0
0
0
0
0
0
0
0
0
0
0
0
0
0.247649
0.726686
0.899106
0.792474
0.753594
0.79204
0.824316
0.774117
0.67632
0.644366
0.659429
0.579879
0.422327
0.374575
0.496813
0.65359
0.722279
0.720766
0.721812
0.74579
0.751648
0.693147
0.614618
0.624941
0.722601
0.767735
0.707754
0.647473
0.62809
0.585238
0.533593
0.515423
0.454006
0.344775
0.302902
0.334396
0.371014
0.397247
0.407406
0.406961
0.42137
0.419192
0.38332
0.383135
0.463186
0.596682
0.716269
0.755955
0.745676
0.730782
0.649431
0.510958
0.464728
0.583222
0.742551
0.777567
0.683198
0.563039
0.505376
0.531656
0.573099
0.530236
0.436102
0.461016
0.658479
0.838384
0.898261
0.895967
0.841604
0.782014
0.813438
0.669148
0.237206
0
0
0
0
0
0
0
0
0
0
0
0
0
0
0
0
0
0
0
0
0
0
0
0
0
0
0
0
0
0
0
0
0
0
0
0
0
0
0
0
0
0
0
0
0
0
0
0
0
0
0
0
0
0
0
0
0.495059
0.941475
0.82822
0.748864
0.762914
0.830446
0.870044
0.824973
0.705379
0.56115
0.422843
0.337829
0.381108
0.53826
0.680563
0.708835
0.670578
0.655655
0.685911
0.709842
0.67386
0.629408
0.665628
0.751104
0.749611
0.643495
0.574639
0.585159
0.585068
0.55884
0.520999
0.427235
0.332859
0.313021
0.303176
0.282681
0.317869
0.39556
0.453078
0.473928
0.463479
0.443563
0.457288
0.517143
0.609198
0.70952
0.761839
0.747402
0.693801
0.581561
0.435688
0.37925
0.49268
0.677017
0.743383
0.685083
0.628162
0.617706
0.621643
0.601618
0.54236
0.506983
0.604739
0.774215
0.87034
0.885945
0.854048
0.793424
0.788148
0.881721
0.473712
0
0
0
0
0
0
0
0
0
0
0
0
0
0
0
0
0
0
0
0
0
0
0
0
0
0
0
0
0
0
0
0
0
0
0
0
0
0
0
0
0
0
0
0
0
0
0
0
0
0
0
0
0
0
0
0
0
0.249022
0.719968
0.886118
0.792048
0.754415
0.790131
0.860249
0.88605
0.801227
0.611584
0.42534
0.34333
0.380836
0.504815
0.627035
0.678805
0.68731
0.688556
0.688277
0.683578
0.664635
0.662377
0.710691
0.768215
0.74556
0.641619
0.564493
0.545546
0.529113
0.51722
0.489969
0.40097
0.339693
0.34579
0.298511
0.221203
0.246935
0.362256
0.462516
0.496416
0.489165
0.493866
0.529268
0.564969
0.604491
0.681268
0.748857
0.727734
0.619435
0.481322
0.377517
0.359963
0.465331
0.623445
0.669858
0.615938
0.60077
0.626137
0.616831
0.581717
0.576583
0.63372
0.755803
0.861409
0.890629
0.864804
0.808189
0.785775
0.854235
0.701664
0.245302
0
0
0
0
0
0
0
0
0
0
0
0
0
0
0
0
0
0
0
0
0
0
0
0
0
0
0
0
0
0
0
0
0
0
0
0
0
0
0
0
0
0
0
0
0
0
0
0
0
0
0
0
0
0
0
0
0
0
0.242063
0.702306
0.877888
0.801273
0.76711
0.807013
0.869141
0.869428
0.771706
0.611645
0.474519
0.412311
0.43235
0.508241
0.610836
0.712705
0.752618
0.714087
0.671013
0.677763
0.727156
0.77859
0.793514
0.7622
0.690112
0.606009
0.535755
0.491026
0.498175
0.491357
0.408009
0.370336
0.403586
0.349285
0.246498
0.264136
0.388744
0.489169
0.506775
0.498387
0.539366
0.615494
0.650595
0.648119
0.678227
0.728933
0.700438
0.561862
0.410307
0.340647
0.360227
0.464392
0.594425
0.620025
0.564749
0.550666
0.564954
0.557216
0.576188
0.658415
0.76954
0.868292
0.914985
0.899676
0.833103
0.778245
0.82291
0.679092
0.240763
0
0
0
0
0
0
0
0
0
0
0
0
0
0
0
0
0
0
0
0
0
0
0
0
0
0
0
0
0
0
0
0
0
0
0
0
0
0
0
0
0
0
0
0
0
0
0
0
0
0
0
0
0
0
0
0
0
0
0
0
0.241382
0.464198
0.641267
0.796443
0.772501
0.82773
0.877584
0.869067
0.791023
0.671473
0.552344
0.458527
0.441622
0.528857
0.664653
0.740692
0.722932
0.690224
0.715038
0.786389
0.833936
0.804739
0.747073
0.699366
0.623862
0.528168
0.480102
0.521212
0.532188
0.438639
0.399876
0.459477
0.452119
0.376677
0.385079
0.474314
0.528828
0.531017
0.557135
0.642444
0.72363
0.731323
0.694637
0.684223
0.700672
0.668982
0.542474
0.388338
0.313241
0.350777
0.481711
0.613169
0.625907
0.563613
0.536047
0.538944
0.556961
0.641782
0.774967
0.883689
0.93792
0.930913
0.876179
0.792932
0.781518
0.884043
0.475969
0
0
0
0
0
0
0
0
0
0
0
0
0
0
0
0
0
0
0
0
0
0
0
0
0
0
0
0
0
0
0
0
0
0
0
0
0
0
0
0
0
0
0
0
0
0
0
0
0
0
0
0
0
0
0
0
0
0
0
0
0
0
0
0.45982
0.862617
0.788287
0.799214
0.853853
0.882323
0.868658
0.843019
0.784069
0.64129
0.510191
0.508144
0.596525
0.682068
0.730638
0.752901
0.776205
0.811304
0.834379
0.778299
0.696178
0.665238
0.612536
0.525307
0.487379
0.526401
0.523315
0.434093
0.399047
0.4756
0.545852
0.546858
0.545287
0.556536
0.557586
0.592481
0.684079
0.768032
0.773118
0.713263
0.658304
0.642043
0.645567
0.635492
0.558829
0.407145
0.291437
0.317932
0.477873
0.623626
0.625326
0.562222
0.547714
0.571882
0.622841
0.741125
0.877242
0.946974
0.950548
0.912689
0.834275
0.774598
0.834653
0.696724
0.24583
0
0
0
0
0
0
0
0
0
0
0
0
0
0
0
0
0
0
0
0
0
0
0
0
0
0
0
0
0
0
0
0
0
0
0
0
0
0
0
0
0
0
0
0
0
0
0
0
0
0
0
0
0
0
0
0
0
0
0
0
0
0
0
0.488525
0.935204
0.840899
0.77125
0.782223
0.840918
0.880529
0.909192
0.931728
0.836768
0.647613
0.559378
0.600077
0.684962
0.780547
0.850468
0.840281
0.797233
0.790331
0.716238
0.630669
0.63687
0.622208
0.5607
0.528646
0.526222
0.493645
0.436092
0.415596
0.48624
0.596811
0.648598
0.63282
0.587282
0.57688
0.66925
0.774966
0.784653
0.698933
0.600191
0.560824
0.556744
0.568072
0.597618
0.589746
0.465373
0.308775
0.279635
0.408365
0.553336
0.58826
0.577934
0.607842
0.65583
0.710774
0.819595
0.925031
0.94791
0.911739
0.854404
0.802405
0.819682
0.667643
0.237634
0
0
0
0
0
0
0
0
0
0
0
0
0
0
0
0
0
0
0
0
0
0
0
0
0
0
0
0
0
0
0
0
0
0
0
0
0
0
0
0
0
0
0
0
0
0
0
0
0
0
0
0
0
0
0
0
0
0
0
0
0
0
0
0
0.249052
0.733598
0.910544
0.774262
0.692978
0.751917
0.854878
0.916057
0.956664
0.932782
0.788774
0.68815
0.743111
0.591317
0.4122
0.454547
0.626178
0.754749
0.737744
0.644259
0.552169
0.602343
0.639851
0.616845
0.578848
0.545149
0.521097
0.504922
0.494432
0.541284
0.623551
0.649146
0.5989
0.536621
0.560318
0.691323
0.757442
0.693889
0.578924
0.503163
0.494109
0.486242
0.485851
0.516287
0.551423
0.506828
0.384657
0.309577
0.365603
0.494704
0.605231
0.683388
0.731351
0.763504
0.801566
0.871459
0.928387
0.909672
0.842588
0.794828
0.826329
0.910939
0.479004
0
0
0
0
0
0
0
0
0
0
0
0
0
0
0
0
0
0
0
0
0
0
0
0
0
0
0
0
0
0
0
0
0
0
0
0
0
0
0
0
0
0
0
0
0
0
0
0
0
0
0
0
0
0
0
0
0
0
0
0
0
0
0
0
0
0
0.24887
0.72178
0.868079
0.732242
0.714395
0.821191
0.910499
0.933172
0.927979
0.871315
0.831612
0.654696
0.232963
0
0
0.362727
0.709943
0.699697
0.586976
0.4721
0.506047
0.572294
0.607758
0.592275
0.577626
0.595932
0.600402
0.605688
0.63626
0.617291
0.542346
0.4566
0.416497
0.500568
0.647609
0.677215
0.603649
0.520455
0.480593
0.472572
0.445938
0.424838
0.426441
0.463054
0.504853
0.492887
0.450795
0.477313
0.607297
0.771853
0.862184
0.858176
0.851672
0.873766
0.901806
0.901707
0.83854
0.77431
0.801935
0.901605
0.726544
0.248785
0
0
0
0
0
0
0
0
0
0
0
0
0
0
0
0
0
0
0
0
0
0
0
0
0
0
0
0
0
0
0
0
0
0
0
0
0
0
0
0
0
0
0
0
0
0
0
0
0
0
0
0
0
0
0
0
0
0
0
0
0
0
0
0
0
0
0
0.247666
0.469311
0.633663
0.803927
0.82103
0.878522
0.89591
0.889501
0.877922
0.889707
0.454777
0
0
0.23085
0.585281
0.723577
0.720024
0.601862
0.45596
0.410816
0.465683
0.541845
0.574604
0.625706
0.68372
0.687233
0.714068
0.708836
0.555133
0.391651
0.319848
0.33162
0.459863
0.591149
0.592769
0.559189
0.524349
0.489515
0.46537
0.4419
0.441678
0.444404
0.457268
0.510439
0.576466
0.622345
0.697057
0.580984
0.698544
0.955063
0.898934
0.880949
0.886258
0.875256
0.83581
0.779649
0.782262
0.875649
0.716305
0.246767
0
0
0
0
0
0
0
0
0
0
0
0
0
0
0
0
0
0
0
0
0
0
0
0
0
0
0
0
0
0
0
0
0
0
0
0
0
0
0
0
0
0
0
0
0
0
0
0
0
0
0
0
0
0
0
0
0
0
0
0
0
0
0
0
0
0
0
0
0
0
0.231683
0.680335
0.878239
0.862967
0.874855
0.880589
0.878749
0.898024
0.458389
0
0
0.23085
0.647627
0.833336
0.809436
0.715816
0.558673
0.447055
0.475035
0.54439
0.593896
0.694217
0.741248
0.691626
0.694184
0.651742
0.475118
0.349471
0.335147
0.368059
0.477229
0.562825
0.558828
0.550082
0.533605
0.522392
0.511946
0.514803
0.558298
0.583958
0.569623
0.585739
0.655029
0.738727
0.842881
0.694691
0.717544
0.914861
0.873481
0.864043
0.832306
0.78563
0.771583
0.809871
0.887824
0.711223
0.244871
0
0
0
0
0
0
0
0
0
0
0
0
0
0
0
0
0
0
0
0
0
0
0
0
0
0
0
0
0
0
0
0
0
0
0
0
0
0
0
0
0
0
0
0
0
0
0
0
0
0
0
0
0
0
0
0
0
0
0
0
0
0
0
0
0
0
0
0
0
0
0
0
0.240557
0.701322
0.900034
0.887096
0.896849
0.896507
0.902869
0.69466
0.239277
0
0
0.48137
0.930079
0.88253
0.840545
0.73414
0.609857
0.600371
0.643166
0.678086
0.757855
0.747187
0.631471
0.598379
0.576251
0.495348
0.479271
0.503393
0.492274
0.528692
0.587018
0.588951
0.566294
0.575053
0.619705
0.632923
0.637263
0.687166
0.729615
0.727175
0.737046
0.7745
0.800849
0.846041
0.912942
0.917279
0.880163
0.871946
0.848427
0.775685
0.738758
0.800276
0.905911
0.726353
0.248085
0
0
0
0
0
0
0
0
0
0
0
0
0
0
0
0
0
0
0
0
0
0
0
0
0
0
0
0
0
0
0
0
0
0
0
0
0
0
0
0
0
0
0
0
0
0
0
0
0
0
0
0
0
0
0
0
0
0
0
0
0
0
0
0
0
0
0
0
0
0
0
0
0
0
0.24132
0.710922
0.932222
0.923822
0.916984
0.90723
0.918171
0.702501
0.467914
0.473015
0.718685
0.922883
0.883101
0.880788
0.847151
0.755238
0.71624
0.750103
0.781518
0.810053
0.783954
0.709705
0.694677
0.69352
0.668414
0.686075
0.681022
0.609335
0.593805
0.654216
0.685042
0.680956
0.697518
0.725161
0.725868
0.719683
0.753295
0.797581
0.818808
0.832732
0.83893
0.82751
0.840054
0.891427
0.908976
0.895304
0.886578
0.852602
0.809419
0.828905
0.66183
0.478443
0.248215
0
0
0
0
0
0
0
0
0
0
0
0
0
0
0
0
0
0
0
0
0
0
0
0
0
0
0
0
0
0
0
0
0
0
0
0
0
0
0
0
0
0
0
0
0
0
0
0
0
0
0
0
0
0
0
0
0
0
0
0
0
0
0
0
0
0
0
0
0
0
0
0
0
0
0
0
0.244127
0.728642
0.961242
0.940387
0.915536
0.909014
0.928391
0.947558
0.961002
0.949771
0.906585
0.868975
0.852687
0.840046
0.793983
0.759769
0.786738
0.822109
0.839956
0.856733
0.872185
0.885708
0.880812
0.861858
0.85411
0.813733
0.740559
0.73252
0.796963
0.847749
0.847294
0.814038
0.782053
0.768353
0.768872
0.783768
0.803623
0.820319
0.83619
0.851056
0.871363
0.902477
0.929743
0.927531
0.905564
0.890185
0.891773
0.914903
0.702968
0.237119
0
0
0
0
0
0
0
0
0
0
0
0
0
0
0
0
0
0
0
0
0
0
0
0
0
0
0
0
0
0
0
0
0
0
0
0
0
0
0
0
0
0
0
0
0
0
0
0
0
0
0
0
0
0
0
0
0
0
0
0
0
0
0
0
0
0
0
0
0
0
0
0
0
0
0
0
0
0
0
0.248846
0.492339
0.721866
0.939445
0.922641
0.937006
0.966591
0.979057
0.964826
0.943096
0.910179
0.865637
0.833287
0.809869
0.789575
0.7912
0.808799
0.828762
0.863611
0.904648
0.923595
0.921209
0.916835
0.917199
0.90177
0.872992
0.875395
0.907957
0.922511
0.896276
0.847567
0.811506
0.798859
0.798627
0.802619
0.812223
0.836266
0.875166
0.917128
0.948898
0.957086
0.941743
0.923449
0.914611
0.923889
0.704989
0.485268
0.248001
0
0
0
0
0
0
0
0
0
0
0
0
0
0
0
0
0
0
0
0
0
0
0
0
0
0
0
0
0
0
0
0
0
0
0
0
0
0
0
0
0
0
0
0
0
0
0
0
0
0
0
0
0
0
0
0
0
0
0
0
0
0
0
0
0
0
0
0
0
0
0
0
0
0
0
0
0
0
0
0
0
0
0.245042
0.479795
0.711889
0.717098
0.486947
0.719559
0.932493
0.928639
0.939073
0.926504
0.905476
0.89408
0.877564
0.858271
0.850937
0.853194
0.865445
0.8836
0.892354
0.890529
0.88955
0.897084
0.902357
0.896456
0.891374
0.89006
0.881821
0.862954
0.844542
0.836218
0.832995
0.838029
0.856536
0.884684
0.921517
0.707981
0.733248
0.984673
0.951292
0.917204
0.922908
0.951251
0.726112
0.243609
0
0
0
0
0
0
0
0
0
0
0
0
0
0
0
0
0
0
0
0
0
0
0
0
0
0
0
0
0
0
0
0
0
0
0
0
0
0
0
0
0
0
0
0
0
0
0
0
0
0
0
0
0
0
0
0
0
0
0
0
0
0
0
0
0
0
0
0
0
0
0
0
0
0
0
0
0
0
0
0
0
0
0
0
0
0
0.245259
0.245259
0
0.462064
0.891481
0.857907
0.876176
0.909217
0.938532
0.715273
0.715888
0.941039
0.919574
0.909107
0.908443
0.915507
0.921622
0.918787
0.908112
0.901039
0.897465
0.890278
0.884523
0.883348
0.879593
0.870643
0.870008
0.885092
0.906405
0.92932
0.701487
0.471036
0.736395
0.735366
0.726403
0.9665
0.943451
0.935275
0.711439
0.488622
0.248424
0
0
0
0
0
0
0
0
0
0
0
0
0
0
0
0
0
0
0
0
0
0
0
0
0
0
0
0
0
0
0
0
0
0
0
0
0
0
0
0
0
0
0
0
0
0
0
0
0
0
0
0
0
0
0
0
0
0
0
0
0
0
0
0
0
0
0
0
0
0
0
0
0
0
0
0
0
0
0
0
0
0
0
0
0
0
0
0
0
0
0.482495
0.934383
0.881754
0.858389
0.865221
0.894808
0.689463
0.708431
0.94208
0.926393
0.919173
0.91709
0.924845
0.93644
0.939692
0.932667
0.92806
0.92841
0.925736
0.921622
0.919214
0.912767
0.902215
0.903798
0.927291
0.960285
0.984982
0.742576
0.488118
0.727166
0.959495
0.954227
0.966767
0.725297
0.48235
0.244201
0
0
0
0
0
0
0
0
0
0
0
0
0
0
0
0
0
0
0
0
0
0
0
0
0
0
0
0
0
0
0
0
0
0
0
0
0
0
0
0
0
0
0
0
0
0
0
0
0
0
0
0
0
0
0
0
0
0
0
0
0
0
0
0
0
0
0
0
0
0
0
0
0
0
0
0
0
0
0
0
0
0
0
0
0
0
0
0
0
0
0
0
0.248921
0.489303
0.46848
0.693944
0.921704
0.918138
0.935532
0.941718
0.930977
0.928519
0.927083
0.913066
0.905273
0.919388
0.934582
0.934653
0.933707
0.936983
0.936734
0.930538
0.924823
0.919642
0.909858
0.901379
0.911821
0.944752
0.9714
0.975004
0.971376
0.96881
0.967401
0.725811
0.490496
0.248521
0
0
0
0
0
0
0
0
0
0
0
0
0
0
0
0
0
0
0
0
0
0
0
0
0
0
0
0
0
0
0
0
0
0
0
0
0
0
0
0
0
0
0
0
0
0
0
0
0
0
0
0
0
0
0
0
0
0
0
0
0
0
0
0
0
0
0
0
0
0
0
0
0
0
0
0
0
0
0
0
0
0
0
0
0
0
0
0
0
0
0
0
0
0
0
0
0
0.246804
0.488426
0.48326
0.483537
0.479239
0.472514
0.472498
0.719905
0.952383
0.935685
0.943692
0.713218
0.711361
0.944454
0.938271
0.937544
0.929742
0.925337
0.928921
0.927687
0.91691
0.916787
0.944278
0.723498
0.481526
0.483257
0.488913
0.494495
0.248546
0
0
0
0
0
0
0
0
0
0
0
0
0
0
0
0
0
0
0
0
0
0
0
0
0
0
0
0
0
0
0
0
0
0
0
0
0
0
0
0
0
0
0
0
0
0
0
0
0
0
0
0
0
0
0
0
0
0
0
0
0
0
0
0
0
0
0
0
0
0
0
0
0
0
0
0
0
0
0
0
0
0
0
0
0
0
0
0
0
0
0
0
0
0
0
0
0
0
0
0
0
0
0
0
0
0
0.248364
0.492463
0.485738
0.485973
0.244334
0.242235
0.477886
0.472333
0.472831
0.469406
0.468127
0.471981
0.474302
0.472184
0.472656
0.482745
0.245082
0
0
0
0
0
0
0
0
0
0
0
0
0
0
0
0
0
0
0
0
0
0
0
0
0
0
0
0
0
0
0
0
0
0
0
0
0
0
0
0
0
0
0
0
0
0
0
0
0
0
0
0
0
0
0
0
0
0
0
0
0
0
0
0
0
0
0
0
0
0
0
0
0
0
0
0
0
0
0
0
0
0
0
0
0
0
0
0
0
0
0
0
0
0
0
0
0
0
0
0
0
0
0
0
0
0
0
0
0
0
0
0
0
0
0
0
0
0
0
0
0
0
0
0
0
0
0
0
0
0
0
0
0
0
0
0
0
0
0
0
0
0
0
0
0
0
0
0
0
0
0
0
0
0
0
0
0
0
0
0
0
0
0
0
0
0
0
0
0
0
0
0
0
0
0
0
0
0
0
0
0
0
0
0
0
0
0
0
0
0
0
0
0
0
0
0
0
0
0
0
0
0
0
0
0
0
0
0
0
0
0
0
0
0
0
0
0
0
0
0
0
0
0
0
0
0
0
0
0
0
0
0
0
0
0
0
0
0
0
0
0
0
0
0
0
0
0
0
0
0
0
0
0
0
0
0
0
0
0
0
0
0
0
0
0
0
0
0
0
0
0
0
0
0
0
0
0
0
0
0
0
0
0
0
0
0
0
0
0
0
0
0
0
0
0
0
0
0
0
0
0
0
0
0
0
0
0
0
0
0
0
0
0
0
0
0
0
0
0
0
0
0
0
0
0
0
0
0
0
0
0
0
0
0
0
0
0
0
0
0
0
0
0
0
0
0
0
0
0
0
0
0
0
0
0
0
0
0
0
0
0
0
0
0
0
0
0
0
0
0
0
0
0
0
0
0
0
0
0
0
0
0
0
0
0
0
0
0
0
0
0
0
0
0
0
0
0
0
0
0
0
0
0
0
0
0
0
0
0
0
0
0
0
0
0
0
0
0
0
0
0
0
0
0
0
0
0
0
0
0
0
0
0
0
0
0
0
0
0
0
0
0
0
0
0
0
0
0
0
0
0
0
0
0
0
0
0
0
0
0
0
0
0
0
0
0
0
0
0
0
0
0
0
0
0
0
0
0
0
0
0
0
0
0
0
0
0
0
0
0
0
0
0
0
0
0
0
0
0
0
0
0
0
0
0
0
0
0
0
0
0
0
0
0
0
0
0
0
0
0
0
0
0
0
0
0
0
0
0
0
0
0
0
0
0
0
0
0
0
0
0
0
0
0
0
0
0
0
0
0
0
0
0
0
0
0
0
0
0
0
0
0
0
0
0
0
0
0
0
0
0
0
0
0
0
0
0
0
0
0
0
0
0
0
0
0
0
0
0
0
0
0
0
0
0
0
0
0
0
0
0
0
0
0
0
0
0
0
0
0
0
0
0
0
0
0
0
0
0
0
0
0
0
0
0
0
0
0
0
0
0
0
0
0
0
0
0
0
0
0
0
0
0
0
0
0
0
0
0
0
0
0
0
0
0
0
0
0
0
0
0
0
0
0
0
0
0
0
0
0
0
0
0
0
0
0
0
0
0
0
0
0
0
0
0
0
0
0
0
0
0
0
0
0
0
0
0
0
0
0
0
0
0
0
0
0
0
0
0
0
0
0
0
0
0
0
0
0
0
0
0
0
0
0
0
0
0
0
0
0
0
0
0
0
0
0
0
0
0
0
0
0
0
0
0
0
0
0
0
0
0
0
0
0
0
0
0
0
0
0
0
0
0
0
0
0
0
0
0
0
0
0
0
0
0
0
0
0
0
0
0
0
0
0
0
0
0
0
0
0
0
0
0
0
0
0
0
0
0
0
0
0
0
0
0
0
0
0
0
0
0
0
0
0
0
0
0
0
0
0
0
0
0
0
0
0
0
0
0
0
0
0
0
0
0
0
0
0
0
0
0
0
0
0
0
0
0
0
0
0
0
0
0
0
0
0
0
0
0
0
0
0
0
0
0
0
0
0
0
0
0
0
0
0
0
0
0
0
0
0
0
0
0
0
0
0
0
0
0
0
0
0
0
0
0
0
0
0
0
0
0
0
0
0
0
0
0
0
0
0
0
0
0
0
0
0
0
0
0
0
0
0
0
0
0
0
0
0
0
0
0
0
0
0
0
0
0
0
0
0
0
0
0
0
0
0
0
0
0
0
0
0
0
0
0
0
0
0
0
0
0
0
0
0
0
0
0
0
0
0
0
0
0
0
0
0
0
0
0
0
0
0
0
0
0
0
0
0
0
0
0
0
0
0
0
0
0
0
0
0
0
0
0
0
0
0
0
0
0
0
0
0
0
0
0
0
0
0
0
0
0
0
0
0
0
0
0
0
0
0
0
0
0
0
0
0
0
0
0
0
0
0
0
0
0
0
0
0
0
0
0
0
0
0
0
0
0
0
0
0
0
0
0
0
0
0
0
0
0
0
0
0
0
0
0
0
0
0
0
0
0
0
0
0
0
0
0
0
0
0
0
0
0
0
0
0
0
0
0
0
0
0
0
0
0
0
0
0
0
0
0
0
0
0
0
0
0
0
0
0
0
0
0
0
0
0
0
0
0
0
0
0
0
0
0
0
0
0
0
0
0
0
0
0
0
0
0
0
0
0
0
0
0
0
0
0
0
0
0
0
0
0
0
0
0
0
0
0
0
0
0
0
0
0
0
0
0
0
0
0
0
0
0
0
0
0
0
0
0
0
0
0
0
0
0
0
0
0
0
0
0
0
0
0
0
0
0
0
0
0
0
0
0
0
0
0
0
0
0
0
0
0
0
0
0
0
0
0
0
0
0
0
0
0
0
0
0
0
0
0
0
0
0
0
0
0
0
0
0
0
0
0
0
0
0
0
0
0
0
0
0
0
0
0
0
0
0
0
0
0
0
0
0
0
0
0
0
0
0
0
0
0
0
0
0
0
0
0
0
0
0
0
0
0
0
0
0
0
0
0
0
0
0
0
0
0
0
0
0
0
0
0
0
0
0
0
0
0
0
0
0
0
0
0
0
0
0
0
0
0
0
0
0
0
0
0
0
0
0
0
0
0
0
0
0
0
0
0
0
0
0
0
0
0
0
0
0
0
0
0
0
0
0
0
0
0
0
0
0
0
0
0
0
0
0
0
0
0
0
0
0
0
0
0
0
0
0
0
0
0
0
0
0
0
0
0
0
0
0
0
0
0
0
0
0
0
0
0
0
0
0
0
0
0
0
0
0
0
0
0
0
0
0
0
0
0
0
0
0
0
0
0
0
0
0
0
0
0
0
0
0
0
0
0
0
0
0
0
0
0
0
0
0
0
0
0
0
0
0
0
0
0
