1
0
0
0
0
0
0
0
0
0
0
0
0
0
0
0
0
0
0
0
0
0
0
0
0
0
0
0
0
0
0
0
0
0
0
0
0
0
0
0
0
0
0
0
0
0
0
0
0
0
0
0
0
0
0
0
0
0
0
0
0
0
0
0
0
0
0
0
0
0
0
0
0
0
0
0
0
0
0
0
0
0
0
0
0
0
0
0
0
0
0
0
0
0
0
0
0
0
0
0
0
0
0
0
0
0
0
0
0
0
0
0
0
0
0
0
0
0
0
0
0
0
0
0
0
0
0
0
0
0
0
0
0
0
0
0
0
0
0
0
0
0
0
0
0
0
0
0
0
0
0
0
0
0
0
0
0
0
0
0
0
0
0
0
0
0
0
0
0
0
0
0
0
0
0
0
0
0
0
0
0
0
0
0
0
0
0
0
0
0
0
0
0
0
0
0
0
0
0
0
0
0
0
0
0
0
0
0
0
0
0
0
0
0
0
0
0
0
0
0
0
0
0
0
0
0
0
0
0
0
0
0
0
0
0
0
0
0
0
0
0
0
0
0
0
0
0
0
0
0
0
0
0
0
0
0
0
0
0
0
0
0
0
0
0
0
0
0
0
0
0
0
0
0
0
0
0
0
0
0
0
0
0
0
0
0
0
0
0
0
0
0
0
0
0
0
0
0
0
0
0
0
0
0
0
0
0
0
0
0
0
0
0
0
0
0
0
0
0
0
0
0
0
0
0
0
0
0
0
0
0
0
0
0
0
0
0
0
0
0
0
0
0
0
0
0
0
0
0
0
0
0
0
0
0
0
0
0
0
0
0
0
0
0
0
0
0
0
0
0
0
0
0
0
0
0
0
0
0
0
0
0
0
0
0
0
0
0
0
0
0
0
0
0
0
0
0
0
0
0
0
0
0
0
0
0
0
0
0
0
0
0
0
0
0
0
0
0
0
0
0
0
0
0
0
0
0
0
0
0
0
0
0
0
0
0
0
0
0
0
0
0
0
0
0
0
0
0
0
0
0
0
0
0
0
0
0
0
0
0
0
0
0
0
0
0
0
0
0
0
0
0
0
0
0
0
0
0
0
0
0
0
0
0
0
0
0
0
0
0
0
0
0
0
0
0
0
0
0
0
0
0
0
0
0
0
0
0
0
0
0
0
0
0
0
0
0
0
0
0
0
0
0
0
0
0
0
0
0
0
0
0
0
0
0
0
0
0
0
0
0
0
0
0
0
0
0
0
0
0
0
0
0
0
0
0
0
0
0
0
0
0
0
0
0
0
0
0
0
0
0
0
0
0
0
0
0
0
0
0
0
0
0
0
0
0
0
0
0
0
0
0
0
0
0
0
0
0
0
0
0
0
0
0
0
0
0
0
0
0
0
0
0
0
0
0
0
0
0
0
0
0
0
0
0
0
0
0
0
0
0
0
0
0
0
0
0
0
0
0
0
0
0
0
0
0
0
0
0
0
0
0
0
0
0
0
0
0
0
0
0
0
0
0
0
0
0
0
0
0
0
0
0
0
0
0
0
0
0
0
0
0
0
0
0
0
0
0
0
0
0
0
0
0
0
0
0
0
0
0
0
0
0
0
0
0
0
0
0
0
0
0
0
0
0
0
0
0
0
0
0
0
0
0
0
0
0
0
0
0
0
0
0
0
0
0
0
0
0
0
0
0
0
0
0
0
0
0
0
0
0
0
0
0
0
0
0
0
0
0
0
0
0
0
0
0
0
0
0
0
0
0
0
0
0
0
0
0
0
0
0
0
0
0
0
0
0
0
0
0
0
0
0
0
0
0
0
0
0
0
0
0
0
0
0
0
0
0
0
0
0
0
0
0
0
0
0
0
0
0
0
0
0
0
0
0
0
0
0
0
0
0
0
0
0
0
0
0
0
0
0
0
0
0
0
0
0
0
0
0
0
0
0
0
0
0
0
0
0
0
0
0
0
0
0
0
0
0
0
0
0
0
0
0
0
0
0
0
0
0
0
0
0
0
0
0
0
0
0
0
0
0
0
0
0
0
0
0
0
0
0
0
0
0
0
0
0
0
0
0
0
0
0
0
0
0
0
0
0
0
0
0
0
0
0
0
0
0
0
0
0
0
0
0
0
0
0
0
0
0
0
0
0
0
0
0
0
0
0
0
0
0
0
0
0
0
0
0
0
0
0
0
0
0
0
0
0
0
0
0
0
0
0
0
0
0
0
0
0
0
0
0
0
0
0
0
0
0
0
0
0
0
0
0
0
0
0
0
0
0
0
0
0
0
0
0
0
0
0
0
0
0
0
0
0
0
0
0
0
0
0
0
0
0
0
0
0
0
0
0
0
0
0
0
0
0
0
0
0
0
0
0
0
0
0
0
0
0
0
0
0
0
0
0
0
0
0
0
0
0
0
0
0
0
0
0
0
0
0
0
0
0
0
0
0
0
0
0
0
0
0
0
0
0
0
0
0
0
0
0
0
0
0
0
0
0
0
0
0
0
0
0
0
0
0
0
0
0
0
0
0
0
0
0
0
0
0
0
0
0
0
0
0
0
0
0
0
0
0
0
0
0
0
0
0
0
0
0
0
0
0
0
0
0
0
0
0
0
0
0
0
0
0
0
0
0
0
0
0
0
0
0
0
0
0
0
0
0
0
0
0
0
0
0
0
0
0
0
0
0
0
0
0
0
0
0
0
0
0
0
0
0
0
0
0
0
0
0
0
0
0
0
0
0
0
0
0
0
0
0
0
0
0
0
0
0
0
0
0
0
0
0
0
0
0
0
0
0
0
0
0
0
0
0
0
0
0
0
0
0
0
0
0
0
0
0
0
0
0
0
0
0
0
0
0
0
0
0
0
0
0
0
0
0
0
0
0
0
0
0
0
0
0
0
0
0
0
0
0
0
0
0
0
0
0
0
0
0
0
0
0
0
0
0
0
0
0
0
0
0
0
0
0
0
0
0
0
0
0
0
0
0
0
0
0
0
0
0
0
0
0
0
0
0
0
0
0
0
0
0
0
0
0
0
0
0
0
0
0
0
0
0
0
0
0
0
0
0
0
0
0
0
0
0
0
0
0
0
0
0
0
0
0
0
0
0
0
0
0
0
0
0
0
0
0
0
0
0
0
0
0
0
0
0
0
0
0
0
0
0
0
0
0
0
0
0
0
0
0
0
0
0
0
0
0
0
0
0
0
0
0
0
0
0
0
0
0
0
0
0
0
0
0
0
0
0
0
0
0
0
0
0
0
0
0
0
0
0
0
0
0
0
0
0
0
0
0
0
0
0
0.995108
0.973925
0.964162
0.950965
0.929083
0.92453
0.952179
0.95855
0.956173
0.943651
0.956836
0.920694
0.893917
0.922995
0.929432
0.93814
0.95683
0.949372
0.937557
0.960567
0.993382
0
0
0
0
0
0
0
0
0
0
0
0
0
0
0
0
0
0
0
0
0
0
0
0
0
0
0
0
0
0
0
0
0
0
0
0
0
0
0
0
0
0
0
0
0
0
0
0
0
0
0
0
0
0
0
0
0
0
0
0
0
0
0
0
0
0
0
0
0
0
0
0
0
0
0
0
0
0
0
0
0
0
0
0
0
0
0
0
0
0
0
0
0
0
0
0
0
0
0
0
0
0
0
0
0.975843
0.927642
0.888269
0.862863
0.888847
0.883234
0.857863
0.857276
0.910936
0.908225
0.897569
0.892955
0.889648
0.851586
0.834129
0.878333
0.877202
0.872771
0.898285
0.884391
0.84847
0.844627
0.849941
0.856966
0.890989
0.944478
0.986427
0
0
0
0
0
0
0
0
0
0
0
0
0
0
0
0
0
0
0
0
0
0
0
0
0
0
0
0
0
0
0
0
0
0
0
0
0
0
0
0
0
0
0
0
0
0
0
0
0
0
0
0
0
0
0
0
0
0
0
0
0
0
0
0
0
0
0
0
0
0
0
0
0
0
0
0
0
0
0
0
0
0
0
0
0
0
0
0
0
0
0
0
0
0
0
0
0
0
0.957476
0.881071
0.85244
0.839053
0.804808
0.803137
0.875313
0.895521
0.88896
0.884804
0.90927
0.885183
0.87245
0.889984
0.89552
0.903888
0.927582
0.945649
0.921781
0.905328
0.906898
0.899731
0.87523
0.84283
0.82311
0.810545
0.808647
0.820712
0.888352
0.961993
0.988784
0
0
0
0
0
0
0
0
0
0
0
0
0
0
0
0
0
0
0
0
0
0
0
0
0
0
0
0
0
0
0
0
0
0
0
0
0
0
0
0
0
0
0
0
0
0
0
0
0
0
0
0
0
0
0
0
0
0
0
0
0
0
0
0
0
0
0
0
0
0
0
0
0
0
0
0
0
0
0
0
0
0
0
0
0
0
0
0
0
0
0
0
0
0
0
0
0.934946
0.828007
0.832872
0.894118
0.883413
0.876225
0.939512
0.957222
0.937313
0.901976
0.877697
0.845992
0.761013
0.796792
0.877318
0.90887
0.941826
0.964439
0.963404
0.929159
0.901778
0.898024
0.910197
0.946149
0.99196
0.98738
0.912719
0.828473
0.851015
0.931345
0.972127
0.995316
0
0
0
0
0
0
0
0
0
0
0
0
0
0
0
0
0
0
0
0
0
0
0
0
0
0
0
0
0
0
0
0
0
0
0
0
0
0
0
0
0
0
0
0
0
0
0
0
0
0
0
0
0
0
0
0
0
0
0
0
0
0
0
0
0
0
0
0
0
0
0
0
0
0
0
0
0
0
0
0
0
0
0
0
0
0
0
0
0
0
0
0
0
0
0
0.987751
0.922788
0.940498
0.97224
0.941408
0.939209
0.987106
0
0.969699
0.90928
0.892108
0.889998
0.814867
0.84026
0.905631
0.927832
0.952103
0.974263
0
0
0.945883
0.910653
0.923395
0.959612
0.991278
0.993288
0.957867
0.930031
0.942333
0.965262
0.983241
0.99552
0
0
0
0
0
0
0
0
0
0
0
0
0
0
0
0
0
0
0
0
0
0
0
0
0
0
0
0
0
0
0
0
0
0
0
0
0
0
0
0
0
0
0
0
0
0
0
0
0
0
0
0
0
0
0
0
0
0
0
0
0
0
0
0
0
0
0
0
0
0
0
0
0
0
0
0
0
0
0
0
0
0
0
0
0
0
0
0
0
0
0
0
0
0
0
0.96712
0.910766
0.934544
0.957374
0.953961
0.972164
0
0
0.988078
0.9591
0.96386
0.974857
0.977181
0.991092
0.987372
0.983238
0.990405
0
0
0
0
0.966172
0.97023
0.986689
0.968334
0.939285
0.928325
0.938071
0.967045
0.966346
0.955435
0.976466
0
0.995563
0.99617
0
0
0
0
0
0
0
0
0
0
0
0
0
0
0
0
0
0
0
0
0
0
0
0
0
0
0
0
0
0
0
0
0
0
0
0
0
0
0
0
0
0
0
0
0
0
0
0
0
0
0
0
0
0
0
0
0
0
0
0
0
0
0
0
0
0
0
0
0
0
0
0
0
0
0
0
0
0
0
0
0
0
0
0
0
0
0
0
0
0
0
0.913686
0.828447
0.829842
0.888543
0.944784
0.981
0.976054
0.965204
0.959684
0.955144
0.976417
0
0
0
0
0
0
0
0
0
0
0.994311
0.981
0.978915
0.993325
0.988661
0.969585
0.940963
0.914473
0.895711
0.861534
0.860946
0.935997
0
0.98499
0.948205
0.960887
0.996805
0
0
0
0
0
0
0
0
0
0
0
0
0
0
0
0
0
0
0
0
0
0
0
0
0
0
0
0
0
0
0
0
0
0
0
0
0
0
0
0
0
0
0
0
0
0
0
0
0
0
0
0
0
0
0
0
0
0
0
0
0
0
0
0
0
0
0
0
0
0
0
0
0
0
0
0
0
0
0
0
0
0
0
0.995745
0.978428
0.993856
0
0.968258
0.821132
0.734777
0.747235
0.795246
0.850696
0.881363
0.830953
0.771172
0.728345
0.666264
0.592992
0.583654
0.794222
0
0
0
0
0
0
0
0.911074
0.756666
0.653978
0.61343
0.644697
0.739852
0.856871
0.930403
0.923239
0.903434
0.878228
0.840894
0.862434
0.929235
0.977565
0.977839
0.935396
0.904202
0.935441
0.979611
0
0
0
0
0
0
0
0
0
0
0
0
0
0
0
0
0
0
0
0
0
0
0
0
0
0
0
0
0
0
0
0
0
0
0
0
0
0
0
0
0
0
0
0
0
0
0
0
0
0
0
0
0
0
0
0
0
0
0
0
0
0
0
0
0
0
0
0
0
0
0
0
0
0
0
0
0
0
0
0
0
0.942492
0.863573
0.858291
0.896679
0.890894
0.820748
0.761143
0.738291
0.690242
0.613471
0.55855
0.513238
0.458113
0.426351
0.394673
0.325469
0.257962
0.213494
0.327385
0.578836
0.809965
0.978957
0
0
0.903214
0.685547
0.461622
0.307604
0.247409
0.246014
0.265668
0.305448
0.367131
0.425938
0.508408
0.666683
0.810125
0.872249
0.907732
0.930714
0.93553
0.935771
0.925698
0.851376
0.798672
0.857845
0.947886
0.993972
0
0
0
0
0
0
0
0
0
0
0
0
0
0
0
0
0
0
0
0
0
0
0
0
0
0
0
0
0
0
0
0
0
0
0
0
0
0
0
0
0
0
0
0
0
0
0
0
0
0
0
0
0
0
0
0
0
0
0
0
0
0
0
0
0
0
0
0
0
0
0
0
0
0
0
0
0
0.983162
0.908017
0.79553
0.740941
0.775026
0.79835
0.809465
0.862075
0.821518
0.636972
0.447362
0.338553
0.290659
0.256657
0.236783
0.239814
0.234307
0.207428
0.189504
0.155841
0.128623
0.175936
0.370427
0.74269
0.984601
0.875852
0.586257
0.296713
0.137356
0.096886
0.122253
0.18442
0.205024
0.162998
0.132535
0.130029
0.162975
0.272239
0.431637
0.584441
0.797812
0.925974
0.911676
0.862945
0.801507
0.744129
0.691985
0.74054
0.874805
0.974497
0
0
0
0
0
0
0
0
0
0
0
0
0
0
0
0
0
0
0
0
0
0
0
0
0
0
0
0
0
0
0
0
0
0
0
0
0
0
0
0
0
0
0
0
0
0
0
0
0
0
0
0
0
0
0
0
0
0
0
0
0
0
0
0
0
0
0
0
0
0
0
0
0
0
0
0
0.97608
0.888629
0.77164
0.726304
0.791132
0.84861
0.866889
0.871562
0.815641
0.637724
0.419234
0.269176
0.22068
0.233968
0.23545
0.234852
0.25248
0.254114
0.226782
0.199667
0.182679
0.161278
0.132404
0.143065
0.368138
0.619668
0.500628
0.299084
0.174562
0.109622
0.105927
0.15839
0.234615
0.244545
0.191984
0.153627
0.126721
0.119447
0.159391
0.22536
0.296231
0.418766
0.629163
0.758941
0.70321
0.658672
0.678359
0.659067
0.675075
0.802019
0.940899
0
0
0
0
0
0
0
0
0
0
0
0
0
0
0
0
0
0
0
0
0
0
0
0
0
0
0
0
0
0
0
0
0
0
0
0
0
0
0
0
0
0
0
0
0
0
0
0
0
0
0
0
0
0
0
0
0
0
0
0
0
0
0
0
0
0
0
0
0
0
0
0
0
0
0
0.976738
0.8879
0.779204
0.724561
0.74524
0.82377
0.852061
0.829421
0.719799
0.564931
0.414156
0.312047
0.219112
0.173555
0.20491
0.250272
0.281299
0.312403
0.323585
0.28976
0.242103
0.226607
0.225078
0.188145
0.146162
0.188947
0.272907
0.279535
0.246785
0.217657
0.194327
0.18941
0.223958
0.254293
0.2378
0.230716
0.22946
0.186492
0.177662
0.245245
0.270817
0.225781
0.230668
0.312879
0.379351
0.380376
0.457017
0.64222
0.723588
0.684916
0.724879
0.873967
0.96042
0.977429
0.996907
0
0
0
0
0
0
0
0
0
0
0
0
0
0
0
0
0
0
0
0
0
0
0
0
0
0
0
0
0
0
0
0
0
0
0
0
0
0
0
0
0
0
0
0
0
0
0
0
0
0
0
0
0
0
0
0
0
0
0
0
0
0
0
0
0
0
0
0
0
0
0
0.99299
0.930999
0.818744
0.74621
0.717197
0.733272
0.79613
0.689145
0.497462
0.42917
0.393185
0.345198
0.28453
0.205211
0.168863
0.193339
0.253847
0.313813
0.359822
0.394518
0.381398
0.327928
0.28692
0.249357
0.207103
0.186145
0.185519
0.214631
0.26439
0.294286
0.30934
0.314392
0.295502
0.298762
0.286805
0.252181
0.264764
0.269663
0.223847
0.225329
0.310744
0.328708
0.232107
0.184297
0.228411
0.268842
0.242919
0.269052
0.49941
0.702832
0.793431
0.724435
0.784626
0.90557
0.933172
0.969273
0
0
0
0
0
0
0
0
0
0
0
0
0
0
0
0
0
0
0
0
0
0
0
0
0
0
0
0
0
0
0
0
0
0
0
0
0
0
0
0
0
0
0
0
0
0
0
0
0
0
0
0
0
0
0
0
0
0
0
0
0
0
0
0
0
0
0
0
0
0
0
0.97859
0.909757
0.823975
0.764385
0.729981
0.687617
0.557153
0.335877
0.240861
0.299571
0.350979
0.332621
0.281847
0.247857
0.246382
0.237356
0.26098
0.332052
0.401254
0.472783
0.501278
0.418977
0.310687
0.261607
0.269815
0.267649
0.226315
0.223877
0.260805
0.293103
0.335142
0.390688
0.43503
0.47726
0.460809
0.392814
0.339019
0.271769
0.216708
0.234267
0.329674
0.373884
0.275997
0.195437
0.217368
0.267831
0.249252
0.198764
0.302753
0.567558
0.758049
0.842005
0.77947
0.858949
0.902025
0.93994
0
0
0
0
0
0
0
0
0
0
0
0
0
0
0
0
0
0
0
0
0
0
0
0
0
0
0
0
0
0
0
0
0
0
0
0
0
0
0
0
0
0
0
0
0
0
0
0
0
0
0
0
0
0
0
0
0
0
0
0
0
0
0
0
0
0
0
0
0
0
0.997626
0.964123
0.888609
0.821035
0.794705
0.720422
0.504397
0.272098
0.17577
0.219689
0.329344
0.354667
0.288047
0.236431
0.261949
0.335806
0.335226
0.318484
0.387758
0.480699
0.580071
0.641882
0.53552
0.36477
0.304843
0.330077
0.311802
0.253849
0.245517
0.249996
0.241306
0.266107
0.342564
0.474097
0.641934
0.732226
0.648659
0.463605
0.303595
0.237464
0.271424
0.374661
0.419555
0.311987
0.210452
0.226646
0.304082
0.307923
0.211106
0.177929
0.379689
0.627289
0.834389
0.885737
0.855922
0.894395
0.934746
0
0
0
0
0
0
0
0
0
0
0
0
0
0
0
0
0
0
0
0
0
0
0
0
0
0
0
0
0
0
0
0
0
0
0
0
0
0
0
0
0
0
0
0
0
0
0
0
0
0
0
0
0
0
0
0
0
0
0
0
0
0
0
0
0
0
0
0
0
0
0.989051
0.922604
0.814458
0.777692
0.739271
0.518302
0.250814
0.145956
0.184051
0.293711
0.383138
0.34258
0.218042
0.141609
0.154832
0.267135
0.408928
0.473493
0.5605
0.6656
0.743689
0.776323
0.655234
0.447498
0.326404
0.300833
0.285948
0.259684
0.253589
0.229617
0.186204
0.172187
0.207504
0.33574
0.577001
0.794202
0.766025
0.561511
0.385791
0.32242
0.378283
0.474509
0.43569
0.29601
0.218271
0.268725
0.409348
0.419505
0.271886
0.148624
0.160757
0.38052
0.674806
0.87015
0.894459
0.893825
0.911875
0.955008
0
0
0
0
0
0
0
0
0
0
0
0
0
0
0
0
0
0
0
0
0
0
0
0
0
0
0
0
0
0
0
0
0
0
0
0
0
0
0
0
0
0
0
0
0
0
0
0
0
0
0
0
0
0
0
0
0
0
0
0
0
0
0
0
0
0
0
0
0.990577
0.95483
0.867976
0.794401
0.747324
0.545239
0.265502
0.144254
0.171388
0.253549
0.341193
0.38222
0.304465
0.169629
0.0894105
0.0749107
0.144048
0.38052
0.622838
0.781413
0.87451
0.856574
0.827259
0.712038
0.498929
0.336472
0.271222
0.262909
0.248665
0.227915
0.200819
0.171057
0.154655
0.16448
0.247246
0.433996
0.657706
0.743012
0.657073
0.502208
0.394146
0.429675
0.457999
0.363797
0.269244
0.257553
0.370903
0.521351
0.455817
0.278441
0.156561
0.0973559
0.184607
0.443437
0.746558
0.906898
0.896773
0.898894
0.92879
0.976404
0
0
0
0
0
0
0
0
0
0
0
0
0
0
0
0
0
0
0
0
0
0
0
0
0
0
0
0
0
0
0
0
0
0
0
0
0
0
0
0
0
0
0
0
0
0
0
0
0
0
0
0
0
0
0
0
0
0
0
0
0
0
0
0
0
0
0.996691
0.94681
0.881366
0.856589
0.864358
0.700048
0.346077
0.154096
0.162725
0.243503
0.297523
0.34089
0.356424
0.288616
0.177428
0.110087
0.0933553
0.132821
0.341395
0.655384
0.861283
0.886306
0.842239
0.797906
0.685627
0.510577
0.368552
0.292573
0.268834
0.236002
0.187703
0.160484
0.168354
0.190412
0.216719
0.29242
0.419602
0.57496
0.706082
0.725476
0.575964
0.386125
0.34458
0.372912
0.325342
0.283517
0.350311
0.48379
0.498411
0.339559
0.220525
0.20564
0.204843
0.189809
0.237929
0.461769
0.771877
0.886609
0.89901
0.947826
0.976868
0
0
0
0
0
0
0
0
0
0
0
0
0
0
0
0
0
0
0
0
0
0
0
0
0
0
0
0
0
0
0
0
0
0
0
0
0
0
0
0
0
0
0
0
0
0
0
0
0
0
0
0
0
0
0
0
0
0
0
0
0
0
0
0
0
0
0.98138
0.897541
0.833188
0.880859
0.864872
0.551204
0.215218
0.128177
0.195293
0.276671
0.306278
0.337858
0.357951
0.321487
0.244686
0.196354
0.176346
0.196621
0.375342
0.644835
0.798342
0.843187
0.819105
0.766598
0.619285
0.468412
0.343016
0.283016
0.260621
0.208788
0.135594
0.0954361
0.108604
0.142103
0.190844
0.316281
0.485935
0.605385
0.684553
0.716215
0.576839
0.364629
0.256162
0.241418
0.264784
0.32432
0.437991
0.478736
0.344761
0.201002
0.184593
0.280189
0.336778
0.252907
0.175354
0.242537
0.509526
0.779424
0.88934
0.944404
0.972202
0.990102
0
0
0
0
0
0
0
0
0
0
0
0
0
0
0
0
0
0
0
0
0
0
0
0
0
0
0
0
0
0
0
0
0
0
0
0
0
0
0
0
0
0
0
0
0
0
0
0
0
0
0
0
0
0
0
0
0
0
0
0
0
0
0
0
0.997952
0.931965
0.840153
0.86359
0.85898
0.673343
0.334121
0.145809
0.14272
0.235532
0.325023
0.352893
0.372197
0.404769
0.385503
0.311321
0.266861
0.242299
0.253624
0.421041
0.63394
0.709133
0.783057
0.798361
0.687001
0.502944
0.350781
0.255474
0.219752
0.204764
0.163637
0.0902286
0.0318312
0.0370034
0.0531375
0.0620804
0.171623
0.411608
0.607508
0.668595
0.671952
0.565862
0.391596
0.25328
0.214884
0.273161
0.376881
0.451429
0.359434
0.17944
0.108512
0.170651
0.301963
0.343268
0.255134
0.161363
0.150805
0.287211
0.567633
0.813835
0.910615
0.95233
0.982404
0
0
0
0
0
0
0
0
0
0
0
0
0
0
0
0
0
0
0
0
0
0
0
0
0
0
0
0
0
0
0
0
0
0
0
0
0
0
0
0
0
0
0
0
0
0
0
0
0
0
0
0
0
0
0
0
0
0
0
0
0
0
0
0
0.978573
0.888316
0.826045
0.859532
0.679983
0.395605
0.192412
0.153772
0.223663
0.363062
0.493911
0.518052
0.491829
0.501136
0.473963
0.372367
0.309434
0.288558
0.298727
0.450255
0.638071
0.682126
0.735799
0.748561
0.604682
0.422262
0.31007
0.239698
0.192403
0.186099
0.179461
0.115095
0.0397474
0.0409802
0.0634834
0.0534
0.112217
0.317117
0.547117
0.627323
0.62164
0.558105
0.449585
0.315557
0.25859
0.328112
0.437853
0.444829
0.282971
0.132765
0.127353
0.241585
0.35239
0.342792
0.252906
0.164053
0.12546
0.167273
0.340885
0.608698
0.832208
0.929083
0.981455
0
0
0
0
0
0
0
0
0
0
0
0
0
0
0
0
0
0
0
0
0
0
0
0
0
0
0
0
0
0
0
0
0
0
0
0
0
0
0
0
0
0
0
0
0
0
0
0
0
0
0
0
0
0
0
0
0
0
0
0
0
0
0
0.992757
0.923129
0.84239
0.842239
0.748603
0.445053
0.221726
0.154194
0.185161
0.298619
0.492474
0.667573
0.727205
0.68827
0.653572
0.59702
0.481588
0.401697
0.383059
0.414984
0.555448
0.694263
0.723678
0.757605
0.734246
0.609857
0.501855
0.419147
0.306768
0.24595
0.278666
0.272493
0.164907
0.0909495
0.142131
0.266142
0.322683
0.353973
0.469907
0.599412
0.634617
0.613825
0.564597
0.519445
0.441998
0.355163
0.385244
0.500234
0.49826
0.361431
0.279345
0.324526
0.440479
0.477202
0.396958
0.296573
0.207494
0.138729
0.12085
0.192035
0.3757
0.654731
0.875649
0.953885
0.993174
0
0
0
0
0
0
0
0
0
0
0
0
0
0
0
0
0
0
0
0
0
0
0
0
0
0
0
0
0
0
0
0
0
0
0
0
0
0
0
0
0
0
0
0
0
0
0
0
0
0
0
0
0
0
0
0
0
0
0
0
0
0
0.956805
0.852402
0.797906
0.822708
0.594357
0.297899
0.165713
0.167923
0.182116
0.240242
0.420712
0.647662
0.771891
0.743941
0.731995
0.724896
0.633323
0.548184
0.541106
0.627473
0.734318
0.767588
0.771675
0.782251
0.742632
0.676365
0.610213
0.480383
0.341537
0.320822
0.379163
0.329389
0.17219
0.106936
0.226931
0.490621
0.634807
0.664396
0.706658
0.730476
0.696144
0.647782
0.588926
0.574542
0.587178
0.507588
0.479417
0.571742
0.607876
0.570071
0.545937
0.563489
0.594926
0.564014
0.488738
0.433766
0.345357
0.21504
0.134148
0.135526
0.231476
0.471678
0.76084
0.89006
0.963702
0.988188
0
0
0
0
0
0
0
0
0
0
0
0
0
0
0
0
0
0
0
0
0
0
0
0
0
0
0
0
0
0
0
0
0
0
0
0
0
0
0
0
0
0
0
0
0
0
0
0
0
0
0
0
0
0
0
0
0
0
0
0
0.988509
0.889681
0.788122
0.792066
0.742412
0.474229
0.210125
0.170474
0.244331
0.241307
0.200289
0.275407
0.470858
0.636377
0.71164
0.776062
0.80898
0.809966
0.736957
0.715938
0.786645
0.815885
0.77976
0.776679
0.782005
0.758909
0.714676
0.603441
0.440175
0.341922
0.355053
0.407222
0.340448
0.173885
0.0943035
0.171281
0.385872
0.555286
0.641628
0.714827
0.749511
0.723414
0.686381
0.634493
0.619553
0.66946
0.649428
0.620804
0.666879
0.714111
0.755571
0.748381
0.698938
0.642591
0.589174
0.570044
0.584829
0.525626
0.349494
0.192033
0.123991
0.165108
0.370062
0.644778
0.822055
0.912062
0.959788
0.993794
0
0
0
0
0
0
0
0
0
0
0
0
0
0
0
0
0
0
0
0
0
0
0
0
0
0
0
0
0
0
0
0
0
0
0
0
0
0
0
0
0
0
0
0
0
0
0
0
0
0
0
0
0
0
0
0
0
0
0
0.945883
0.827145
0.766392
0.759897
0.608687
0.305619
0.123511
0.172969
0.33411
0.392246
0.304557
0.263925
0.336005
0.460354
0.584053
0.746302
0.848117
0.854716
0.8298
0.814086
0.800109
0.751471
0.712123
0.737816
0.770905
0.79346
0.772827
0.652386
0.502447
0.422619
0.444731
0.496322
0.379296
0.171539
0.0842466
0.112983
0.220823
0.347136
0.468809
0.585467
0.667782
0.704778
0.721609
0.710281
0.693628
0.707406
0.703516
0.71047
0.741478
0.771799
0.809743
0.777579
0.711391
0.629578
0.573859
0.578722
0.614894
0.581447
0.434808
0.244944
0.110608
0.102099
0.293289
0.592298
0.775937
0.865678
0.914944
0.967467
0
0
0
0
0
0
0
0
0
0
0
0
0
0
0
0
0
0
0
0
0
0
0
0
0
0
0
0
0
0
0
0
0
0
0
0
0
0
0
0
0
0
0
0
0
0
0
0
0
0
0
0
0
0
0
0
0
0
0.982783
0.896128
0.807577
0.780613
0.644212
0.388263
0.138404
0.0769466
0.176664
0.379505
0.513161
0.479546
0.391127
0.35513
0.384909
0.451811
0.617984
0.829876
0.854185
0.832227
0.818722
0.738864
0.665572
0.655544
0.716126
0.776735
0.824668
0.856288
0.808492
0.698741
0.635163
0.64588
0.596517
0.349042
0.136711
0.0930752
0.143706
0.227856
0.303911
0.395977
0.510734
0.628252
0.70469
0.735354
0.735163
0.727339
0.723072
0.70509
0.728625
0.76751
0.768627
0.756569
0.718758
0.670325
0.615893
0.558499
0.530241
0.51426
0.477183
0.41226
0.278891
0.123773
0.0615002
0.159912
0.429697
0.670972
0.807359
0.884396
0.938357
0
0
0
0
0
0
0
0
0
0
0
0
0
0
0
0
0
0
0
0
0
0
0
0
0
0
0
0
0
0
0
0
0
0
0
0
0
0
0
0
0
0
0
0
0
0
0
0
0
0
0
0
0
0
0
0
0
0.996688
0.942243
0.85828
0.804126
0.733462
0.482368
0.207859
0.081128
0.116357
0.256755
0.464019
0.596592
0.613097
0.567331
0.50481
0.464239
0.438675
0.47729
0.621621
0.775169
0.792825
0.764484
0.692553
0.675482
0.717232
0.785816
0.828207
0.849175
0.876261
0.878823
0.842886
0.829864
0.790401
0.57136
0.242147
0.0879857
0.0929991
0.207998
0.359897
0.440965
0.484451
0.558496
0.675376
0.738375
0.704425
0.65098
0.643137
0.681621
0.699915
0.728084
0.760259
0.718014
0.642232
0.625807
0.656137
0.638127
0.563979
0.475979
0.394645
0.35517
0.352634
0.329795
0.235509
0.115372
0.0867936
0.258463
0.52222
0.726602
0.86171
0.914429
0.963601
0
0
0
0
0
0
0
0
0
0
0
0
0
0
0
0
0
0
0
0
0
0
0
0
0
0
0
0
0
0
0
0
0
0
0
0
0
0
0
0
0
0
0
0
0
0
0
0
0
0
0
0
0
0
0
0
0.972695
0.902044
0.848724
0.790587
0.630126
0.340702
0.113651
0.0963268
0.195962
0.373665
0.581083
0.674144
0.695986
0.696367
0.657508
0.6098
0.551658
0.476766
0.479576
0.609715
0.705851
0.698813
0.704994
0.766093
0.832226
0.851302
0.890212
0.898554
0.86661
0.851814
0.84011
0.824251
0.733477
0.492111
0.197961
0.0605958
0.0650361
0.22411
0.473694
0.596981
0.639182
0.693957
0.781714
0.80087
0.705661
0.609761
0.581298
0.643544
0.699961
0.712614
0.727747
0.670212
0.574238
0.576533
0.642819
0.629866
0.54203
0.453645
0.391012
0.35673
0.350554
0.38137
0.378299
0.226192
0.0962383
0.205815
0.485898
0.689586
0.817312
0.881158
0.938864
0
0
0
0
0
0
0
0
0
0
0
0
0
0
0
0
0
0
0
0
0
0
0
0
0
0
0
0
0
0
0
0
0
0
0
0
0
0
0
0
0
0
0
0
0
0
0
0
0
0
0
0
0
0
0
0.995487
0.938488
0.885016
0.863628
0.695336
0.503717
0.234127
0.0692352
0.12335
0.246688
0.405914
0.555022
0.585689
0.61291
0.661281
0.682555
0.689679
0.67283
0.612316
0.574533
0.636048
0.699421
0.709645
0.758847
0.825369
0.867647
0.87326
0.920778
0.955537
0.90514
0.821902
0.72174
0.640762
0.575458
0.472886
0.245782
0.0582596
0.0307354
0.176447
0.49579
0.668505
0.740373
0.827219
0.912514
0.90478
0.793364
0.694658
0.657601
0.697087
0.722027
0.693598
0.700252
0.676139
0.605685
0.594252
0.616132
0.5623
0.469133
0.427608
0.424266
0.406121
0.379014
0.378706
0.366768
0.231251
0.0904529
0.152852
0.454355
0.694366
0.77649
0.843018
0.923827
0.986535
0
0
0
0
0
0
0
0
0
0
0
0
0
0
0
0
0
0
0
0
0
0
0
0
0
0
0
0
0
0
0
0
0
0
0
0
0
0
0
0
0
0
0
0
0
0
0
0
0
0
0
0
0
0
0.978308
0.929842
0.900944
0.805879
0.590943
0.388805
0.173565
0.076074
0.155889
0.255558
0.3218
0.364065
0.37306
0.407381
0.470311
0.543492
0.604878
0.63361
0.645584
0.670689
0.720032
0.762453
0.796035
0.838126
0.850729
0.84239
0.838408
0.904206
0.968678
0.956764
0.836742
0.682548
0.58266
0.579623
0.589853
0.370651
0.0879737
0.0198224
0.120469
0.423797
0.610766
0.684422
0.82108
0.953639
0.955971
0.857256
0.807577
0.807838
0.818287
0.774142
0.698739
0.681285
0.650571
0.5895
0.571463
0.547838
0.464706
0.38592
0.359208
0.355777
0.344546
0.318444
0.281291
0.241268
0.170231
0.0792229
0.0828232
0.31579
0.65279
0.745347
0.792899
0.878873
0.963859
0
0
0
0
0
0
0
0
0
0
0
0
0
0
0
0
0
0
0
0
0
0
0
0
0
0
0
0
0
0
0
0
0
0
0
0
0
0
0
0
0
0
0
0
0
0
0
0
0
0
0
0
0
0.996625
0.973188
0.946376
0.899064
0.779059
0.604136
0.379273
0.172401
0.103033
0.18655
0.254471
0.250614
0.267999
0.304655
0.324754
0.328479
0.347393
0.381378
0.404596
0.424112
0.49109
0.600121
0.713826
0.822107
0.86831
0.839353
0.796367
0.774053
0.834277
0.875809
0.885302
0.873001
0.811339
0.724655
0.716319
0.724885
0.51242
0.18222
0.0559764
0.115379
0.351474
0.541557
0.594912
0.714772
0.886387
0.92476
0.817551
0.771739
0.797186
0.839319
0.824534
0.704632
0.576508
0.472142
0.4486
0.479511
0.478915
0.427941
0.375313
0.341765
0.317269
0.295458
0.266445
0.20792
0.166101
0.161372
0.115992
0.0719224
0.207266
0.557787
0.714536
0.738089
0.815503
0.926504
0.995791
0
0
0
0
0
0
0
0
0
0
0
0
0
0
0
0
0
0
0
0
0
0
0
0
0
0
0
0
0
0
0
0
0
0
0
0
0
0
0
0
0
0
0
0
0
0
0
0
0
0
0
0
0
0
0.976222
0.860567
0.819802
0.733352
0.477693
0.215848
0.120959
0.201346
0.277479
0.282773
0.320326
0.375904
0.387883
0.347374
0.311795
0.304333
0.294718
0.274496
0.295757
0.36673
0.479002
0.640757
0.753285
0.762987
0.746003
0.758797
0.77476
0.7222
0.683795
0.762144
0.834463
0.797916
0.768105
0.756766
0.585123
0.287882
0.128294
0.148126
0.333669
0.565896
0.638503
0.688217
0.820536
0.837375
0.715976
0.691052
0.758921
0.817854
0.817481
0.700673
0.452138
0.279712
0.302588
0.402648
0.489974
0.519648
0.476934
0.432404
0.419223
0.40992
0.377543
0.290961
0.232261
0.244084
0.197041
0.110097
0.175496
0.453237
0.666309
0.699195
0.743535
0.868766
0.973567
0
0
0
0
0
0
0
0
0
0
0
0
0
0
0
0
0
0
0
0
0
0
0
0
0
0
0
0
0
0
0
0
0
0
0
0
0
0
0
0
0
0
0
0
0
0
0
0
0
0
0
0
0
0
0.958057
0.82657
0.826734
0.771365
0.517327
0.243884
0.138022
0.183506
0.25131
0.292103
0.36423
0.466762
0.520554
0.484218
0.445263
0.431875
0.381981
0.296128
0.229619
0.191206
0.207811
0.349936
0.573666
0.711877
0.782871
0.835413
0.795783
0.677001
0.573141
0.593249
0.66861
0.70583
0.721777
0.731988
0.604109
0.34058
0.176293
0.177029
0.340923
0.614661
0.742789
0.740729
0.760236
0.712755
0.619781
0.629425
0.746899
0.822253
0.783463
0.726556
0.465041
0.2214
0.198808
0.296503
0.449868
0.592516
0.620662
0.577658
0.573006
0.591464
0.567103
0.461081
0.358014
0.332264
0.248534
0.121117
0.104301
0.282631
0.536326
0.641621
0.656183
0.767615
0.949221
0
0
0
0
0
0
0
0
0
0
0
0
0
0
0
0
0
0
0
0
0
0
0
0
0
0
0
0
0
0
0
0
0
0
0
0
0
0
0
0
0
0
0
0
0
0
0
0
0
0
0
0
0
0
0.871136
0.78738
0.742057
0.611198
0.392034
0.222664
0.162812
0.170934
0.19732
0.228527
0.303734
0.444788
0.558207
0.555294
0.52726
0.496708
0.400406
0.272522
0.167812
0.101494
0.0920409
0.219853
0.509464
0.736387
0.860774
0.887178
0.834199
0.715347
0.598736
0.543285
0.532569
0.563528
0.634572
0.698017
0.645641
0.407698
0.196166
0.173203
0.353554
0.654947
0.781979
0.720186
0.662767
0.626392
0.59972
0.639843
0.775228
0.859684
0.815057
0.772926
0.579014
0.30919
0.208221
0.240607
0.340616
0.483154
0.610711
0.633923
0.616963
0.633629
0.624381
0.542415
0.424919
0.348644
0.245415
0.0959537
0.0113386
0.0846169
0.34528
0.570613
0.614285
0.746135
0.951496
0
0
0
0
0
0
0
0
0
0
0
0
0
0
0
0
0
0
0
0
0
0
0
0
0
0
0
0
0
0
0
0
0
0
0
0
0
0
0
0
0
0
0
0
0
0
0
0
0
0
0
0
0
0.90102
0.814615
0.721384
0.589334
0.384367
0.240568
0.217046
0.234592
0.244183
0.250599
0.251505
0.265653
0.325709
0.401902
0.425588
0.410116
0.37953
0.319744
0.240655
0.166443
0.113704
0.121155
0.284715
0.57474
0.76308
0.87056
0.891843
0.845841
0.750237
0.621854
0.544302
0.493986
0.477493
0.539513
0.64564
0.688765
0.504013
0.240045
0.191195
0.38976
0.671287
0.734659
0.645763
0.597764
0.595667
0.603701
0.681177
0.828738
0.888809
0.860897
0.785843
0.637016
0.401984
0.272614
0.268177
0.322688
0.387203
0.457786
0.493964
0.498106
0.53938
0.579945
0.571589
0.514246
0.412062
0.27579
0.117442
0.00689535
0
0.196258
0.516348
0.643789
0.763474
0.940802
0
0
0
0
0
0
0
0
0
0
0
0
0
0
0
0
0
0
0
0
0
0
0
0
0
0
0
0
0
0
0
0
0
0
0
0
0
0
0
0
0
0
0
0
0
0
0
0
0
0
0
0
0.962304
0.902044
0.83308
0.697414
0.474095
0.262475
0.200507
0.259257
0.335047
0.374351
0.404557
0.409995
0.371512
0.324003
0.299341
0.290173
0.28624
0.302667
0.315457
0.282238
0.223103
0.158814
0.165032
0.351778
0.628054
0.774583
0.848074
0.860247
0.841884
0.777661
0.641861
0.544466
0.518995
0.496815
0.490115
0.55305
0.636192
0.547081
0.316706
0.25671
0.431592
0.628297
0.650152
0.610382
0.590283
0.587986
0.638279
0.752888
0.854752
0.877014
0.829097
0.766677
0.646926
0.415953
0.267985
0.248871
0.308315
0.348317
0.340711
0.351942
0.40668
0.497001
0.573418
0.603984
0.595093
0.522283
0.397554
0.248401
0.0970533
0.0129601
0.113411
0.423687
0.629631
0.716851
0.885868
0
0
0
0
0
0
0
0
0
0
0
0
0
0
0
0
0
0
0
0
0
0
0
0
0
0
0
0
0
0
0
0
0
0
0
0
0
0
0
0
0
0
0
0
0
0
0
0
0
0
0.996625
0.945542
0.934658
0.99033
0.939608
0.752937
0.45674
0.283772
0.259415
0.311929
0.37279
0.406382
0.472034
0.532778
0.506222
0.431941
0.369008
0.326851
0.319665
0.34783
0.328684
0.254069
0.194709
0.144948
0.177204
0.390819
0.673266
0.826722
0.884173
0.869098
0.847841
0.800217
0.687734
0.610985
0.589307
0.566383
0.525539
0.501891
0.531228
0.490755
0.33406
0.291647
0.42918
0.563933
0.590965
0.581645
0.562316
0.582074
0.684215
0.797695
0.814385
0.77827
0.727578
0.715104
0.671288
0.510407
0.36092
0.301268
0.322167
0.349027
0.358073
0.393219
0.457642
0.52977
0.553962
0.518993
0.492335
0.486523
0.460982
0.400909
0.256156
0.0980665
0.119478
0.398683
0.637138
0.699493
0.847864
0.932313
0
0
0
0
0
0
0
0
0
0
0
0
0
0
0
0
0
0
0
0
0
0
0
0
0
0
0
0
0
0
0
0
0
0
0
0
0
0
0
0
0
0
0
0
0
0
0
0
0.985699
0.928173
0.871705
0.956009
0
0
0.676283
0.405963
0.323707
0.309547
0.320274
0.328452
0.320131
0.397071
0.531429
0.556316
0.503714
0.472954
0.466558
0.48504
0.478553
0.356117
0.23634
0.18614
0.156493
0.239081
0.502877
0.762658
0
0.985442
0.948879
0.901741
0.796847
0.729834
0.712427
0.661687
0.623395
0.587261
0.515586
0.479076
0.429409
0.305462
0.280753
0.401216
0.519563
0.55023
0.537317
0.532929
0.586698
0.691989
0.795639
0.81833
0.72443
0.623371
0.639798
0.681645
0.656205
0.577766
0.505609
0.470872
0.433793
0.450477
0.506666
0.52538
0.52352
0.45946
0.344516
0.291584
0.322548
0.364286
0.371914
0.306674
0.193451
0.209652
0.490907
0.737882
0.760935
0.843109
0.912004
0.896806
0
0
0
0
0
0
0
0
0
0
0
0
0
0
0
0
0
0
0
0
0
0
0
0
0
0
0
0
0
0
0
0
0
0
0
0
0
0
0
0
0
0
0
0
0
0
0.99287
0.942618
0.860632
0.855246
0.983124
0
0.786857
0.472652
0.31225
0.295515
0.295112
0.292287
0.267314
0.22918
0.285614
0.455187
0.558896
0.542131
0.52789
0.577327
0.639126
0.594311
0.428135
0.280878
0.194304
0.158871
0.265159
0.540581
0.773743
0.925359
0.992757
0.970685
0.924722
0.846282
0.798195
0.775987
0.698357
0.668434
0.622574
0.53039
0.480492
0.407786
0.281884
0.266594
0.382394
0.483445
0.511267
0.524658
0.56271
0.616656
0.680803
0.835122
0.905002
0.857787
0.648813
0.628479
0.675564
0.706814
0.683372
0.561656
0.448905
0.378044
0.404929
0.48181
0.503117
0.476345
0.39251
0.280694
0.21804
0.216502
0.244564
0.267095
0.25453
0.21891
0.261158
0.49147
0.739957
0.804475
0.848936
0.898764
0.897343
0
0
0
0
0
0
0
0
0
0
0
0
0
0
0
0
0
0
0
0
0
0
0
0
0
0
0
0
0
0
0
0
0
0
0
0
0
0
0
0
0
0
0
0
0
0
0.956009
0.859835
0.807838
0.885699
0.991657
0.898925
0.585128
0.335761
0.2745
0.288962
0.311783
0.300884
0.247997
0.208126
0.239834
0.358443
0.466487
0.508306
0.544072
0.604105
0.637717
0.56505
0.41213
0.255636
0.151821
0.138152
0.257653
0.511204
0.717537
0.845026
0
0
0.959422
0.936327
0.895614
0.843566
0.763055
0.693312
0.619168
0.513016
0.467309
0.382754
0.256053
0.259103
0.374367
0.456421
0.494643
0.533314
0.590277
0.620479
0.640088
0.861428
0.898365
0.861276
0.754181
0.690697
0.681104
0.705108
0.626694
0.412281
0.275838
0.271485
0.342823
0.419352
0.444672
0.4301
0.391646
0.337868
0.270746
0.19496
0.164337
0.187765
0.211491
0.210229
0.221407
0.326107
0.565052
0.784646
0.873328
0.901513
0.939992
0
0
0
0
0
0
0
0
0
0
0
0
0
0
0
0
0
0
0
0
0
0
0
0
0
0
0
0
0
0
0
0
0
0
0
0
0
0
0
0
0
0
0
0
0
0
0.924343
0.799309
0.771768
0.889475
0.935302
0.729341
0.41445
0.271971
0.28967
0.351473
0.411887
0.368813
0.260843
0.226328
0.260583
0.320187
0.355714
0.391304
0.476741
0.528
0.501613
0.438326
0.342523
0.239084
0.202403
0.273057
0.418829
0.562331
0.656101
0.736853
0
0
0.981645
0.9474
0.920551
0.883841
0.807895
0.72807
0.619725
0.499454
0.450416
0.364263
0.249028
0.267283
0.380648
0.452577
0.490655
0.525824
0.57473
0.569642
0.584625
0.791311
0.864803
0.828966
0.734498
0.692026
0.689483
0.687688
0.593745
0.37232
0.282455
0.342371
0.405661
0.421034
0.418986
0.427174
0.442731
0.439186
0.356363
0.213512
0.157538
0.21254
0.278085
0.251963
0.182277
0.186522
0.35005
0.625908
0.797656
0.881414
0.954094
0
0
0
0
0
0
0
0
0
0
0
0
0
0
0
0
0
0
0
0
0
0
0
0
0
0
0
0
0
0
0
0
0
0
0
0
0
0
0
0
0
0
0
0
0
0.988888
0.90193
0.790511
0.777682
0.877292
0.861647
0.559824
0.291825
0.254142
0.335474
0.453695
0.543791
0.470251
0.308152
0.261616
0.309612
0.347984
0.330835
0.328227
0.393107
0.421568
0.380386
0.352916
0.331794
0.30123
0.354894
0.52939
0.634874
0.601474
0.612441
0.712211
0.83819
0
0.919451
0.940119
0.929576
0.906064
0.842125
0.745204
0.61182
0.501735
0.466449
0.378994
0.269119
0.301128
0.408643
0.459938
0.489529
0.553706
0.616064
0.585806
0.605225
0.71127
0.774897
0.752019
0.692593
0.697485
0.714058
0.717953
0.667279
0.493247
0.427901
0.474392
0.48134
0.451963
0.455707
0.489527
0.490467
0.437934
0.323057
0.214168
0.236094
0.358113
0.419686
0.324109
0.182877
0.147662
0.246721
0.498632
0.717663
0.818928
0.913732
0
0
0
0
0
0
0
0
0
0
0
0
0
0
0
0
0
0
0
0
0
0
0
0
0
0
0
0
0
0
0
0
0
0
0
0
0
0
0
0
0
0
0
0
0
0.953733
0.842883
0.758898
0.787167
0.87369
0.745164
0.401029
0.230586
0.27184
0.389539
0.520771
0.603215
0.549838
0.414306
0.369235
0.416656
0.443759
0.40052
0.368581
0.378711
0.361229
0.326956
0.332349
0.374608
0.402437
0.466243
0.610933
0.635292
0.596904
0.633863
0.767075
0.847767
0.868523
0.925288
0.979787
0.97133
0.930866
0.85488
0.7467
0.584649
0.498601
0.485795
0.387145
0.282158
0.333633
0.424416
0.44692
0.498233
0.602255
0.649716
0.616429
0.63892
0.684878
0.683823
0.677196
0.683755
0.746748
0.759983
0.736597
0.723917
0.608669
0.52712
0.487831
0.449279
0.435685
0.484926
0.541298
0.466079
0.306929
0.204715
0.223624
0.378871
0.504858
0.48036
0.345236
0.196421
0.160813
0.274385
0.588661
0.783654
0.776359
0.890666
0
0
0
0
0
0
0
0
0
0
0
0
0
0
0
0
0
0
0
0
0
0
0
0
0
0
0
0
0
0
0
0
0
0
0
0
0
0
0
0
0
0
0
0
0
0.915848
0.793617
0.717771
0.798811
0.86232
0.613555
0.302407
0.228132
0.317715
0.448065
0.544584
0.588632
0.578729
0.534732
0.520419
0.551314
0.561652
0.499708
0.433795
0.397405
0.362482
0.3405
0.345128
0.401844
0.475597
0.526749
0.601953
0.637186
0.606234
0.635416
0.72636
0.787663
0.835264
0
0
0
0.95161
0.869946
0.758245
0.573034
0.488938
0.473503
0.358621
0.2689
0.337913
0.410402
0.421258
0.48391
0.549385
0.55654
0.575918
0.630722
0.636603
0.638551
0.66233
0.705563
0.800144
0.775792
0.721992
0.73757
0.659234
0.556657
0.456051
0.362437
0.352594
0.440998
0.521713
0.451891
0.29356
0.235717
0.356447
0.553932
0.582541
0.471089
0.323146
0.204263
0.182835
0.295993
0.547911
0.715202
0.775627
0.923661
0
0
0
0
0
0
0
0
0
0
0
0
0
0
0
0
0
0
0
0
0
0
0
0
0
0
0
0
0
0
0
0
0
0
0
0
0
0
0
0
0
0
0
0
0
0.936933
0.796178
0.736062
0.838921
0.832516
0.526639
0.2794
0.253935
0.342563
0.459528
0.540474
0.56923
0.572242
0.567198
0.56564
0.59129
0.614695
0.570264
0.478963
0.418054
0.407185
0.410949
0.394587
0.408015
0.479026
0.543199
0.598492
0.635944
0.620879
0.603928
0.610847
0.637257
0.731917
0.957173
0
0
0.931776
0.864256
0.731575
0.538746
0.446883
0.425794
0.347726
0.293988
0.34052
0.371889
0.377597
0.419496
0.453162
0.500373
0.569122
0.587336
0.517924
0.545438
0.657816
0.712162
0.835223
0.807275
0.691737
0.732378
0.690641
0.602579
0.505056
0.385883
0.363778
0.443976
0.511728
0.515423
0.468278
0.453796
0.565386
0.658727
0.587379
0.452288
0.308818
0.213131
0.188726
0.254848
0.408819
0.604924
0.770282
0.930651
0
0
0
0
0
0
0
0
0
0
0
0
0
0
0
0
0
0
0
0
0
0
0
0
0
0
0
0
0
0
0
0
0
0
0
0
0
0
0
0
0
0
0
0
0
0
0.806154
0.805977
0.887292
0.763602
0.435436
0.269995
0.274212
0.310429
0.357834
0.422752
0.482486
0.514049
0.528652
0.509416
0.504496
0.540987
0.554102
0.499133
0.463284
0.481748
0.503302
0.481469
0.448238
0.477477
0.545526
0.604939
0.629594
0.62576
0.608793
0.550829
0.532401
0.602316
0.819578
0.972923
0.920323
0.832265
0.735605
0.608497
0.42664
0.33486
0.332944
0.338358
0.337256
0.33414
0.304862
0.298115
0.351574
0.435552
0.519117
0.541104
0.509663
0.469322
0.546593
0.669879
0.738746
0.857332
0.749932
0.60521
0.672164
0.700652
0.659782
0.579413
0.47791
0.449215
0.4852
0.517615
0.573868
0.635427
0.637686
0.63163
0.595399
0.53174
0.464813
0.356597
0.255626
0.193755
0.217395
0.399157
0.704274
0.813912
0.860205
0.933162
0
0
0
0
0
0
0
0
0
0
0
0
0
0
0
0
0
0
0
0
0
0
0
0
0
0
0
0
0
0
0
0
0
0
0
0
0
0
0
0
0
0
0
0
0
0
0.945767
0.891843
0.625241
0.301055
0.236115
0.277472
0.272956
0.236619
0.242122
0.322974
0.428144
0.513004
0.484804
0.413417
0.391
0.396594
0.392771
0.420515
0.488218
0.560832
0.583323
0.536498
0.525463
0.594431
0.660659
0.645651
0.613647
0.590813
0.515869
0.511075
0.589784
0.764628
0.868406
0.808828
0.648946
0.589956
0.447671
0.270093
0.192417
0.232083
0.293112
0.320357
0.290313
0.233392
0.231354
0.32878
0.472816
0.503335
0.469199
0.516829
0.631391
0.70909
0.754939
0.838901
0.853411
0.626439
0.533704
0.645333
0.69913
0.629984
0.534614
0.481819
0.469012
0.46819
0.490301
0.56003
0.638959
0.607065
0.49842
0.450751
0.492355
0.509009
0.429819
0.314771
0.214825
0.199789
0.358911
0.749097
0.862217
0.781219
0.852151
0.829985
0.891335
0
0
0
0
0
0
0
0
0
0
0
0
0
0
0
0
0
0
0
0
0
0
0
0
0
0
0
0
0
0
0
0
0
0
0
0
0
0
0
0
0
0
0
0
0.984944
0.846524
0.44733
0.200724
0.224006
0.307492
0.304731
0.221299
0.187946
0.248987
0.37053
0.495166
0.514751
0.435898
0.344476
0.289325
0.270805
0.297725
0.377255
0.516785
0.657004
0.674664
0.633445
0.669945
0.730251
0.713403
0.638893
0.571317
0.503206
0.549362
0.679589
0.727141
0.781182
0.695776
0.624256
0.532899
0.341794
0.164374
0.0970636
0.163377
0.24234
0.266782
0.225024
0.177078
0.211438
0.334544
0.479388
0.490133
0.462437
0.587621
0.657288
0.750275
0.850165
0.903747
0.760352
0.560164
0.556141
0.680509
0.669998
0.522159
0.425386
0.434826
0.438218
0.400559
0.405996
0.465697
0.5068
0.426169
0.330554
0.380079
0.507137
0.527902
0.413388
0.280799
0.201575
0.186746
0.304835
0.668631
0.805125
0.70335
0.681556
0
0
0
0
0
0
0
0
0
0
0
0
0
0
0
0
0
0
0
0
0
0
0
0
0
0
0
0
0
0
0
0
0
0
0
0
0
0
0
0
0
0
0
0
0
0
0.902628
0.68614
0.291161
0.164822
0.25834
0.386292
0.388746
0.300393
0.264452
0.279334
0.340369
0.448747
0.522448
0.496059
0.394453
0.301538
0.255323
0.266452
0.334723
0.48221
0.680975
0.768385
0.725739
0.711825
0.753801
0.750388
0.704463
0.605872
0.545588
0.590285
0.6806
0.714437
0.75073
0.765861
0.675339
0.500322
0.313529
0.150087
0.0889867
0.143425
0.205844
0.217413
0.183661
0.162148
0.230905
0.354728
0.472295
0.506808
0.512681
0.600779
0.639916
0.746786
0.881755
0.885918
0.694285
0.572618
0.635702
0.703835
0.650436
0.542609
0.463897
0.451085
0.403555
0.300354
0.251248
0.285868
0.318225
0.28268
0.289778
0.436523
0.569023
0.528335
0.342871
0.183854
0.144249
0.152346
0.259674
0.534799
0.640562
0.596377
0.386498
0
0
0
0
0
0
0
0
0
0
0
0
0
0
0
0
0
0
0
0
0
0
0
0
0
0
0
0
0
0
0
0
0
0
0
0
0
0
0
0
0
0
0
0
0
0.680832
0.736377
0.503336
0.203237
0.15955
0.309162
0.4629
0.447689
0.365532
0.347934
0.349486
0.37584
0.470939
0.544682
0.525255
0.412178
0.302369
0.267907
0.306856
0.3884
0.517255
0.683649
0.782958
0.765336
0.730121
0.765634
0.772308
0.737419
0.663392
0.61995
0.644774
0.669916
0.664978
0.747923
0.775266
0.67439
0.480941
0.298077
0.184332
0.162922
0.209286
0.234803
0.222748
0.196853
0.189154
0.251867
0.352365
0.450297
0.512677
0.5729
0.661912
0.682809
0.773104
0.910766
0.906999
0.70794
0.654654
0.718931
0.734292
0.716787
0.715369
0.655655
0.569254
0.451947
0.277276
0.168921
0.178201
0.239585
0.291531
0.366248
0.5035
0.581068
0.489201
0.285317
0.144069
0.116054
0.121211
0.199297
0.414258
0.62351
0.612502
0.315363
0
0
0
0
0
0
0
0
0
0
0
0
0
0
0
0
0
0
0
0
0
0
0
0
0
0
0
0
0
0
0
0
0
0
0
0
0
0
0
0
0
0
0
0
0.63996
0.611998
0.657182
0.440071
0.171831
0.158035
0.321448
0.475903
0.465194
0.380379
0.345281
0.359026
0.398856
0.48481
0.548249
0.512195
0.379163
0.270054
0.265916
0.347872
0.450236
0.552075
0.666222
0.762706
0.79172
0.772068
0.778679
0.78122
0.757442
0.701164
0.672272
0.703167
0.737522
0.703919
0.714623
0.73154
0.612152
0.409143
0.273066
0.239603
0.269172
0.305946
0.292014
0.257196
0.227497
0.219001
0.254261
0.322994
0.432705
0.543913
0.643705
0.737001
0.755811
0.830179
0.948841
0.930069
0.776355
0.741501
0.753749
0.754863
0.781523
0.818764
0.782725
0.667969
0.515701
0.313676
0.194943
0.199143
0.27313
0.34928
0.388797
0.423311
0.443924
0.371449
0.245841
0.178376
0.15572
0.131268
0.155297
0.334257
0.694615
0.744289
0.526338
0.459786
0
0
0
0
0
0
0
0
0
0
0
0
0
0
0
0
0
0
0
0
0
0
0
0
0
0
0
0
0
0
0
0
0
0
0
0
0
0
0
0
0
0
0
0.731975
0.639875
0.635463
0.390585
0.14879
0.161872
0.300871
0.431162
0.450494
0.383907
0.321275
0.305143
0.323904
0.384672
0.442915
0.416465
0.315539
0.232476
0.233705
0.329403
0.470744
0.595571
0.682054
0.750243
0.801012
0.81164
0.803026
0.793469
0.776821
0.697416
0.649729
0.687438
0.74724
0.70087
0.63434
0.609942
0.503346
0.356243
0.288121
0.326594
0.394107
0.375574
0.305289
0.268203
0.24788
0.254327
0.276805
0.317595
0.439085
0.579696
0.69264
0.779286
0.798058
0.870643
0.965073
0.931928
0.79646
0.741623
0.73493
0.753308
0.794304
0.839319
0.779789
0.617799
0.435332
0.291012
0.239815
0.255964
0.288618
0.30395
0.291207
0.287204
0.303803
0.288543
0.260155
0.278528
0.281403
0.200928
0.142986
0.270248
0.661267
0.815546
0.715553
0.785096
0
0
0
0
0
0
0
0
0
0
0
0
0
0
0
0
0
0
0
0
0
0
0
0
0
0
0
0
0
0
0
0
0
0
0
0
0
0
0
0
0
0.987438
0.904378
0.773975
0.702043
0.620278
0.344027
0.147281
0.187998
0.292738
0.380782
0.418256
0.390336
0.344576
0.308158
0.286467
0.325201
0.390814
0.389392
0.321426
0.242075
0.203544
0.236682
0.361557
0.563712
0.716641
0.773576
0.812106
0.833133
0.822746
0.809321
0.794304
0.687359
0.60548
0.634482
0.71427
0.656273
0.570716
0.545844
0.47381
0.387865
0.3595
0.424841
0.500244
0.415055
0.298292
0.276774
0.278164
0.310058
0.342357
0.363119
0.452263
0.569159
0.716594
0.817854
0.823884
0.890743
0.971216
0.933027
0.759344
0.689506
0.754573
0.773673
0.802495
0.817559
0.687502
0.508843
0.368964
0.284636
0.256482
0.25709
0.252346
0.243808
0.244707
0.26957
0.312543
0.333979
0.357268
0.415141
0.431064
0.295798
0.154971
0.241854
0.610063
0.7979
0.783154
0.866472
0.978118
0
0
0
0
0
0
0
0
0
0
0
0
0
0
0
0
0
0
0
0
0
0
0
0
0
0
0
0
0
0
0
0
0
0
0
0
0
0
0
0
0.977625
0.897172
0.805197
0.741168
0.59409
0.325744
0.168112
0.210047
0.288712
0.338132
0.362758
0.370757
0.377217
0.367495
0.327783
0.338148
0.422363
0.483492
0.462827
0.37881
0.265755
0.197362
0.234341
0.413238
0.641355
0.758227
0.815048
0.834957
0.819332
0.794866
0.790102
0.70802
0.59059
0.595406
0.686672
0.630575
0.550049
0.531058
0.475331
0.42908
0.421249
0.482475
0.541592
0.422177
0.29388
0.290496
0.316853
0.359679
0.401537
0.421293
0.469811
0.553382
0.743833
0.848117
0.835185
0.895862
0.972961
0.933763
0.688018
0.65064
0.806553
0.795858
0.810459
0.78854
0.64065
0.504384
0.426904
0.33024
0.240341
0.217152
0.239385
0.279511
0.317236
0.356388
0.403252
0.43344
0.462049
0.48481
0.450287
0.297497
0.149501
0.17586
0.423967
0.673601
0.798754
0.896583
0.984755
0
0
0
0
0
0
0
0
0
0
0
0
0
0
0
0
0
0
0
0
0
0
0
0
0
0
0
0
0
0
0
0
0
0
0
0
0
0
0
0
0.977398
0.915545
0.851923
0.762283
0.579638
0.31728
0.174163
0.205911
0.294154
0.346617
0.337393
0.325249
0.354399
0.389172
0.354857
0.317104
0.361987
0.462014
0.519235
0.471653
0.344554
0.232528
0.188291
0.246016
0.43855
0.657193
0.792787
0.826273
0.797317
0.746428
0.744385
0.690064
0.577406
0.557897
0.614558
0.562667
0.519208
0.516887
0.469361
0.439906
0.450674
0.521409
0.556996
0.416298
0.291215
0.293676
0.332417
0.369266
0.411224
0.450116
0.491224
0.552792
0.743575
0.846448
0.838105
0.901475
0.978725
0.891197
0.656383
0.674551
0.810194
0.80716
0.819181
0.795028
0.668491
0.53759
0.445188
0.310352
0.20218
0.21431
0.294794
0.351711
0.35933
0.356504
0.364905
0.379301
0.399454
0.393505
0.327084
0.209799
0.122191
0.131323
0.301413
0.601599
0.815071
0.901968
0.983162
0
0
0
0
0
0
0
0
0
0
0
0
0
0
0
0
0
0
0
0
0
0
0
0
0
0
0
0
0
0
0
0
0
0
0
0
0
0
0
0
0.978953
0.920513
0.853535
0.735506
0.561102
0.33065
0.18954
0.209538
0.31575
0.397271
0.37598
0.326276
0.336258
0.373947
0.350761
0.293691
0.264497
0.293081
0.354727
0.376545
0.35501
0.312635
0.228856
0.174139
0.261778
0.502048
0.734852
0.794742
0.746781
0.73059
0.72703
0.676241
0.576919
0.539984
0.543948
0.462531
0.441853
0.478497
0.472488
0.466012
0.490478
0.552557
0.546959
0.393663
0.276287
0.276081
0.312276
0.354365
0.414653
0.47512
0.526157
0.579267
0.74015
0.837233
0.852175
0.926011
0.99727
0.911272
0.707762
0.733483
0.81611
0.812203
0.79795
0.755589
0.615489
0.430805
0.290958
0.196834
0.173144
0.250383
0.341422
0.342813
0.301008
0.271325
0.252008
0.241115
0.247458
0.250875
0.214227
0.149491
0.110137
0.147509
0.336676
0.633472
0.814339
0.893359
0.964339
0
0
0
0
0
0
0
0
0
0
0
0
0
0
0
0
0
0
0
0
0
0
0
0
0
0
0
0
0
0
0
0
0
0
0
0
0
0
0
0
0.978118
0.925101
0.848767
0.707072
0.533733
0.358486
0.237077
0.249149
0.343503
0.406888
0.394726
0.353747
0.356266
0.384177
0.3736
0.332374
0.273647
0.234524
0.2586
0.333748
0.422147
0.461432
0.388951
0.263636
0.232141
0.367393
0.60612
0.723527
0.721062
0.741243
0.749779
0.706937
0.603625
0.539703
0.490922
0.394426
0.407949
0.483388
0.495687
0.476697
0.489156
0.533365
0.505989
0.367655
0.264523
0.258014
0.2935
0.344763
0.4071
0.471149
0.543458
0.623138
0.749857
0.834692
0.871895
0.957943
0
0.934468
0.772212
0.752375
0.779242
0.768421
0.74699
0.658882
0.471668
0.275668
0.161116
0.147339
0.22053
0.343258
0.408716
0.38481
0.333427
0.286358
0.232384
0.189851
0.183544
0.196899
0.184035
0.140794
0.117677
0.1747
0.376942
0.640849
0.794559
0.891122
0.945889
0
0
0
0
0
0
0
0
0
0
0
0
0
0
0
0
0
0
0
0
0
0
0
0
0
0
0
0
0
0
0
0
0
0
0
0
0
0
0
0
0.99306
0.958512
0.899664
0.75297
0.556754
0.386004
0.279342
0.287734
0.353515
0.380116
0.376904
0.362866
0.373254
0.405977
0.416622
0.400763
0.362922
0.325491
0.332539
0.408294
0.520464
0.566235
0.499946
0.395521
0.340249
0.363599
0.491419
0.663736
0.750543
0.781005
0.784853
0.739858
0.623378
0.506464
0.391245
0.319753
0.393185
0.486953
0.477563
0.445621
0.451106
0.468497
0.430394
0.338673
0.265965
0.246174
0.27033
0.317793
0.360589
0.423348
0.524325
0.641009
0.732413
0.817209
0.873829
0.959877
0.973112
0.903106
0.806263
0.752081
0.746392
0.744044
0.67358
0.487972
0.295602
0.183178
0.16272
0.247273
0.413322
0.547033
0.570888
0.5143
0.428261
0.346102
0.270887
0.231073
0.224603
0.227605
0.210637
0.164445
0.136412
0.182434
0.367694
0.618934
0.788563
0.893549
0.956352
0.977222
0
0
0
0
0
0
0
0
0
0
0
0
0
0
0
0
0
0
0
0
0
0
0
0
0
0
0
0
0
0
0
0
0
0
0
0
0
0
0
0
0
0.931244
0.805053
0.574714
0.366591
0.270614
0.286074
0.331148
0.338416
0.340048
0.351813
0.379816
0.416374
0.451378
0.483806
0.479536
0.450107
0.45104
0.496121
0.528898
0.496816
0.415879
0.389222
0.449052
0.462188
0.47358
0.618397
0.761585
0.808046
0.811586
0.77736
0.652949
0.483569
0.32807
0.247873
0.288808
0.365026
0.390649
0.399885
0.396427
0.364769
0.322851
0.288689
0.254857
0.224002
0.221324
0.257925
0.301753
0.368563
0.482033
0.605712
0.673631
0.771588
0.864083
0.938981
0.912549
0.856801
0.84971
0.789146
0.751788
0.713981
0.550303
0.325048
0.199471
0.17674
0.249923
0.425703
0.605956
0.66601
0.60331
0.483597
0.378021
0.3121
0.28018
0.269076
0.240845
0.220214
0.223061
0.198051
0.155179
0.165693
0.325472
0.592927
0.795708
0.901703
0.96036
0
0
0
0
0
0
0
0
0
0
0
0
0
0
0
0
0
0
0
0
0
0
0
0
0
0
0
0
0
0
0
0
0
0
0
0
0
0
0
0
0
0
0.879109
0.796846
0.522985
0.28258
0.228942
0.26981
0.308151
0.300424
0.281919
0.290934
0.320794
0.357815
0.409129
0.472165
0.495441
0.477589
0.490463
0.531031
0.489228
0.378299
0.307415
0.344923
0.474041
0.529306
0.537593
0.634055
0.742232
0.799736
0.822139
0.800826
0.678357
0.482987
0.30603
0.187858
0.170076
0.218698
0.28583
0.322032
0.303622
0.262435
0.240336
0.236047
0.22698
0.205238
0.192674
0.213447
0.259875
0.326067
0.422712
0.505922
0.570707
0.696082
0.837119
0.916531
0.876256
0.824604
0.848458
0.851972
0.75623
0.639906
0.459624
0.304893
0.244921
0.25635
0.347465
0.469157
0.527855
0.508064
0.41337
0.30904
0.260844
0.249488
0.24547
0.233357
0.20903
0.216132
0.257028
0.241985
0.170074
0.149496
0.289119
0.575236
0.80678
0.913535
0.94621
0
0
0
0
0
0
0
0
0
0
0
0
0
0
0
0
0
0
0
0
0
0
0
0
0
0
0
0
0
0
0
0
0
0
0
0
0
0
0
0
0
0.931539
0.839928
0.785164
0.496336
0.231507
0.206354
0.278814
0.334138
0.327777
0.280885
0.267298
0.290992
0.326425
0.365093
0.395415
0.400799
0.394138
0.410358
0.437774
0.405582
0.326503
0.293739
0.363018
0.495733
0.567858
0.608207
0.678117
0.728416
0.765342
0.8097
0.777458
0.595655
0.401882
0.241138
0.138736
0.114359
0.145675
0.205898
0.24761
0.245824
0.22901
0.225998
0.228149
0.226485
0.216253
0.205362
0.209204
0.244536
0.29158
0.342243
0.370556
0.43704
0.605293
0.775911
0.908984
0.905722
0.843452
0.868747
0.896848
0.750438
0.563408
0.456204
0.39008
0.331768
0.313591
0.357576
0.389438
0.384972
0.36847
0.315278
0.274071
0.286231
0.306024
0.297206
0.289781
0.297182
0.32541
0.350407
0.291031
0.183123
0.147162
0.289218
0.589861
0.815351
0.919982
0.933341
0
0
0
0
0
0
0
0
0
0
0
0
0
0
0
0
0
0
0
0
0
0
0
0
0
0
0
0
0
0
0
0
0
0
0
0
0
0
0
0
0
0.981897
0.869815
0.788811
0.528702
0.257397
0.227595
0.339587
0.424116
0.413665
0.347506
0.323715
0.370792
0.430955
0.457277
0.450892
0.411772
0.359465
0.325436
0.325192
0.345257
0.370289
0.40687
0.470949
0.563843
0.633092
0.682729
0.749434
0.7556
0.719143
0.697207
0.55863
0.342983
0.221612
0.15534
0.112783
0.101981
0.137679
0.20896
0.276007
0.293927
0.280839
0.278918
0.285273
0.287083
0.267111
0.236645
0.221185
0.239364
0.272163
0.29328
0.295142
0.339074
0.483899
0.703401
0.918313
0.971975
0.892866
0.911108
0.941333
0.804229
0.597711
0.529802
0.48075
0.387297
0.341242
0.369925
0.396728
0.41058
0.43955
0.450715
0.452105
0.47462
0.489523
0.455937
0.421203
0.397685
0.384945
0.381058
0.303548
0.182067
0.146999
0.303971
0.613236
0.824187
0.9138
0.895037
0
0
0
0
0
0
0
0
0
0
0
0
0
0
0
0
0
0
0
0
0
0
0
0
0
0
0
0
0
0
0
0
0
0
0
0
0
0
0
0
0
0.994615
0.902693
0.804966
0.597498
0.311715
0.253437
0.395092
0.497358
0.47725
0.40507
0.368464
0.433854
0.55226
0.617314
0.61619
0.568028
0.489285
0.418612
0.411031
0.458526
0.520884
0.589116
0.628239
0.664074
0.722328
0.77323
0.776138
0.770791
0.692574
0.54104
0.309737
0.127438
0.088137
0.0919568
0.0940877
0.1129
0.181106
0.304373
0.405081
0.419437
0.404993
0.404228
0.407439
0.429144
0.412066
0.334755
0.279759
0.269643
0.280055
0.279729
0.260825
0.277286
0.344783
0.500694
0.863779
0.989912
0.927149
0.940953
0.973302
0.908263
0.747019
0.63331
0.548118
0.436165
0.353661
0.352126
0.3896
0.453887
0.55344
0.630396
0.646
0.625376
0.592589
0.527063
0.438676
0.359101
0.327768
0.330772
0.264587
0.157511
0.146247
0.328549
0.64867
0.833934
0.897142
0.850989
0.90378
0
0
0
0
0
0
0
0
0
0
0
0
0
0
0
0
0
0
0
0
0
0
0
0
0
0
0
0
0
0
0
0
0
0
0
0
0
0
0
0
0.994073
0.918248
0.816206
0.644285
0.347788
0.255274
0.388421
0.495968
0.495958
0.446263
0.419467
0.490251
0.62151
0.708018
0.735111
0.720245
0.676753
0.63303
0.637506
0.671607
0.693441
0.718734
0.709111
0.706164
0.769828
0.819902
0.799689
0.778755
0.598207
0.395408
0.201753
0.0883665
0.0869798
0.105587
0.114442
0.138632
0.217772
0.353245
0.459318
0.51091
0.553172
0.561894
0.541442
0.593399
0.626466
0.519488
0.423344
0.373453
0.317663
0.252149
0.1972
0.192461
0.207756
0.247949
0.479747
0.879555
0.907391
0.934317
0.966286
0.921006
0.870871
0.711841
0.572594
0.416469
0.272139
0.229022
0.276664
0.384944
0.512354
0.600244
0.621427
0.569936
0.511555
0.476267
0.410088
0.331547
0.301569
0.27765
0.195562
0.125405
0.17478
0.421286
0.732864
0.843149
0.871206
0.84798
0.921737
0
0
0
0
0
0
0
0
0
0
0
0
0
0
0
0
0
0
0
0
0
0
0
0
0
0
0
0
0
0
0
0
0
0
0
0
0
0
0
0
0.983571
0.896114
0.77112
0.621984
0.362322
0.252399
0.361143
0.486633
0.525013
0.515744
0.53075
0.597389
0.665466
0.711743
0.747758
0.754792
0.748718
0.745031
0.749999
0.757506
0.762519
0.763808
0.724768
0.693304
0.734371
0.789181
0.76522
0.607944
0.413946
0.307466
0.202771
0.129212
0.165781
0.228299
0.243295
0.237514
0.267573
0.347802
0.437958
0.525679
0.612389
0.636356
0.622726
0.693054
0.776922
0.703271
0.575326
0.469077
0.358366
0.243795
0.165617
0.146168
0.132935
0.123906
0.216081
0.551251
0.842201
0.897569
0.926732
0.907619
0.873374
0.788708
0.625684
0.43875
0.286025
0.244024
0.277467
0.335895
0.384031
0.402505
0.398841
0.362717
0.349036
0.394717
0.413633
0.379255
0.353569
0.288071
0.172927
0.127266
0.246386
0.555967
0.792597
0.842466
0.845323
0.849767
0.945319
0
0
0
0
0
0
0
0
0
0
0
0
0
0
0
0
0
0
0
0
0
0
0
0
0
0
0
0
0
0
0
0
0
0
0
0
0
0
0
0.998457
0
0.864142
0.755504
0.639103
0.394885
0.245946
0.331507
0.50688
0.600653
0.616685
0.63286
0.653875
0.65456
0.648171
0.651937
0.67336
0.714093
0.745979
0.75944
0.756491
0.760009
0.773533
0.757046
0.701011
0.658947
0.610704
0.51336
0.402886
0.315114
0.288568
0.233922
0.175583
0.236375
0.372186
0.441199
0.418995
0.406489
0.441308
0.478882
0.499757
0.54672
0.62587
0.694637
0.752607
0.817929
0.775362
0.617442
0.491324
0.41915
0.342462
0.280599
0.232441
0.169148
0.146078
0.204465
0.403572
0.755174
0.850013
0.884106
0.887443
0.871364
0.833336
0.768577
0.660621
0.539122
0.482681
0.461501
0.426628
0.36317
0.294506
0.258926
0.248577
0.283117
0.383441
0.474953
0.501879
0.496835
0.397082
0.231177
0.186033
0.344618
0.640326
0.800409
0.842504
0.830295
0.855101
0.969503
0
0
0
0
0
0
0
0
0
0
0
0
0
0
0
0
0
0
0
0
0
0
0
0
0
0
0
0
0
0
0
0
0
0
0
0
0
0
0
0
0
0.888306
0.820585
0.721457
0.469865
0.2703
0.328808
0.539586
0.667371
0.682553
0.675915
0.639562
0.5822
0.527979
0.49481
0.533808
0.631847
0.711971
0.75539
0.762877
0.758854
0.772369
0.779225
0.712676
0.592293
0.450555
0.33978
0.306066
0.274683
0.271699
0.303554
0.324906
0.423611
0.554905
0.556566
0.511079
0.527323
0.551447
0.52097
0.457165
0.457126
0.610822
0.781161
0.785456
0.762559
0.71736
0.600696
0.540221
0.550355
0.555677
0.53314
0.432641
0.291452
0.247457
0.293587
0.354596
0.500106
0.756181
0.846714
0.865258
0.825373
0.824333
0.860806
0.845783
0.75799
0.679857
0.649757
0.606215
0.51298
0.423153
0.366196
0.323764
0.329854
0.405759
0.506026
0.581341
0.607431
0.489207
0.29391
0.264558
0.44775
0.692942
0.811255
0.854564
0.849394
0.893984
0.994382
0
0
0
0
0
0
0
0
0
0
0
0
0
0
0
0
0
0
0
0
0
0
0
0
0
0
0
0
0
0
0
0
0
0
0
0
0
0
0
0
0
0.937384
0.883883
0.793193
0.581802
0.363977
0.375601
0.566274
0.686565
0.673412
0.59626
0.490741
0.429453
0.415517
0.416346
0.47565
0.593692
0.68993
0.739844
0.755131
0.751379
0.755367
0.765005
0.711879
0.571791
0.417196
0.335018
0.339467
0.351555
0.408103
0.528186
0.608793
0.695468
0.727741
0.61457
0.542039
0.586218
0.609084
0.547
0.455874
0.42501
0.589373
0.804252
0.763912
0.662752
0.6271
0.612567
0.646421
0.667928
0.671449
0.699542
0.616025
0.414539
0.300469
0.285078
0.250242
0.258851
0.428123
0.6334
0.70893
0.740298
0.791856
0.837717
0.83837
0.774488
0.702906
0.682582
0.669223
0.644381
0.621883
0.557868
0.44019
0.355371
0.34008
0.386135
0.475097
0.540386
0.449568
0.283719
0.29841
0.515189
0.737215
0.830824
0.871478
0.881386
0.931879
0
0
0
0
0
0
0
0
0
0
0
0
0
0
0
0
0
0
0
0
0
0
0
0
0
0
0
0
0
0
0
0
0
0
0
0
0
0
0
0
0
0
0
0.931116
0.852056
0.70146
0.487664
0.431209
0.565915
0.661842
0.582589
0.411715
0.312536
0.335966
0.41546
0.481355
0.558755
0.656352
0.71959
0.744194
0.748157
0.743045
0.739139
0.731833
0.702968
0.599796
0.480307
0.458388
0.528975
0.599216
0.672666
0.750647
0.781259
0.79476
0.743051
0.627935
0.582776
0.632143
0.660624
0.617359
0.529145
0.461075
0.55654
0.729323
0.696815
0.598883
0.594651
0.643738
0.712773
0.703639
0.675778
0.741394
0.739907
0.506964
0.283121
0.204549
0.167784
0.153851
0.236838
0.410625
0.577554
0.691423
0.751971
0.789717
0.812283
0.786568
0.737371
0.699167
0.652655
0.636985
0.658686
0.626184
0.490435
0.339173
0.251353
0.235475
0.286828
0.351594
0.310177
0.217303
0.285351
0.547442
0.774592
0.848534
0.88513
0.892103
0.953699
0
0
0
0
0
0
0
0
0
0
0
0
0
0
0
0
0
0
0
0
0
0
0
0
0
0
0
0
0
0
0
0
0
0
0
0
0
0
0
0
0
0
0
0.962465
0.888552
0.777951
0.602835
0.486155
0.5176
0.550063
0.438627
0.2931
0.282864
0.402967
0.54931
0.64759
0.715071
0.766094
0.78055
0.782214
0.782328
0.765208
0.732252
0.69766
0.694155
0.650108
0.57727
0.61472
0.718523
0.759664
0.754898
0.735373
0.707452
0.673441
0.614095
0.568188
0.583034
0.643937
0.696813
0.695172
0.627073
0.549674
0.575394
0.66681
0.662936
0.625955
0.647328
0.677487
0.707805
0.718612
0.728339
0.786105
0.812144
0.619837
0.331136
0.187487
0.156579
0.152817
0.185421
0.302693
0.505234
0.690411
0.758293
0.77443
0.802304
0.814266
0.792527
0.756942
0.697335
0.664164
0.694996
0.702195
0.565305
0.357404
0.235563
0.197641
0.21194
0.235857
0.203681
0.165939
0.288724
0.597327
0.81215
0.864272
0.871996
0.885975
0.972838
0
0
0
0
0
0
0
0
0
0
0
0
0
0
0
0
0
0
0
0
0
0
0
0
0
0
0
0
0
0
0
0
0
0
0
0
0
0
0
0
0
0
0
0.977675
0.907126
0.80856
0.680977
0.495236
0.379205
0.352789
0.308962
0.284583
0.377817
0.549689
0.678165
0.745821
0.790206
0.814083
0.81168
0.817977
0.822718
0.78958
0.734349
0.69911
0.708752
0.705101
0.685451
0.731892
0.779692
0.740761
0.674055
0.622414
0.585114
0.548637
0.521658
0.521278
0.544077
0.600255
0.68556
0.731348
0.700077
0.648952
0.641266
0.664977
0.6653
0.652217
0.661955
0.678311
0.711782
0.762807
0.811112
0.860459
0.872295
0.764315
0.5176
0.294357
0.202781
0.17918
0.191598
0.285333
0.492125
0.711614
0.803233
0.808897
0.81971
0.840497
0.823053
0.789099
0.760707
0.750746
0.779441
0.795907
0.68217
0.475302
0.359119
0.33426
0.31722
0.273193
0.199316
0.169417
0.348919
0.681567
0.83583
0.881414
0.871105
0.896107
0.991422
0
0
0
0
0
0
0
0
0
0
0
0
0
0
0
0
0
0
0
0
0
0
0
0
0
0
0
0
0
0
0
0
0
0
0
0
0
0
0
0
0
0
0
0.980752
0.912826
0.820809
0.712637
0.460856
0.244157
0.204297
0.251625
0.351215
0.487779
0.570621
0.605046
0.668873
0.753382
0.793008
0.805525
0.832288
0.824783
0.788615
0.754472
0.731171
0.731433
0.744295
0.761875
0.780338
0.757586
0.661193
0.566105
0.522249
0.507618
0.475926
0.454404
0.47806
0.489629
0.500605
0.585139
0.682573
0.692214
0.66739
0.674414
0.686029
0.65777
0.617621
0.62365
0.672066
0.75433
0.809304
0.801429
0.818101
0.84817
0.815541
0.691741
0.494305
0.315342
0.22375
0.220165
0.312262
0.520441
0.738121
0.828788
0.832448
0.831117
0.832262
0.812311
0.780549
0.76741
0.787402
0.813367
0.826909
0.766396
0.604326
0.507015
0.513824
0.473855
0.350623
0.212494
0.187917
0.433933
0.766437
0.849293
0.894345
0.889695
0.929022
0
0
0
0
0
0
0
0
0
0
0
0
0
0
0
0
0
0
0
0
0
0
0
0
0
0
0
0
0
0
0
0
0
0
0
0
0
0
0
0
0
0
0
0
0.975193
0.905216
0.845876
0.774741
0.530942
0.252178
0.183016
0.297309
0.486937
0.566794
0.511942
0.513412
0.624838
0.747041
0.786508
0.803483
0.831254
0.814686
0.795595
0.784204
0.761611
0.755117
0.769786
0.787693
0.78401
0.724311
0.625061
0.557952
0.522644
0.470717
0.390262
0.365555
0.444336
0.495304
0.461086
0.487778
0.571021
0.602425
0.600883
0.642141
0.678444
0.618818
0.564776
0.584614
0.639044
0.749355
0.797132
0.71062
0.684005
0.734098
0.756645
0.729514
0.649254
0.495007
0.346752
0.296076
0.361104
0.56402
0.779064
0.842024
0.828819
0.826028
0.809063
0.774834
0.732908
0.724533
0.777157
0.817583
0.824378
0.777446
0.631821
0.535863
0.553754
0.51584
0.351232
0.183349
0.217546
0.53783
0.81873
0.864879
0.896848
0.885244
0.953917
0
0
0
0
0
0
0
0
0
0
0
0
0
0
0
0
0
0
0
0
0
0
0
0
0
0
0
0
0
0
0
0
0
0
0
0
0
0
0
0
0
0
0
0
0.986999
0.896839
0.858874
0.858543
0.705592
0.415413
0.262112
0.353583
0.541056
0.580998
0.525966
0.553613
0.660781
0.747922
0.763475
0.764446
0.789446
0.813332
0.816301
0.80461
0.78808
0.780182
0.785523
0.792035
0.765754
0.656416
0.55153
0.557687
0.600642
0.530846
0.425086
0.440184
0.546716
0.598001
0.543996
0.499083
0.516953
0.53084
0.51637
0.553336
0.589357
0.538635
0.508162
0.505398
0.532525
0.666289
0.768715
0.742874
0.727231
0.730053
0.735964
0.725842
0.683084
0.626837
0.521675
0.417859
0.430131
0.611568
0.808803
0.853263
0.83475
0.831045
0.811316
0.759173
0.677697
0.629819
0.66526
0.729068
0.759397
0.719647
0.622696
0.572397
0.578115
0.499009
0.299746
0.158036
0.300882
0.680581
0.843907
0.874019
0.868098
0.885954
0.980022
0
0
0
0
0
0
0
0
0
0
0
0
0
0
0
0
0
0
0
0
0
0
0
0
0
0
0
0
0
0
0
0
0
0
0
0
0
0
0
0
0
0
0
0
0
0.891437
0.849226
0.878038
0.827832
0.625458
0.37738
0.288438
0.343353
0.415184
0.47359
0.515996
0.550127
0.599872
0.645338
0.67527
0.734793
0.81177
0.82902
0.817676
0.812368
0.802615
0.79698
0.792012
0.739935
0.581248
0.455998
0.501367
0.629126
0.595269
0.503304
0.570798
0.651924
0.638334
0.614542
0.594904
0.584865
0.544404
0.48238
0.492727
0.494528
0.453123
0.44447
0.40513
0.391595
0.524557
0.738122
0.86832
0.851465
0.765064
0.747878
0.762231
0.735594
0.712565
0.667295
0.571172
0.552794
0.686543
0.819492
0.847582
0.834329
0.826486
0.82142
0.788312
0.694552
0.586311
0.517832
0.525865
0.583796
0.601708
0.572741
0.571715
0.575232
0.444821
0.225357
0.166828
0.43652
0.800547
0.853843
0.874019
0.844407
0.91577
0
0
0
0
0
0
0
0
0
0
0
0
0
0
0
0
0
0
0
0
0
0
0
0
0
0
0
0
0
0
0
0
0
0
0
0
0
0
0
0
0
0
0
0
0
0
0.907724
0.847925
0.868937
0.841518
0.754934
0.482105
0.210898
0.140153
0.204174
0.331974
0.433435
0.478544
0.53887
0.623768
0.70092
0.773866
0.827193
0.838627
0.838049
0.841758
0.828281
0.805932
0.794839
0.749405
0.613619
0.516186
0.563532
0.649801
0.56845
0.459304
0.530233
0.599599
0.537459
0.522595
0.608396
0.66942
0.606842
0.511279
0.482694
0.43712
0.388213
0.373104
0.309019
0.277116
0.407314
0.670871
0.855864
0.810102
0.694224
0.704419
0.782458
0.825804
0.820894
0.785196
0.72574
0.718009
0.787593
0.83366
0.786209
0.712761
0.709616
0.768941
0.801678
0.745608
0.642323
0.518182
0.435215
0.430519
0.477046
0.512947
0.526198
0.509911
0.368767
0.178691
0.239232
0.622198
0.859949
0.860442
0.839695
0.858968
0.961845
0
0
0
0
0
0
0
0
0
0
0
0
0
0
0
0
0
0
0
0
0
0
0
0
0
0
0
0
0
0
0
0
0
0
0
0
0
0
0
0
0
0
0
0
0
0
0.953782
0.858759
0.841917
0.836209
0.802068
0.612361
0.270352
0.108789
0.132589
0.242165
0.386249
0.513911
0.638706
0.743718
0.802605
0.824761
0.834101
0.850827
0.866163
0.870885
0.839113
0.800583
0.798117
0.778747
0.698484
0.644089
0.683784
0.695754
0.566614
0.452194
0.474651
0.524358
0.480512
0.427159
0.485893
0.607245
0.621816
0.529285
0.441506
0.371298
0.355936
0.368984
0.327244
0.328486
0.461249
0.611081
0.646392
0.571389
0.519111
0.601411
0.748743
0.851985
0.87508
0.852954
0.825443
0.841311
0.874169
0.854833
0.715115
0.551891
0.510546
0.586221
0.685435
0.708566
0.673552
0.608622
0.518837
0.424342
0.399775
0.455926
0.495382
0.437004
0.301357
0.222512
0.429034
0.80982
0.870492
0.85656
0.814091
0.892436
0.995564
0
0
0
0
0
0
0
0
0
0
0
0
0
0
0
0
0
0
0
0
0
0
0
0
0
0
0
0
0
0
0
0
0
0
0
0
0
0
0
0
0
0
0
0
0
0
0.991372
0.891943
0.807612
0.818843
0.82173
0.755664
0.465102
0.193048
0.158691
0.275795
0.428828
0.567597
0.70112
0.785145
0.803218
0.796523
0.812381
0.838067
0.84307
0.837715
0.812647
0.801189
0.819018
0.809065
0.729325
0.620424
0.60177
0.606797
0.553126
0.53126
0.519203
0.492811
0.479547
0.421
0.364481
0.429877
0.540186
0.505109
0.381339
0.3195
0.367218
0.450876
0.492773
0.567482
0.64295
0.566121
0.40903
0.322725
0.362657
0.533928
0.736135
0.853393
0.880156
0.880266
0.882479
0.898266
0.918547
0.888687
0.76346
0.596865
0.462507
0.414914
0.469896
0.546799
0.590804
0.60563
0.57768
0.490116
0.401054
0.397734
0.419343
0.339509
0.242815
0.342885
0.67401
0.877128
0.872805
0.817764
0.816964
0.940354
0
0
0
0
0
0
0
0
0
0
0
0
0
0
0
0
0
0
0
0
0
0
0
0
0
0
0
0
0
0
0
0
0
0
0
0
0
0
0
0
0
0
0
0
0
0
0
0
0.952979
0.828268
0.771527
0.815926
0.829058
0.655366
0.328482
0.228917
0.391802
0.57229
0.655456
0.715432
0.760427
0.786431
0.802315
0.813499
0.793712
0.765918
0.75769
0.75905
0.801807
0.846203
0.837198
0.721008
0.512566
0.435891
0.480721
0.515363
0.559067
0.549596
0.495721
0.492452
0.464142
0.3589
0.321418
0.407857
0.434825
0.344174
0.321511
0.420663
0.52725
0.603569
0.692594
0.668034
0.477907
0.308528
0.284414
0.400977
0.60139
0.775784
0.85953
0.877258
0.894746
0.911232
0.909369
0.912659
0.89627
0.846761
0.767256
0.624455
0.462912
0.385874
0.391872
0.437477
0.502152
0.537234
0.529301
0.475785
0.410061
0.352085
0.254771
0.24317
0.501586
0.824328
0.873222
0.86651
0.813105
0.869537
0.988236
0
0
0
0
0
0
0
0
0
0
0
0
0
0
0
0
0
0
0
0
0
0
0
0
0
0
0
0
0
0
0
0
0
0
0
0
0
0
0
0
0
0
0
0
0
0
0
0
0.995549
0.884947
0.774919
0.798319
0.839703
0.777875
0.52028
0.335203
0.376859
0.481643
0.57151
0.672843
0.756241
0.823689
0.866063
0.832214
0.745171
0.720103
0.723651
0.718813
0.79237
0.853385
0.834302
0.708166
0.493303
0.438049
0.533696
0.567798
0.523759
0.484244
0.50122
0.550009
0.548277
0.459731
0.35641
0.335018
0.339134
0.321055
0.37689
0.478312
0.487583
0.470719
0.492543
0.470239
0.381495
0.342804
0.413944
0.537314
0.660651
0.774797
0.843674
0.864147
0.891418
0.907895
0.892345
0.872983
0.859958
0.854641
0.842747
0.800321
0.675806
0.496755
0.377562
0.349979
0.398747
0.476256
0.533517
0.543144
0.474948
0.372399
0.301901
0.414013
0.719503
0.878835
0.863324
0.846439
0.85459
0.948369
0
0
0
0
0
0
0
0
0
0
0
0
0
0
0
0
0
0
0
0
0
0
0
0
0
0
0
0
0
0
0
0
0
0
0
0
0
0
0
0
0
0
0
0
0
0
0
0
0
0
0.959707
0.852437
0.792557
0.816539
0.828777
0.726358
0.515945
0.3384
0.279131
0.369844
0.550316
0.701737
0.825729
0.890116
0.809576
0.688577
0.691982
0.710276
0.697858
0.78961
0.856747
0.825505
0.718418
0.572209
0.573625
0.673794
0.647679
0.522632
0.465414
0.510099
0.560481
0.558565
0.524728
0.447351
0.337134
0.263316
0.286529
0.411312
0.468494
0.369065
0.27289
0.246241
0.271529
0.313446
0.389288
0.496961
0.541894
0.582053
0.703668
0.812288
0.859978
0.878051
0.876595
0.869496
0.855368
0.855463
0.865531
0.842192
0.821901
0.790065
0.658935
0.495344
0.389575
0.356273
0.386553
0.420421
0.414627
0.390616
0.404666
0.51038
0.719918
0.875453
0.869923
0.851054
0.832482
0.909435
0.9947
0
0
0
0
0
0
0
0
0
0
0
0
0
0
0
0
0
0
0
0
0
0
0
0
0
0
0
0
0
0
0
0
0
0
0
0
0
0
0
0
0
0
0
0
0
0
0
0
0
0
0
0.925321
0.810488
0.781002
0.814882
0.818682
0.705391
0.456336
0.224164
0.204833
0.3902
0.615622
0.793041
0.846369
0.707021
0.585743
0.619305
0.650165
0.675146
0.797173
0.867528
0.832363
0.730877
0.628498
0.637927
0.681077
0.641722
0.570968
0.545456
0.539675
0.51101
0.497516
0.528352
0.522704
0.374695
0.22384
0.22717
0.356179
0.424645
0.338375
0.224222
0.17398
0.193523
0.266193
0.385965
0.484364
0.485555
0.523991
0.666852
0.780535
0.839163
0.843033
0.818479
0.840141
0.878704
0.902421
0.890002
0.815335
0.750063
0.74013
0.717532
0.63683
0.52706
0.406372
0.318949
0.267505
0.209777
0.222225
0.421543
0.732076
0.890136
0.887595
0.848301
0.790467
0.846611
0.969358
0
0
0
0
0
0
0
0
0
0
0
0
0
0
0
0
0
0
0
0
0
0
0
0
0
0
0
0
0
0
0
0
0
0
0
0
0
0
0
0
0
0
0
0
0
0
0
0
0
0
0
0
0.971804
0.870221
0.778682
0.782688
0.821679
0.800419
0.630395
0.300251
0.177921
0.351795
0.62869
0.798785
0.764363
0.544811
0.449791
0.520998
0.583627
0.673747
0.80841
0.867951
0.839221
0.727984
0.617612
0.587941
0.600125
0.619665
0.632318
0.620143
0.575507
0.503623
0.468072
0.523534
0.574216
0.429734
0.237238
0.214051
0.317446
0.394324
0.35093
0.250439
0.20455
0.232079
0.305462
0.39864
0.450695
0.451637
0.531314
0.682997
0.749661
0.782459
0.788883
0.747418
0.774619
0.871688
0.925003
0.885255
0.769318
0.650255
0.606236
0.624667
0.64484
0.622481
0.490212
0.324367
0.223113
0.173875
0.256718
0.570634
0.864083
0.897417
0.86267
0.779011
0.780246
0.914413
0
0
0
0
0
0
0
0
0
0
0
0
0
0
0
0
0
0
0
0
0
0
0
0
0
0
0
0
0
0
0
0
0
0
0
0
0
0
0
0
0
0
0
0
0
0
0
0
0
0
0
0
0
0.997894
0.948488
0.840391
0.770518
0.786682
0.818119
0.763263
0.522195
0.336735
0.445084
0.69636
0.817489
0.681666
0.416721
0.360134
0.4816
0.606279
0.718021
0.807674
0.845959
0.830806
0.741709
0.616977
0.544885
0.5792
0.674384
0.711987
0.67949
0.633627
0.551126
0.467919
0.489895
0.559025
0.451466
0.283111
0.280743
0.374184
0.40586
0.357206
0.280281
0.262555
0.330262
0.378831
0.372422
0.379647
0.428644
0.570738
0.716586
0.732524
0.740942
0.744662
0.669867
0.650196
0.758199
0.865797
0.85353
0.73059
0.559333
0.453727
0.46582
0.546291
0.594128
0.498729
0.349287
0.295787
0.394322
0.635967
0.840001
0.907998
0.882551
0.804304
0.74883
0.850295
0.986144
0
0
0
0
0
0
0
0
0
0
0
0
0
0
0
0
0
0
0
0
0
0
0
0
0
0
0
0
0
0
0
0
0
0
0
0
0
0
0
0
0
0
0
0
0
0
0
0
0
0
0
0
0
0
0.990595
0.932002
0.810144
0.747649
0.784699
0.828053
0.776719
0.607248
0.562862
0.693236
0.763356
0.585231
0.361179
0.369933
0.547583
0.69701
0.750026
0.764784
0.784526
0.794312
0.756149
0.645637
0.566404
0.634782
0.763265
0.777012
0.709782
0.668988
0.612173
0.510756
0.485666
0.516796
0.416509
0.294495
0.313559
0.393285
0.428332
0.416462
0.368873
0.361871
0.40897
0.386659
0.331613
0.365063
0.48756
0.655829
0.755293
0.739325
0.737887
0.730586
0.606347
0.498481
0.561707
0.739181
0.820565
0.74113
0.574004
0.438701
0.428455
0.519018
0.573631
0.475683
0.362495
0.44568
0.745969
0.882627
0.920854
0.90375
0.840242
0.756348
0.814124
0.948826
0
0
0
0
0
0
0
0
0
0
0
0
0
0
0
0
0
0
0
0
0
0
0
0
0
0
0
0
0
0
0
0
0
0
0
0
0
0
0
0
0
0
0
0
0
0
0
0
0
0
0
0
0
0
0
0
0.984148
0.870131
0.741972
0.740054
0.815353
0.877138
0.835364
0.699805
0.62156
0.559566
0.411364
0.331535
0.435653
0.634084
0.735684
0.706395
0.66186
0.676079
0.728242
0.727888
0.642913
0.603516
0.695062
0.797296
0.733365
0.610858
0.600262
0.630937
0.587086
0.550864
0.508364
0.374354
0.293741
0.309812
0.320926
0.341514
0.40268
0.44161
0.45549
0.459148
0.421993
0.393016
0.442847
0.557274
0.686066
0.767887
0.761314
0.744179
0.710478
0.550314
0.388692
0.410033
0.621965
0.788492
0.760079
0.657578
0.581872
0.572477
0.606675
0.593071
0.478561
0.427668
0.608219
0.834047
0.890894
0.898669
0.860594
0.761829
0.769637
0.913643
0
0
0
0
0
0
0
0
0
0
0
0
0
0
0
0
0
0
0
0
0
0
0
0
0
0
0
0
0
0
0
0
0
0
0
0
0
0
0
0
0
0
0
0
0
0
0
0
0
0
0
0
0
0
0
0
0
0.996087
0.915534
0.785242
0.728188
0.768062
0.861232
0.906443
0.85828
0.64187
0.421606
0.298835
0.309581
0.447665
0.635636
0.716847
0.676414
0.637644
0.647038
0.692284
0.690955
0.633684
0.637518
0.726414
0.785644
0.68214
0.547618
0.539819
0.569619
0.552632
0.544778
0.479988
0.346233
0.317106
0.331424
0.250542
0.217744
0.309538
0.428414
0.486796
0.494277
0.478498
0.480744
0.512544
0.555909
0.637545
0.746583
0.771571
0.712544
0.608003
0.457451
0.346297
0.371977
0.566745
0.730868
0.694092
0.628581
0.644616
0.671859
0.635561
0.571165
0.526642
0.595061
0.788008
0.866586
0.889833
0.864386
0.792543
0.758732
0.862395
0.981207
0
0
0
0
0
0
0
0
0
0
0
0
0
0
0
0
0
0
0
0
0
0
0
0
0
0
0
0
0
0
0
0
0
0
0
0
0
0
0
0
0
0
0
0
0
0
0
0
0
0
0
0
0
0
0
0
0
0
0.968252
0.875442
0.77932
0.742091
0.789138
0.884182
0.895294
0.809465
0.573397
0.407523
0.35738
0.408719
0.527241
0.628418
0.693542
0.741641
0.7279
0.685885
0.665189
0.668711
0.709593
0.769238
0.791563
0.722893
0.613824
0.55671
0.516036
0.478166
0.493303
0.441806
0.335851
0.359581
0.37505
0.237028
0.179497
0.280962
0.430109
0.504745
0.499845
0.484042
0.532179
0.591606
0.599818
0.624692
0.716252
0.76102
0.665802
0.491391
0.368445
0.337875
0.383703
0.5389
0.657267
0.597206
0.543875
0.586006
0.602068
0.557834
0.562309
0.646215
0.766961
0.873184
0.917858
0.88824
0.816759
0.759067
0.832757
0.963054
0
0
0
0
0
0
0
0
0
0
0
0
0
0
0
0
0
0
0
0
0
0
0
0
0
0
0
0
0
0
0
0
0
0
0
0
0
0
0
0
0
0
0
0
0
0
0
0
0
0
0
0
0
0
0
0
0
0
0
0
0.96553
0.891261
0.792422
0.744788
0.809946
0.88714
0.885813
0.818151
0.64751
0.485664
0.397482
0.395959
0.481347
0.640037
0.775601
0.765328
0.677236
0.65574
0.721411
0.80891
0.826617
0.786638
0.747705
0.676026
0.577475
0.4928
0.477102
0.544129
0.486191
0.368189
0.417721
0.461991
0.323071
0.246395
0.349692
0.494214
0.527609
0.494901
0.51476
0.626483
0.711708
0.699246
0.668721
0.703242
0.73522
0.639711
0.450542
0.33085
0.325418
0.39391
0.541056
0.640476
0.585152
0.532764
0.54002
0.531722
0.537241
0.647367
0.777769
0.887216
0.945807
0.923091
0.869516
0.757897
0.779258
0.920557
0
0
0
0
0
0
0
0
0
0
0
0
0
0
0
0
0
0
0
0
0
0
0
0
0
0
0
0
0
0
0
0
0
0
0
0
0
0
0
0
0
0
0
0
0
0
0
0
0
0
0
0
0
0
0
0
0
0
0
0
0
0
0
0.881387
0.767175
0.768096
0.845736
0.891648
0.880656
0.817777
0.73494
0.591289
0.449379
0.439801
0.554244
0.688731
0.733106
0.716056
0.711863
0.771138
0.844097
0.856119
0.749581
0.704366
0.669367
0.572581
0.469817
0.480691
0.582926
0.515504
0.384673
0.428921
0.529273
0.49414
0.443103
0.501128
0.55222
0.541269
0.56029
0.658588
0.769945
0.786385
0.727951
0.682629
0.682299
0.681927
0.619071
0.460574
0.311385
0.285312
0.39847
0.59341
0.677735
0.600266
0.536271
0.535132
0.548901
0.609982
0.772536
0.902196
0.967576
0.951079
0.903675
0.808436
0.735877
0.85304
0.983319
0
0
0
0
0
0
0
0
0
0
0
0
0
0
0
0
0
0
0
0
0
0
0
0
0
0
0
0
0
0
0
0
0
0
0
0
0
0
0
0
0
0
0
0
0
0
0
0
0
0
0
0
0
0
0
0
0
0
0
0
0
0
0
0.957891
0.844014
0.773862
0.80916
0.868869
0.88812
0.888077
0.931281
0.878764
0.645727
0.505858
0.532673
0.610452
0.695981
0.777407
0.806278
0.815541
0.814441
0.82286
0.684635
0.646131
0.641089
0.567108
0.491723
0.507285
0.534704
0.460126
0.376069
0.406524
0.537681
0.622315
0.627874
0.609042
0.563755
0.573102
0.695263
0.822177
0.821419
0.714723
0.623992
0.598646
0.604598
0.613443
0.627527
0.528144
0.328477
0.240574
0.347371
0.572239
0.651121
0.572181
0.540169
0.579282
0.624214
0.708266
0.873715
0.960522
0.957602
0.925936
0.870066
0.754921
0.799159
0.950535
0
0
0
0
0
0
0
0
0
0
0
0
0
0
0
0
0
0
0
0
0
0
0
0
0
0
0
0
0
0
0
0
0
0
0
0
0
0
0
0
0
0
0
0
0
0
0
0
0
0
0
0
0
0
0
0
0
0
0
0
0
0
0
0
0.996207
0.942703
0.803017
0.69896
0.751903
0.854779
0.891138
0.926271
0.990595
0.831985
0.606884
0.592098
0.665083
0.768331
0.880468
0.93772
0.801585
0.757366
0.766657
0.590801
0.601108
0.659152
0.621485
0.562485
0.553092
0.509808
0.469943
0.438228
0.441562
0.559193
0.668053
0.67615
0.618215
0.558114
0.612548
0.796086
0.78634
0.708677
0.550915
0.511136
0.509524
0.514206
0.540043
0.609457
0.593854
0.411015
0.255033
0.275564
0.438288
0.551695
0.578042
0.621344
0.690573
0.72925
0.781365
0.915035
0.950851
0.922666
0.840752
0.780863
0.803771
0.920878
0
0
0
0
0
0
0
0
0
0
0
0
0
0
0
0
0
0
0
0
0
0
0
0
0
0
0
0
0
0
0
0
0
0
0
0
0
0
0
0
0
0
0
0
0
0
0
0
0
0
0
0
0
0
0
0
0
0
0
0
0
0
0
0
0
0
0.99548
0.900977
0.694093
0.626954
0.774031
0.899563
0.947257
0.962532
0.946016
0.77021
0.78341
0.931852
0
0
0
0.765406
0.694641
0.732313
0.487265
0.529504
0.619607
0.659161
0.62425
0.575566
0.54213
0.562506
0.549011
0.548929
0.615453
0.651504
0.600877
0.500357
0.469797
0.600811
0.755849
0.691492
0.589046
0.467056
0.483544
0.472233
0.449006
0.440148
0.475501
0.526881
0.495562
0.37702
0.330692
0.417868
0.570967
0.72022
0.813948
0.799537
0.834654
0.860997
0.928439
0.919223
0.84595
0.760982
0.796716
0.923968
0.995139
0
0
0
0
0
0
0
0
0
0
0
0
0
0
0
0
0
0
0
0
0
0
0
0
0
0
0
0
0
0
0
0
0
0
0
0
0
0
0
0
0
0
0
0
0
0
0
0
0
0
0
0
0
0
0
0
0
0
0
0
0
0
0
0
0
0
0
0.990664
0.886582
0.721339
0.735257
0.875915
0.919261
0.903637
0.899731
0.869305
0.903523
0
0
0
0
0.685503
0.694222
0.677613
0.450713
0.42092
0.454155
0.556255
0.591364
0.57792
0.614889
0.664204
0.625887
0.698926
0.681731
0.520475
0.396529
0.328636
0.367196
0.564467
0.669308
0.592211
0.541849
0.48387
0.487902
0.44661
0.415904
0.394294
0.395821
0.454014
0.542956
0.556009
0.539459
0.621233
0.819119
0.977106
0.937464
0.881755
0.890743
0.908671
0.909116
0.850051
0.738935
0.751374
0.898669
0.987068
0
0
0
0
0
0
0
0
0
0
0
0
0
0
0
0
0
0
0
0
0
0
0
0
0
0
0
0
0
0
0
0
0
0
0
0
0
0
0
0
0
0
0
0
0
0
0
0
0
0
0
0
0
0
0
0
0
0
0
0
0
0
0
0
0
0
0
0
0
0
0.926732
0.832379
0.84057
0.878342
0.8824
0.872236
0.870416
0.915583
0
0
0
0.923399
0.732223
0.782358
0.725902
0.553219
0.398987
0.369204
0.483119
0.536643
0.592487
0.717527
0.738261
0.720581
0.810876
0.643811
0.374517
0.275083
0.279145
0.351504
0.556283
0.574536
0.535023
0.567674
0.504004
0.482285
0.444683
0.460404
0.496109
0.491391
0.487847
0.55694
0.649959
0.743954
0.883583
0
0.997952
0.907732
0.868785
0.882513
0.863106
0.820131
0.763941
0.765671
0.87307
0.979483
0
0
0
0
0
0
0
0
0
0
0
0
0
0
0
0
0
0
0
0
0
0
0
0
0
0
0
0
0
0
0
0
0
0
0
0
0
0
0
0
0
0
0
0
0
0
0
0
0
0
0
0
0
0
0
0
0
0
0
0
0
0
0
0
0
0
0
0
0
0
0
0
0.962228
0.87778
0.855178
0.883499
0.88422
0.888126
0.917972
0
0
0
0
0.934886
0.883879
0.845605
0.738539
0.543948
0.476083
0.571734
0.586066
0.660386
0.806469
0.702733
0.604929
0.640348
0.511933
0.37021
0.378075
0.408286
0.433303
0.567825
0.552656
0.573098
0.524534
0.538208
0.565069
0.555749
0.598378
0.678299
0.670033
0.629219
0.668949
0.744269
0.816725
0.927262
0.967917
0.904305
0.849457
0.867951
0.836923
0.746681
0.712601
0.789658
0.920215
0.992339
0
0
0
0
0
0
0
0
0
0
0
0
0
0
0
0
0
0
0
0
0
0
0
0
0
0
0
0
0
0
0
0
0
0
0
0
0
0
0
0
0
0
0
0
0
0
0
0
0
0
0
0
0
0
0
0
0
0
0
0
0
0
0
0
0
0
0
0
0
0
0
0
0
0
0.96528
0.901898
0.907809
0.911866
0.901816
0.903561
0.957109
0
0
0
0.990595
0.910956
0.889681
0.888354
0.765719
0.653677
0.699991
0.714872
0.751019
0.813547
0.666001
0.552222
0.596018
0.556705
0.542546
0.626254
0.600956
0.526551
0.587089
0.640501
0.589549
0.577996
0.659475
0.716068
0.694806
0.700118
0.771868
0.798258
0.811191
0.838826
0.845955
0.796448
0.843729
0.912862
0.884034
0.882855
0.887519
0.801316
0.71782
0.777932
0.920914
0.992859
0
0
0
0
0
0
0
0
0
0
0
0
0
0
0
0
0
0
0
0
0
0
0
0
0
0
0
0
0
0
0
0
0
0
0
0
0
0
0
0
0
0
0
0
0
0
0
0
0
0
0
0
0
0
0
0
0
0
0
0
0
0
0
0
0
0
0
0
0
0
0
0
0
0
0
0
0.976509
0.942671
0.932944
0.921309
0.902234
0.90978
0.943115
0.92854
0.963518
0.920626
0.869354
0.862414
0.882703
0.851828
0.749727
0.761563
0.823987
0.836192
0.839455
0.816814
0.803783
0.826687
0.794671
0.779734
0.795766
0.701111
0.608721
0.652861
0.736414
0.773706
0.782574
0.770025
0.755076
0.737523
0.746284
0.794909
0.825287
0.840494
0.840418
0.83052
0.837117
0.882922
0.926194
0.912814
0.901513
0.874425
0.847146
0.871394
0.948475
0
0
0
0
0
0
0
0
0
0
0
0
0
0
0
0
0
0
0
0
0
0
0
0
0
0
0
0
0
0
0
0
0
0
0
0
0
0
0
0
0
0
0
0
0
0
0
0
0
0
0
0
0
0
0
0
0
0
0
0
0
0
0
0
0
0
0
0
0
0
0
0
0
0
0
0
0
0
0
0.995386
0.973969
0.933326
0.905275
0.918768
0.941901
0.976677
0.975274
0.939664
0.896697
0.847434
0.818195
0.807456
0.766921
0.760866
0.800535
0.827721
0.856455
0.914207
0.953935
0.958428
0.943464
0.929565
0.911375
0.846678
0.805724
0.862775
0.935802
0.945073
0.887823
0.81573
0.787381
0.793431
0.798248
0.795631
0.798665
0.81683
0.847017
0.886268
0.931548
0.958322
0.951534
0.91958
0.888349
0.896454
0.949068
0.992004
0
0
0
0
0
0
0
0
0
0
0
0
0
0
0
0
0
0
0
0
0
0
0
0
0
0
0
0
0
0
0
0
0
0
0
0
0
0
0
0
0
0
0
0
0
0
0
0
0
0
0
0
0
0
0
0
0
0
0
0
0
0
0
0
0
0
0
0
0
0
0
0
0
0
0
0
0
0
0
0
0
0
0.980168
0.93901
0.92751
0.959846
0.98794
0.976336
0.968031
0.967993
0.92859
0.86833
0.839167
0.825932
0.804581
0.798816
0.808124
0.82275
0.861034
0.889415
0.892601
0.890342
0.903968
0.923888
0.925139
0.914428
0.918654
0.914597
0.894573
0.857636
0.829079
0.813834
0.800789
0.80204
0.814555
0.840039
0.889529
0.947287
0.98794
0.989837
0.948636
0.90848
0.914201
0.936316
0.974435
0
0
0
0
0
0
0
0
0
0
0
0
0
0
0
0
0
0
0
0
0
0
0
0
0
0
0
0
0
0
0
0
0
0
0
0
0
0
0
0
0
0
0
0
0
0
0
0
0
0
0
0
0
0
0
0
0
0
0
0
0
0
0
0
0
0
0
0
0
0
0
0
0
0
0
0
0
0
0
0
0
0
0
0
0
0
0.981036
0
0
0.913959
0.871646
0.906887
0.952823
0.956274
0.958133
0.953089
0.926656
0.90303
0.893777
0.888126
0.889871
0.89408
0.893322
0.885851
0.87804
0.882438
0.877963
0.868292
0.864121
0.862869
0.855246
0.844362
0.847093
0.854867
0.86249
0.886799
0.92275
0.961394
0.995108
0
0.997763
0.963154
0.903543
0.908159
0.960792
0.993696
0
0
0
0
0
0
0
0
0
0
0
0
0
0
0
0
0
0
0
0
0
0
0
0
0
0
0
0
0
0
0
0
0
0
0
0
0
0
0
0
0
0
0
0
0
0
0
0
0
0
0
0
0
0
0
0
0
0
0
0
0
0
0
0
0
0
0
0
0
0
0
0
0
0
0
0
0
0
0
0
0
0
0
0
0
0
0
0
0
0
0.934299
0.846021
0.807074
0.837921
0.889851
0.949871
0
0.983807
0.950662
0.930828
0.923698
0.932079
0.945997
0.953089
0.942887
0.92567
0.91801
0.911449
0.903409
0.902271
0.90413
0.896128
0.886837
0.901741
0.936668
0.971595
0.996397
0
0
0.989078
0.957278
0.95057
0.954513
0.952593
0.976806
0
0
0
0
0
0
0
0
0
0
0
0
0
0
0
0
0
0
0
0
0
0
0
0
0
0
0
0
0
0
0
0
0
0
0
0
0
0
0
0
0
0
0
0
0
0
0
0
0
0
0
0
0
0
0
0
0
0
0
0
0
0
0
0
0
0
0
0
0
0
0
0
0
0
0
0
0
0
0
0
0
0
0
0
0
0
0
0
0
0
0
0
0.995683
0.961529
0.912391
0.87617
0.856941
0.882571
0.925409
0.92451
0.909343
0.914739
0.907429
0.905154
0.916151
0.930524
0.932269
0.929842
0.938716
0.945466
0.942622
0.938185
0.932269
0.918541
0.907353
0.919261
0.951496
0.98138
0.990557
0.983352
0.969121
0.950466
0.941158
0.967902
0.994083
0
0
0
0
0
0
0
0
0
0
0
0
0
0
0
0
0
0
0
0
0
0
0
0
0
0
0
0
0
0
0
0
0
0
0
0
0
0
0
0
0
0
0
0
0
0
0
0
0
0
0
0
0
0
0
0
0
0
0
0
0
0
0
0
0
0
0
0
0
0
0
0
0
0
0
0
0
0
0
0
0
0
0
0
0
0
0
0
0
0
0
0
0
0
0
0
0
0.987216
0.966488
0.966553
0.967596
0.949358
0.940696
0.949296
0.936869
0.902811
0.896977
0.9339
0.941636
0.934866
0.931406
0.932345
0.926504
0.914843
0.913996
0.913762
0.899778
0.879125
0.8974
0.948731
0.964932
0.961173
0.971856
0.983796
0.994185
0
0
0
0
0
0
0
0
0
0
0
0
0
0
0
0
0
0
0
0
0
0
0
0
0
0
0
0
0
0
0
0
0
0
0
0
0
0
0
0
0
0
0
0
0
0
0
0
0
0
0
0
0
0
0
0
0
0
0
0
0
0
0
0
0
0
0
0
0
0
0
0
0
0
0
0
0
0
0
0
0
0
0
0
0
0
0
0
0
0
0
0
0
0
0
0
0
0
0
0
0
0
0
0
0
0
0.993455
0.976395
0.966556
0.977335
0
0.968941
0.942604
0.946727
0.944599
0.933024
0.939483
0.948443
0.948763
0.939972
0.950652
0.980328
0
0
0
0
0
0
0
0
0
0
0
0
0
0
0
0
0
0
0
0
0
0
0
0
0
0
0
0
0
0
0
0
0
0
0
0
0
0
0
0
0
0
0
0
0
0
0
0
0
0
0
0
0
0
0
0
0
0
0
0
0
0
0
0
0
0
0
0
0
0
0
0
0
0
0
0
0
0
0
0
0
0
0
0
0
0
0
0
0
0
0
0
0
0
0
0
0
0
0
0
0
0
0
0
0
0
0
0
0
0
0
0
0
0
0
0
0
0
0
0
0
0
0
0
0
0
0
0
0
0
0
0
0
0
0
0
0
0
0
0
0
0
0
0
0
0
0
0
0
0
0
0
0
0
0
0
0
0
0
0
0
0
0
0
0
0
0
0
0
0
0
0
0
0
0
0
0
0
0
0
0
0
0
0
0
0
0
0
0
0
0
0
0
0
0
0
0
0
0
0
0
0
0
0
0
0
0
0
0
0
0
0
0
0
0
0
0
0
0
0
0
0
0
0
0
0
0
0
0
0
0
0
0
0
0
0
0
0
0
0
0
0
0
0
0
0
0
0
0
0
0
0
0
0
0
0
0
0
0
0
0
0
0
0
0
0
0
0
0
0
0
0
0
0
0
0
0
0
0
0
0
0
0
0
0
0
0
0
0
0
0
0
0
0
0
0
0
0
0
0
0
0
0
0
0
0
0
0
0
0
0
0
0
0
0
0
0
0
0
0
0
0
0
0
0
0
0
0
0
0
0
0
0
0
0
0
0
0
0
0
0
0
0
0
0
0
0
0
0
0
0
0
0
0
0
0
0
0
0
0
0
0
0
0
0
0
0
0
0
0
0
0
0
0
0
0
0
0
0
0
0
0
0
0
0
0
0
0
0
0
0
0
0
0
0
0
0
0
0
0
0
0
0
0
0
0
0
0
0
0
0
0
0
0
0
0
0
0
0
0
0
0
0
0
0
0
0
0
0
0
0
0
0
0
0
0
0
0
0
0
0
0
0
0
0
0
0
0
0
0
0
0
0
0
0
0
0
0
0
0
0
0
0
0
0
0
0
0
0
0
0
0
0
0
0
0
0
0
0
0
0
0
0
0
0
0
0
0
0
0
0
0
0
0
0
0
0
0
0
0
0
0
0
0
0
0
0
0
0
0
0
0
0
0
0
0
0
0
0
0
0
0
0
0
0
0
0
0
0
0
0
0
0
0
0
0
0
0
0
0
0
0
0
0
0
0
0
0
0
0
0
0
0
0
0
0
0
0
0
0
0
0
0
0
0
0
0
0
0
0
0
0
0
0
0
0
0
0
0
0
0
0
0
0
0
0
0
0
0
0
0
0
0
0
0
0
0
0
0
0
0
0
0
0
0
0
0
0
0
0
0
0
0
0
0
0
0
0
0
0
0
0
0
0
0
0
0
0
0
0
0
0
0
0
0
0
0
0
0
0
0
0
0
0
0
0
0
0
0
0
0
0
0
0
0
0
0
0
0
0
0
0
0
0
0
0
0
0
0
0
0
0
0
0
0
0
0
0
0
0
0
0
0
0
0
0
0
0
0
0
0
0
0
0
0
0
0
0
0
0
0
0
0
0
0
0
0
0
0
0
0
0
0
0
0
0
0
0
0
0
0
0
0
0
0
0
0
0
0
0
0
0
0
0
0
0
0
0
0
0
0
0
0
0
0
0
0
0
0
0
0
0
0
0
0
0
0
0
0
0
0
0
0
0
0
0
0
0
0
0
0
0
0
0
0
0
0
0
0
0
0
0
0
0
0
0
0
0
0
0
0
0
0
0
0
0
0
0
0
0
0
0
0
0
0
0
0
0
0
0
0
0
0
0
0
0
0
0
0
0
0
0
0
0
0
0
0
0
0
0
0
0
0
0
0
0
0
0
0
0
0
0
0
0
0
0
0
0
0
0
0
0
0
0
0
0
0
0
0
0
0
0
0
0
0
0
0
0
0
0
0
0
0
0
0
0
0
0
0
0
0
0
0
0
0
0
0
0
0
0
0
0
0
0
0
0
0
0
0
0
0
0
0
0
0
0
0
0
0
0
0
0
0
0
0
0
0
0
0
0
0
0
0
0
0
0
0
0
0
0
0
0
0
0
0
0
0
0
0
0
0
0
0
0
0
0
0
0
0
0
0
0
0
0
0
0
0
0
0
0
0
0
0
0
0
0
0
0
0
0
0
0
0
0
0
0
0
0
0
0
0
0
0
0
0
0
0
0
0
0
0
0
0
0
0
0
0
0
0
0
0
0
0
0
0
0
0
0
0
0
0
0
0
0
0
0
0
0
0
0
0
0
0
0
0
0
0
0
0
0
0
0
0
0
0
0
0
0
0
0
0
0
0
0
0
0
0
0
0
0
0
0
0
0
0
0
0
0
0
0
0
0
0
0
0
0
0
0
0
0
0
0
0
0
0
0
0
0
0
0
0
0
0
0
0
0
0
0
0
0
0
0
0
0
0
0
0
0
0
0
0
0
0
0
0
0
0
0
0
0
0
0
0
0
0
0
0
0
0
0
0
0
0
0
0
0
0
0
0
0
0
0
0
0
0
0
0
0
0
0
0
0
0
0
0
0
0
0
0
0
0
0
0
0
0
0
0
0
0
0
0
0
0
0
0
0
0
0
0
0
0
0
0
0
0
0
0
0
0
0
0
0
0
0
0
0
0
0
0
0
0
0
0
0
0
0
0
0
0
0
0
0
0
0
0
0
0
0
0
0
0
0
0
0
0
0
0
0
0
0
0
0
0
0
0
0
0
0
0
0
0
0
0
0
0
0
0
0
0
0
0
0
0
0
0
0
0
0
0
0
0
0
0
0
0
0
0
0
0
0
0
0
0
0
0
0
0
0
0
0
0
0
0
0
0
0
0
0
0
0
0
0
0
0
0
0
0
0
0
0
0
0
0
0
0
0
0
0
0
0
0
0
0
0
0
0
0
0
0
0
0
0
0
0
0
0
0
0
0
0
0
0
0
0
0
0
0
0
0
0
0
0
0
0
0
0
0
0
0
0
0
0
0
0
0
0
0
0
0
0
0
0
0
0
0
0
0
0
0
0
0
0
0
0
0
0
0
0
0
0
0
0
0
0
0
0
0
0
0
0
0
0
0
0
0
0
0
0
0
0
0
0
0
0
0
0
0
0
0
0
0
0
0
0
0
0
0
0
0
0
0
0
0
0
0
0
0
0
0
0
0
0
0
0
0
0
0
0
0
0
0
0
0
0
0
0
0
0
0
0
0
0
0
0
0
0
0
0
0
0
0
