0
0
0
0
0
0
0
0
0
0
0
0
0
0
0
0
0
0
0
0
0
0
0
0
0
0
0
0
0
0
0
0
0
0
0
0
0
0
0
0
0
0
0
0
0
0
0
0
0
0
0
0
0
0
0
0
0
0
0
0
0
0
0
0
0
0
0
0
0
0
0
0
0
0
0
0
0
0
0
0
0
0
0
0
0
0
0
0
0
0
0
0
0
0
0
0
0
0
0
0
0
0
0
0
0
0
0
0
0
0
0
0
0
0
0
0
0
0
0
0
0
0
0
0
0
0
0
0
0
0
0
0
0
0
0
0
0
0
0
0
0
0
0
0
0
0
0
0
0
0
0
0
0
0
0
0
0
0
0
0
0
0
0
0
0
0
0
0
0
0
0
0
0
0
0
0
0
0
0
0
0
0
0
0
0
0
0
0
0
0
0
0
0
0
0
0
0
0
0
0
0
0
0
0
0
0
0
0
0
0
0
0
0
0
0
0
0
0
0
0
0
0
0
0
0
0
0
0
0
0
0
0
0
0
0
0
0
0
0
0
0
0
0
0
0
0
0
0
0
0
0
0
0
0
0
0
0
0
0
0
0
0
0
0
0
0
0
0
0
0
0
0
0
0
0
0
0
0
0
0
0
0
0
0
0
0
0
0
0
0
0
0
0
0
0
0
0
0
0
0
0
0
0
0
0
0
0
0
0
0
0
0
0
0
0
0
0
0
0
0
0
0
0
0
0
0
0
0
0
0
0
0
0
0
0
0
0
0
0
0
0
0
0
0
0
0
0
0
0
0
0
0
0
0
0
0
0
0
0
0
0
0
0
0
0
0
0
0
0
0
0
0
0
0
0
0
0
0
0
0
0
0
0
0
0
0
0
0
0
0
0
0
0
0
0
0
0
0
0
0
0
0
0
0
0
0
0
0
0
0
0
0
0
0
0
0
0
0
0
0
0
0
0
0
0
0
0
0
0
0
0
0
0
0
0
0
0
0
0
0
0
0
0
0
0
0
0
0
0
0
0
0
0
0
0
0
0
0
0
0
0
0
0
0
0
0
0
0
0
0
0
0
0
0
0
0
0
0
0
0
0
0
0
0
0
0
0
0
0
0
0
0
0
0
0
0
0
0
0
0
0
0
0
0
0
0
0
0
0
0
0
0
0
0
0
0
0
0
0
0
0
0
0
0
0
0
0
0
0
0
0
0
0
0
0
0
0
0
0
0
0
0
0
0
0
0
0
0
0
0
0
0
0
0
0
0
0
0
0
0
0
0
0
0
0
0
0
0
0
0
0
0
0
0
0
0
0
0
0
0
0
0
0
0
0
0
0
0
0
0
0
0
0
0
0
0
0
0
0
0
0
0
0
0
0
0
0
0
0
0
0
0
0
0
0
0
0
0
0
0
0
0
0
0
0
0
0
0
0
0
0
0
0
0
0
0
0
0
0
0
0
0
0
0
0
0
0
0
0
0
0
0
0
0
0
0
0
0
0
0
0
0
0
0
0
0
0
0
0
0
0
0
0
0
0
0
0
0
0
0
0
0
0
0
0
0
0
0
0
0
0
0
0
0
0
0
0
0
0
0
0
0
0
0
0
0
0
0
0
0
0
0
0
0
0
0
0
0
0
0
0
0
0
0
0
0
0
0
0
0
0
0
0
0
0
0
0
0
0
0
0
0
0
0
0
0
0
0
0
0
0
0
0
0
0
0
0
0
0
0
0
0
0
0
0
0
0
0
0
0
0
0
0
0
0
0
0
0
0
0
0
0
0
0
0
0
0
0
0
0
0
0
0
0
0
0
0
0
0
0
0
0
0
0
0
0
0
0
0
0
0
0
0
0
0
0
0
0
0
0
0
0
0
0
0
0
0
0
0
0
0
0
0
0
0
0
0
0
0
0
0
0
0
0
0
0
0
0
0
0
0
0
0
0
0
0
0
0
0
0
0
0
0
0
0
0
0
0
0
0
0
0
0
0
0
0
0
0
0
0
0
0
0
0
0
0
0
0
0
0
0
0
0
0
0
0
0
0
0
0
0
0
0
0
0
0
0
0
0
0
0
0
0
0
0
0
0
0
0
0
0
0
0
0
0
0
0
0
0
0
0
0
0
0
0
0
0
0
0
0
0
0
0
0
0
0
0
0
0
0
0
0
0
0
0
0
0
0
0
0
0
0
0
0
0
0
0
0
0
0
0
0
0
0
0
0
0
0
0
0
0
0
0
0
0
0
0
0
0
0
0
0
0
0
0
0
0
0
0
0
0
0
0
0
0
0
0
0
0
0
0
0
0
0
0
0
0
0
0
0
0
0
0
0
0
0
0
0
0
0
0
0
0
0
0
0
0
0
0
0
0
0
0
0
0
0
0
0
0
0
0
0
0
0
0
0
0
0
0
0
0
0
0
0
0
0
0
0
0
0
0
0
0
0
0
0
0
0
0
0
0
0
0
0
0
0
0
0
0
0
0
0
0
0
0
0
0
0
0
0
0
0
0
0
0
0
0
0
0
0
0
0
0
0
0
0
0
0
0
0
0
0
0
0
0
0
0
0
0
0
0
0
0
0
0
0
0
0
0
0
0
0
0
0
0
0
0
0
0
0
0
0
0
0
0
0
0
0
0
0
0
0
0
0
0
0
0
0
0
0
0
0
0
0
0
0
0
0
0
0
0
0
0
0
0
0
0
0
0
0
0
0
0
0
0
0
0
0
0
0
0
0
0
0
0
0
0
0
0
0
0
0
0
0
0
0
0
0
0
0
0
0
0
0
0
0
0
0
0
0
0
0
0
0
0
0
0
0
0
0
0
0
0
0
0
0
0
0
0
0
0
0
0
0
0
0
0
0
0
0
0
0
0
0
0
0
0
0
0
0
0
0
0
0
0
0
0
0
0
0
0
0
0
0
0
0
0
0
0
0
0
0
0
0
0
0
0
0
0
0
0
0
0
0
0
0
0
0
0
0
0
0
0
0
0
0
0
0
0
0
0
0
0
0
0
0
0
0
0
0
0
0
0
0
0
0
0
0
0
0
0
0
0
0
0
0
0
0
0
0
0
0
0
0
0
0
0
0
0
0
0
0
0
0
0
0
0
0
0
0
0
0
0
0
0
0
0
0
0
0
0
0
0
0
0
0
0
0
0
0
0
0
0
0
0
0
0
0
0
0
0
0
0
0
0
0
0
0
0
0
0
0
0
0
0
0
0
0
0
0
0
0
0
0
0
0
0
0
0
0
0
0
0
0
0
0
0
0
0
0
0
0
0
0
0
0
0
0
0
0
0.00401988
0.0222231
0.0358376
0.0490349
0.0709167
0.0675795
0.0478214
0.0414503
0.0436877
0.0403884
0.0294285
0.0536237
0.0687172
0.0438015
0.0381509
0.0365581
0.0386818
0.0506277
0.0502485
0.0257879
0.0035648
0
0
0
0
0
0
0
0
0
0
0
0
0
0
0
0
0
0
0
0
0
0
0
0
0
0
0
0
0
0
0
0
0
0
0
0
0
0
0
0
0
0
0
0
0
0
0
0
0
0
0
0
0
0
0
0
0
0
0
0
0
0
0
0
0
0
0
0
0
0
0
0
0
0
0
0
0
0
0
0
0
0
0
0
0
0
0
0
0
0
0
0
0
0
0
0
0
0
0
0
0
0
0
0
0.0241572
0.0723578
0.107171
0.1198
0.111153
0.116766
0.142137
0.125109
0.0883994
0.0917746
0.102431
0.0958324
0.0867687
0.113088
0.115818
0.0637492
0.0554061
0.0706892
0.0827109
0.105692
0.114718
0.097994
0.0818766
0.0799425
0.0665176
0.0335243
0.00705375
0
0
0
0
0
0
0
0
0
0
0
0
0
0
0
0
0
0
0
0
0
0
0
0
0
0
0
0
0
0
0
0
0
0
0
0
0
0
0
0
0
0
0
0
0
0
0
0
0
0
0
0
0
0
0
0
0
0
0
0
0
0
0
0
0
0
0
0
0
0
0
0
0
0
0
0
0
0
0
0
0
0
0
0
0
0
0
0
0
0
0
0
0
0
0
0
0
0
0.0359134
0.109181
0.14756
0.160947
0.176078
0.159202
0.12071
0.104479
0.11104
0.100497
0.0864653
0.108575
0.123972
0.110016
0.101597
0.0951877
0.0669727
0.0294285
0.0420191
0.0805872
0.0931019
0.100269
0.104251
0.100194
0.0964771
0.1041
0.120103
0.116652
0.0714097
0.0234746
0.00511966
0
0
0
0
0
0
0
0
0
0
0
0
0
0
0
0
0
0
0
0
0
0
0
0
0
0
0
0
0
0
0
0
0
0
0
0
0
0
0
0
0
0
0
0
0
0
0
0
0
0
0
0
0
0
0
0
0
0
0
0
0
0
0
0
0
0
0
0
0
0
0
0
0
0
0
0
0
0
0
0
0
0
0
0
0
0
0
0
0
0
0
0
0
0
0
0
0.0570747
0.16345
0.167128
0.105882
0.0980319
0.0945809
0.0604878
0.0427776
0.0626873
0.0969701
0.122303
0.133528
0.150214
0.149873
0.122682
0.0911299
0.0581745
0.0328796
0.0365961
0.0708409
0.0982215
0.101976
0.0898026
0.0538512
0.00803976
0.00580228
0.0668589
0.127347
0.111115
0.0582124
0.0211612
0.00147901
0
0
0
0
0
0
0
0
0
0
0
0
0
0
0
0
0
0
0
0
0
0
0
0
0
0
0
0
0
0
0
0
0
0
0
0
0
0
0
0
0
0
0
0
0
0
0
0
0
0
0
0
0
0
0
0
0
0
0
0
0
0
0
0
0
0
0
0
0
0
0
0
0
0
0
0
0
0
0
0
0
0
0
0
0
0
0
0
0
0
0
0
0
0
0
0.0122493
0.077212
0.0595018
0.0277599
0.0585916
0.0607912
0.0128939
0
0.0303008
0.0776671
0.107892
0.100421
0.0975768
0.0998523
0.091054
0.0721682
0.0478972
0.0231712
0
0
0.0541167
0.0893475
0.0766052
0.0403884
0.00872238
0.00671244
0.0421329
0.0699686
0.0575298
0.0347378
0.0160416
0.00185825
0.000379234
0
0
0
0
0
0
0
0
0
0
0
0
0
0
0
0
0
0
0
0
0
0
0
0
0
0
0
0
0
0
0
0
0
0
0
0
0
0
0
0
0
0
0
0
0
0
0
0
0
0
0
0
0
0
0
0
0
0
0
0
0
0
0
0
0
0
0
0
0
0
0
0
0
0
0
0
0
0
0
0
0
0
0
0
0
0
0
0
0
0
0
0
0
0
0.0328796
0.0892337
0.0654557
0.0426259
0.046039
0.0278358
0
0
0.00743298
0.0236642
0.0314764
0.0251432
0.0125906
0.00455081
0.0126285
0.0167621
0.00959461
0
0
0
0
0.0338277
0.0297699
0.0133111
0.031666
0.0607153
0.0716752
0.0619289
0.0329554
0.0210854
0.0284046
0.0150556
0.000986008
0.00443704
0.00383026
0
0
0
0
0
0
0
0
0
0
0
0
0
0
0
0
0
0
0
0
0
0
0
0
0
0
0
0
0
0
0
0
0
0
0
0
0
0
0
0
0
0
0
0
0
0
0
0
0
0
0
0
0
0
0
0
0
0
0
0
0
0
0
0
0
0
0
0
0
0
0
0
0
0
0
0
0
0
0
0
0
0
0
0
0
0
0
0
0
0
0
0.0863136
0.15541
0.160605
0.111457
0.0552164
0.0189996
0.012856
0.0210854
0.0291252
0.0292768
0.0127802
0
0
0
0
0
0
0
0
0
0
0.00568851
0.0189996
0.0210854
0.00667451
0.0113391
0.0304145
0.0547614
0.0682621
0.0625736
0.0805113
0.0960599
0.0461907
0.000948084
0.014866
0.0350412
0.0227161
0.00159278
0
0
0
0
0
0
0
0
0
0
0
0
0
0
0
0
0
0
0
0
0
0
0
0
0
0
0
0
0
0
0
0
0
0
0
0
0
0
0
0
0
0
0
0
0
0
0
0
0
0
0
0
0
0
0
0
0
0
0
0
0
0
0
0
0
0
0
0
0
0
0
0
0
0
0
0
0
0
0
0
0
0
0
0.00265464
0.0175585
0.00614359
0
0.0317419
0.160871
0.225682
0.222003
0.194054
0.149304
0.109674
0.115628
0.145967
0.182298
0.231864
0.259813
0.231143
0.100231
0
0
0
0
0
0
0
0.0604119
0.162843
0.214722
0.235277
0.227085
0.173575
0.107854
0.066328
0.0743298
0.0814215
0.0760743
0.105882
0.120369
0.070765
0.0215784
0.0164208
0.0409572
0.0569988
0.0407676
0.0146384
0
0
0
0
0
0
0
0
0
0
0
0
0
0
0
0
0
0
0
0
0
0
0
0
0
0
0
0
0
0
0
0
0
0
0
0
0
0
0
0
0
0
0
0
0
0
0
0
0
0
0
0
0
0
0
0
0
0
0
0
0
0
0
0
0
0
0
0
0
0
0
0
0
0
0
0
0
0
0
0
0
0.0398575
0.0973114
0.112443
0.101748
0.109106
0.156358
0.202435
0.223293
0.257196
0.309795
0.347263
0.379916
0.420039
0.446131
0.480489
0.539574
0.572
0.567713
0.444993
0.269635
0.119648
0.0139937
0
0
0.0743677
0.249043
0.429711
0.544049
0.572
0.557549
0.543178
0.519059
0.467671
0.420874
0.371346
0.250787
0.13349
0.103152
0.0922676
0.069286
0.0644697
0.0594259
0.0541546
0.0987904
0.139293
0.107247
0.0424742
0.00515758
0
0
0
0
0
0
0
0
0
0
0
0
0
0
0
0
0
0
0
0
0
0
0
0
0
0
0
0
0
0
0
0
0
0
0
0
0
0
0
0
0
0
0
0
0
0
0
0
0
0
0
0
0
0
0
0
0
0
0
0
0
0
0
0
0
0
0
0
0
0
0
0
0
0
0
0
0
0.0100497
0.0615876
0.151352
0.204635
0.185521
0.168152
0.156699
0.124123
0.160226
0.286284
0.423644
0.51898
0.57541
0.622019
0.647959
0.646063
0.652318
0.671128
0.671092
0.6885
0.72373
0.687439
0.503926
0.194812
0.0117942
0.0795632
0.306609
0.594563
0.783078
0.823811
0.758316
0.643939
0.615951
0.689411
0.737761
0.742273
0.70674
0.574767
0.399788
0.254466
0.138458
0.0740264
0.0883235
0.137055
0.157951
0.170959
0.194623
0.178164
0.092078
0.0157382
0
0
0
0
0
0
0
0
0
0
0
0
0
0
0
0
0
0
0
0
0
0
0
0
0
0
0
0
0
0
0
0
0
0
0
0
0
0
0
0
0
0
0
0
0
0
0
0
0
0
0
0
0
0
0
0
0
0
0
0
0
0
0
0
0
0
0
0
0
0
0
0
0
0
0
0
0.0131215
0.0733817
0.173234
0.230233
0.201411
0.15139
0.133111
0.127802
0.165611
0.295347
0.463612
0.591377
0.638666
0.622323
0.616407
0.615002
0.590124
0.580416
0.606091
0.638818
0.658274
0.692517
0.763549
0.775306
0.52793
0.284501
0.347909
0.528537
0.693846
0.798782
0.803672
0.710041
0.575601
0.542796
0.620463
0.689483
0.742424
0.767417
0.713263
0.615384
0.501383
0.364292
0.25147
0.222686
0.265274
0.281467
0.222496
0.17221
0.161326
0.106754
0.023778
0
0
0
0
0
0
0
0
0
0
0
0
0
0
0
0
0
0
0
0
0
0
0
0
0
0
0
0
0
0
0
0
0
0
0
0
0
0
0
0
0
0
0
0
0
0
0
0
0
0
0
0
0
0
0
0
0
0
0
0
0
0
0
0
0
0
0
0
0
0
0
0
0
0
0
0.00348895
0.0473284
0.15268
0.23539
0.232129
0.17623
0.147939
0.170579
0.229019
0.343055
0.472865
0.571733
0.654442
0.680573
0.610415
0.537638
0.507906
0.471045
0.439796
0.474042
0.544504
0.567485
0.568359
0.646214
0.740871
0.706473
0.594602
0.539992
0.562024
0.612614
0.650689
0.645683
0.571466
0.497136
0.496796
0.516856
0.548069
0.637076
0.683303
0.620047
0.584096
0.622283
0.612311
0.52577
0.466761
0.472034
0.43479
0.305056
0.199439
0.173955
0.144867
0.0600706
0.00728129
0.0063332
0.0017824
0
0
0
0
0
0
0
0
0
0
0
0
0
0
0
0
0
0
0
0
0
0
0
0
0
0
0
0
0
0
0
0
0
0
0
0
0
0
0
0
0
0
0
0
0
0
0
0
0
0
0
0
0
0
0
0
0
0
0
0
0
0
0
0
0
0
0
0
0
0
0
0.00337518
0.0208579
0.0796012
0.171603
0.224658
0.214343
0.200956
0.284767
0.384771
0.419014
0.462741
0.517047
0.584894
0.650729
0.633739
0.538436
0.4635
0.443931
0.420531
0.370132
0.363191
0.409609
0.444007
0.486141
0.572188
0.651791
0.693012
0.650158
0.565853
0.541582
0.524935
0.494406
0.470213
0.412758
0.387804
0.419205
0.430773
0.460202
0.549015
0.597181
0.541773
0.520952
0.621943
0.697371
0.650083
0.589062
0.59172
0.580986
0.456673
0.297168
0.206569
0.176571
0.122417
0.052979
0.0360272
0.0179757
0
0
0
0
0
0
0
0
0
0
0
0
0
0
0
0
0
0
0
0
0
0
0
0
0
0
0
0
0
0
0
0
0
0
0
0
0
0
0
0
0
0
0
0
0
0
0
0
0
0
0
0
0
0
0
0
0
0
0
0
0
0
0
0
0
0
0
0
0
0
0
0.0124768
0.0490349
0.107816
0.156889
0.176685
0.217642
0.334369
0.518792
0.594183
0.522053
0.48322
0.510145
0.564719
0.565853
0.469795
0.401457
0.397928
0.400926
0.385568
0.329099
0.28689
0.316433
0.378627
0.443324
0.486445
0.550156
0.650953
0.664381
0.612159
0.571657
0.503016
0.414694
0.341498
0.26425
0.238576
0.278964
0.342864
0.427739
0.51189
0.55224
0.511547
0.480413
0.565629
0.663774
0.646706
0.589784
0.593728
0.644394
0.609656
0.432442
0.241951
0.15268
0.139558
0.101597
0.0585537
0.0263947
0.000189617
0
0
0
0
0
0
0
0
0
0
0
0
0
0
0
0
0
0
0
0
0
0
0
0
0
0
0
0
0
0
0
0
0
0
0
0
0
0
0
0
0
0
0
0
0
0
0
0
0
0
0
0
0
0
0
0
0
0
0
0
0
0
0
0
0
0
0
0
0
0.00106185
0.0236263
0.083166
0.140203
0.146119
0.181539
0.352232
0.566691
0.669575
0.609201
0.486973
0.467028
0.540332
0.589748
0.511322
0.347985
0.298002
0.331223
0.327846
0.305207
0.265236
0.229247
0.265615
0.350109
0.402519
0.409154
0.485535
0.623157
0.66605
0.650953
0.625812
0.547083
0.427891
0.308772
0.189124
0.117828
0.149759
0.260003
0.378855
0.462134
0.50165
0.485798
0.479995
0.541813
0.60867
0.594827
0.533846
0.535745
0.634155
0.720356
0.620311
0.372711
0.165611
0.114263
0.122834
0.0721682
0.0175206
0
0
0
0
0
0
0
0
0
0
0
0
0
0
0
0
0
0
0
0
0
0
0
0
0
0
0
0
0
0
0
0
0
0
0
0
0
0
0
0
0
0
0
0
0
0
0
0
0
0
0
0
0
0
0
0
0
0
0
0
0
0
0
0
0
0
0
0
0
0
0.00265464
0.047518
0.130077
0.158861
0.175434
0.340552
0.596838
0.713111
0.642537
0.501462
0.408019
0.456597
0.60317
0.684669
0.584323
0.369944
0.24453
0.229323
0.211157
0.190413
0.186393
0.18628
0.231788
0.315826
0.373166
0.398159
0.481512
0.607266
0.661915
0.678489
0.680461
0.625699
0.521295
0.394591
0.244264
0.12583
0.135462
0.229664
0.320604
0.398347
0.455875
0.490237
0.554628
0.608103
0.592363
0.524441
0.433313
0.43411
0.56521
0.751302
0.805948
0.61948
0.325194
0.12985
0.105541
0.0965529
0.0414123
0.00913953
0.000720544
0
0
0
0
0
0
0
0
0
0
0
0
0
0
0
0
0
0
0
0
0
0
0
0
0
0
0
0
0
0
0
0
0
0
0
0
0
0
0
0
0
0
0
0
0
0
0
0
0
0
0
0
0
0
0
0
0
0
0
0
0
0
0
0
0
0
0
0.00565058
0.027722
0.0883994
0.127991
0.143881
0.29675
0.573629
0.72589
0.664948
0.531458
0.421441
0.390192
0.478821
0.643144
0.74656
0.678298
0.459898
0.241837
0.14244
0.110774
0.112936
0.143426
0.172741
0.22189
0.290379
0.356176
0.407789
0.488945
0.606659
0.681978
0.707271
0.69468
0.639576
0.562024
0.463727
0.33824
0.219273
0.181122
0.211006
0.270735
0.367781
0.464449
0.542001
0.636203
0.658386
0.569342
0.453297
0.367326
0.400926
0.534301
0.72157
0.859875
0.794495
0.556563
0.253442
0.0931019
0.103227
0.0833177
0.0335622
0.00796391
0
0
0
0
0
0
0
0
0
0
0
0
0
0
0
0
0
0
0
0
0
0
0
0
0
0
0
0
0
0
0
0
0
0
0
0
0
0
0
0
0
0
0
0
0
0
0
0
0
0
0
0
0
0
0
0
0
0
0
0
0
0
0
0
0
0
0.00170655
0.0354584
0.0862378
0.0943913
0.0582882
0.163943
0.477531
0.709204
0.689068
0.551594
0.450493
0.406235
0.422885
0.49983
0.611968
0.682166
0.642537
0.480984
0.262088
0.136486
0.104213
0.113694
0.157761
0.202094
0.246426
0.294172
0.357238
0.42277
0.495734
0.611816
0.71512
0.745498
0.695703
0.597445
0.49835
0.401002
0.320908
0.255755
0.200349
0.183511
0.239372
0.361674
0.477719
0.552923
0.612463
0.603018
0.500928
0.399294
0.383596
0.463994
0.550156
0.615951
0.701658
0.753234
0.698397
0.455724
0.178885
0.113391
0.10099
0.0447875
0.0140696
0.000796391
0
0
0
0
0
0
0
0
0
0
0
0
0
0
0
0
0
0
0
0
0
0
0
0
0
0
0
0
0
0
0
0
0
0
0
0
0
0
0
0
0
0
0
0
0
0
0
0
0
0
0
0
0
0
0
0
0
0
0
0
0
0
0
0
0
0.0186204
0.091054
0.12947
0.0610566
0.0547234
0.307179
0.641093
0.74402
0.625165
0.483296
0.418977
0.408511
0.432478
0.474613
0.511626
0.513446
0.500133
0.425312
0.255831
0.165308
0.164094
0.156813
0.180895
0.227882
0.269939
0.314728
0.388866
0.462514
0.518907
0.634194
0.77519
0.833896
0.778264
0.642841
0.483599
0.325307
0.220183
0.199439
0.193826
0.182525
0.241724
0.3605
0.469567
0.525199
0.525163
0.493762
0.426335
0.38299
0.438318
0.526413
0.534683
0.47829
0.497327
0.623005
0.718002
0.63059
0.363533
0.174827
0.11066
0.0555957
0.0277978
0.009898
0
0
0
0
0
0
0
0
0
0
0
0
0
0
0
0
0
0
0
0
0
0
0
0
0
0
0
0
0
0
0
0
0
0
0
0
0
0
0
0
0
0
0
0
0
0
0
0
0
0
0
0
0
0
0
0
0
0
0
0
0
0
0
0
0.00204786
0.0680345
0.159847
0.13641
0.0799425
0.223179
0.536425
0.741363
0.714476
0.548942
0.4153
0.383293
0.398766
0.410103
0.416854
0.413632
0.38663
0.397856
0.380714
0.244947
0.178012
0.20892
0.200615
0.201639
0.243582
0.301908
0.364292
0.432593
0.49304
0.547274
0.668665
0.839244
0.941446
0.908341
0.760707
0.577876
0.386703
0.215253
0.163715
0.197732
0.215139
0.256438
0.343926
0.452198
0.503434
0.453679
0.401912
0.380563
0.398839
0.477759
0.531649
0.483144
0.392886
0.394555
0.532936
0.693124
0.731806
0.577837
0.332093
0.167583
0.0893854
0.0476697
0.0175964
0.000303387
0
0
0
0
0
0
0
0
0
0
0
0
0
0
0
0
0
0
0
0
0
0
0
0
0
0
0
0
0
0
0
0
0
0
0
0
0
0
0
0
0
0
0
0
0
0
0
0
0
0
0
0
0
0
0
0
0
0
0
0
0
0
0
0.0214267
0.111684
0.173955
0.140468
0.223103
0.48724
0.702305
0.723008
0.590658
0.413935
0.311239
0.320565
0.372371
0.383785
0.36228
0.355342
0.355949
0.373924
0.361561
0.248588
0.18499
0.215291
0.216656
0.215139
0.250408
0.309758
0.358907
0.399749
0.453943
0.512041
0.612957
0.782623
0.922297
0.897152
0.722856
0.558499
0.423868
0.259699
0.181236
0.219235
0.248815
0.264516
0.313095
0.405817
0.455156
0.393833
0.340285
0.364556
0.432402
0.487051
0.473854
0.390119
0.314424
0.328908
0.463005
0.652206
0.766204
0.734424
0.5442
0.308812
0.15522
0.0709167
0.0185445
0
0
0
0
0
0
0
0
0
0
0
0
0
0
0
0
0
0
0
0
0
0
0
0
0
0
0
0
0
0
0
0
0
0
0
0
0
0
0
0
0
0
0
0
0
0
0
0
0
0
0
0
0
0
0
0
0
0
0
0
0
0
0
0.00724336
0.0768707
0.15761
0.157761
0.197164
0.428231
0.67864
0.739694
0.642307
0.46096
0.304182
0.2407
0.259396
0.31173
0.3327
0.311578
0.310177
0.338959
0.349805
0.305929
0.215367
0.178581
0.205241
0.210247
0.198643
0.200008
0.21878
0.247753
0.302856
0.358792
0.384276
0.468657
0.656869
0.794607
0.693467
0.453033
0.315486
0.264364
0.186886
0.153438
0.206265
0.248588
0.269446
0.293034
0.330655
0.375023
0.351398
0.302704
0.336493
0.418486
0.443097
0.38606
0.297243
0.247412
0.270773
0.367741
0.547083
0.727862
0.789716
0.697563
0.485607
0.264098
0.124351
0.0461148
0.00682621
0
0
0
0
0
0
0
0
0
0
0
0
0
0
0
0
0
0
0
0
0
0
0
0
0
0
0
0
0
0
0
0
0
0
0
0
0
0
0
0
0
0
0
0
0
0
0
0
0
0
0
0
0
0
0
0
0
0
0
0
0
0
0.0431947
0.147598
0.202094
0.177292
0.293982
0.582539
0.74163
0.698549
0.591417
0.456561
0.320716
0.238841
0.228109
0.256059
0.268005
0.252304
0.255566
0.290683
0.288559
0.212181
0.146801
0.155258
0.191399
0.200008
0.172627
0.132846
0.128484
0.183397
0.263871
0.299708
0.299519
0.392619
0.590922
0.693203
0.515758
0.253063
0.148205
0.126626
0.0933294
0.0949601
0.166863
0.230119
0.270204
0.277978
0.247753
0.274148
0.296978
0.256552
0.257196
0.310401
0.339945
0.306117
0.249195
0.222496
0.227085
0.250181
0.371461
0.596307
0.750352
0.757406
0.626609
0.393341
0.20892
0.10994
0.0348895
0.00235125
0
0
0
0
0
0
0
0
0
0
0
0
0
0
0
0
0
0
0
0
0
0
0
0
0
0
0
0
0
0
0
0
0
0
0
0
0
0
0
0
0
0
0
0
0
0
0
0
0
0
0
0
0
0
0
0
0
0
0
0
0.0114908
0.110319
0.211878
0.207934
0.202056
0.399637
0.683264
0.721339
0.587017
0.501232
0.47423
0.404718
0.302666
0.252873
0.247867
0.223938
0.19102
0.190034
0.219425
0.220487
0.161743
0.129774
0.159013
0.193675
0.198225
0.158596
0.105806
0.117562
0.204597
0.288976
0.311199
0.308278
0.385453
0.551785
0.65156
0.517087
0.290948
0.179226
0.135159
0.0910161
0.0891579
0.15833
0.22189
0.253935
0.243468
0.193447
0.205431
0.231674
0.198529
0.172665
0.198718
0.247336
0.247602
0.225682
0.221928
0.209413
0.179946
0.22773
0.428571
0.653268
0.769505
0.719749
0.491906
0.277182
0.168114
0.0800183
0.020782
0.00125147
0
0
0
0
0
0
0
0
0
0
0
0
0
0
0
0
0
0
0
0
0
0
0
0
0
0
0
0
0
0
0
0
0
0
0
0
0
0
0
0
0
0
0
0
0
0
0
0
0
0
0
0
0
0
0
0
0
0
0
0.0541167
0.172855
0.233608
0.206531
0.278585
0.569078
0.784977
0.687854
0.467444
0.362775
0.392128
0.421138
0.382911
0.32781
0.282984
0.213054
0.151883
0.145284
0.1702
0.181615
0.163905
0.170466
0.202207
0.221283
0.206758
0.139634
0.0776671
0.102659
0.198377
0.276386
0.286473
0.277751
0.355873
0.52725
0.648981
0.582315
0.402479
0.269939
0.19083
0.129736
0.118966
0.171148
0.210171
0.208541
0.18719
0.171186
0.196216
0.2038
0.16728
0.139293
0.166294
0.222421
0.233836
0.233684
0.249384
0.232774
0.186393
0.197657
0.339793
0.569306
0.778719
0.810765
0.577421
0.298495
0.178392
0.125261
0.0568471
0.00955669
0
0
0
0
0
0
0
0
0
0
0
0
0
0
0
0
0
0
0
0
0
0
0
0
0
0
0
0
0
0
0
0
0
0
0
0
0
0
0
0
0
0
0
0
0
0
0
0
0
0
0
0
0
0
0
0
0
0
0.0172172
0.103872
0.192423
0.219387
0.257538
0.466382
0.767266
0.839357
0.63207
0.368045
0.249422
0.266829
0.341007
0.393457
0.385186
0.345443
0.263492
0.170124
0.145815
0.167773
0.17623
0.179226
0.210209
0.235997
0.23831
0.209072
0.121772
0.0460011
0.0587054
0.133339
0.186583
0.191589
0.215405
0.358452
0.566196
0.661572
0.582467
0.424778
0.30077
0.216505
0.153021
0.128333
0.167394
0.203269
0.187683
0.160037
0.16637
0.206455
0.209185
0.16948
0.152073
0.195419
0.246502
0.249157
0.248739
0.268498
0.268611
0.248777
0.267663
0.353106
0.50696
0.7323
0.868027
0.726879
0.397968
0.198529
0.158254
0.0956807
0.0258258
0
0
0
0
0
0
0
0
0
0
0
0
0
0
0
0
0
0
0
0
0
0
0
0
0
0
0
0
0
0
0
0
0
0
0
0
0
0
0
0
0
0
0
0
0
0
0
0
0
0
0
0
0
0
0
0
0
0.00273048
0.0577573
0.14172
0.195874
0.234366
0.376315
0.670522
0.850925
0.763701
0.501614
0.255528
0.166522
0.174751
0.237552
0.316888
0.354848
0.371382
0.356668
0.276272
0.208313
0.207175
0.205734
0.195874
0.208048
0.21093
0.203611
0.171793
0.0983353
0.046532
0.0484282
0.0815353
0.111267
0.130153
0.208389
0.431228
0.665898
0.700181
0.54424
0.36012
0.250218
0.190337
0.14172
0.107399
0.152717
0.233873
0.242861
0.212143
0.198794
0.212409
0.213509
0.180819
0.183056
0.248702
0.284046
0.257158
0.238955
0.254769
0.287383
0.316772
0.352915
0.402631
0.446925
0.568056
0.771325
0.831811
0.556791
0.258637
0.178467
0.130039
0.0545338
0.00504381
0
0
0
0
0
0
0
0
0
0
0
0
0
0
0
0
0
0
0
0
0
0
0
0
0
0
0
0
0
0
0
0
0
0
0
0
0
0
0
0
0
0
0
0
0
0
0
0
0
0
0
0
0
0
0
0
0.0273048
0.0979561
0.151276
0.209413
0.277296
0.507451
0.80477
0.829839
0.65213
0.388906
0.176268
0.114491
0.131253
0.179491
0.240169
0.284198
0.333498
0.389434
0.365809
0.279609
0.252949
0.2407
0.191968
0.164019
0.155827
0.148698
0.109788
0.0571505
0.0517654
0.0616634
0.0723199
0.104972
0.148356
0.24946
0.493156
0.741554
0.750276
0.523115
0.300884
0.198491
0.143843
0.0998523
0.0680345
0.119762
0.234594
0.274679
0.260951
0.228602
0.204521
0.207744
0.191968
0.214495
0.287763
0.30369
0.259889
0.236452
0.253252
0.291896
0.320832
0.350072
0.394176
0.397856
0.419812
0.609884
0.80386
0.6213
0.285487
0.1724
0.156093
0.101673
0.0279495
0
0
0
0
0
0
0
0
0
0
0
0
0
0
0
0
0
0
0
0
0
0
0
0
0
0
0
0
0
0
0
0
0
0
0
0
0
0
0
0
0
0
0
0
0
0
0
0
0
0
0
0
0
0
0
0.00451288
0.0615117
0.114984
0.136372
0.22883
0.347111
0.627592
0.874094
0.786343
0.580759
0.353142
0.189579
0.159657
0.184611
0.213395
0.234708
0.24836
0.277296
0.322767
0.317531
0.261482
0.244947
0.224999
0.158937
0.127802
0.132353
0.12674
0.0792219
0.0270014
0.0330692
0.0617393
0.0984491
0.158823
0.214305
0.282453
0.480225
0.741211
0.785697
0.533961
0.274831
0.170541
0.11176
0.0580228
0.0226023
0.0635217
0.173348
0.226327
0.225834
0.193751
0.170921
0.194661
0.198074
0.224393
0.289393
0.301491
0.269635
0.266184
0.294551
0.315067
0.310592
0.31355
0.348931
0.381546
0.415525
0.574955
0.785924
0.682242
0.327543
0.152717
0.16254
0.145512
0.0674657
0.00970838
0
0
0
0
0
0
0
0
0
0
0
0
0
0
0
0
0
0
0
0
0
0
0
0
0
0
0
0
0
0
0
0
0
0
0
0
0
0
0
0
0
0
0
0
0
0
0
0
0
0
0
0
0
0
0.0216922
0.0701582
0.0990559
0.138837
0.258182
0.436841
0.710344
0.859116
0.724907
0.540144
0.389701
0.308014
0.311351
0.332172
0.338088
0.322464
0.300164
0.295006
0.296864
0.269521
0.230574
0.212143
0.169555
0.112405
0.1176
0.15761
0.161592
0.0957944
0.019303
0.0124009
0.0500209
0.111457
0.184156
0.219349
0.235466
0.384731
0.666314
0.789034
0.582351
0.308733
0.197126
0.139103
0.0629907
0.0117562
0.044029
0.142744
0.192423
0.185028
0.152149
0.140734
0.180781
0.20179
0.237514
0.309682
0.332172
0.31355
0.322464
0.352803
0.367741
0.364975
0.361753
0.384658
0.448521
0.526716
0.644279
0.798742
0.775269
0.43752
0.159771
0.14828
0.171945
0.121127
0.036141
0
0
0
0
0
0
0
0
0
0
0
0
0
0
0
0
0
0
0
0
0
0
0
0
0
0
0
0
0
0
0
0
0
0
0
0
0
0
0
0
0
0
0
0
0
0
0
0
0
0
0
0
0
0.00337518
0.0268118
0.0536237
0.0874892
0.137093
0.244113
0.459555
0.721378
0.817664
0.675643
0.513216
0.428953
0.397552
0.401002
0.421253
0.454207
0.469112
0.45633
0.448139
0.439911
0.391333
0.314233
0.235656
0.143919
0.0874892
0.122227
0.19978
0.225947
0.156244
0.0839624
0.0672002
0.058895
0.0864274
0.143805
0.163033
0.161174
0.268611
0.528348
0.714325
0.61235
0.369865
0.240624
0.185635
0.104706
0.0409952
0.07524
0.182449
0.228261
0.202814
0.160681
0.143085
0.184611
0.251773
0.330425
0.39319
0.397513
0.369601
0.358603
0.365466
0.370815
0.383102
0.399979
0.423908
0.504836
0.613297
0.677539
0.749366
0.782359
0.543214
0.219463
0.138989
0.19777
0.184497
0.0734955
0.00420949
0
0
0
0
0
0
0
0
0
0
0
0
0
0
0
0
0
0
0
0
0
0
0
0
0
0
0
0
0
0
0
0
0
0
0
0
0
0
0
0
0
0
0
0
0
0
0
0
0
0
0
0
0
0
0.023778
0.0989421
0.118738
0.181236
0.393796
0.677123
0.801852
0.668741
0.485571
0.396035
0.372711
0.366188
0.383596
0.44215
0.497403
0.524744
0.552504
0.576739
0.54549
0.455347
0.335813
0.20179
0.127574
0.149949
0.207517
0.231901
0.214002
0.230536
0.247715
0.180591
0.118055
0.127347
0.137093
0.124578
0.201904
0.418295
0.60067
0.567977
0.373433
0.219273
0.160985
0.113505
0.0821041
0.150101
0.275248
0.308241
0.241079
0.182146
0.162729
0.198529
0.329666
0.46805
0.491184
0.439189
0.378096
0.333271
0.313399
0.298533
0.301567
0.322009
0.339035
0.408586
0.536425
0.610035
0.671966
0.749633
0.633053
0.321135
0.147332
0.199553
0.222193
0.12382
0.0264326
0
0
0
0
0
0
0
0
0
0
0
0
0
0
0
0
0
0
0
0
0
0
0
0
0
0
0
0
0
0
0
0
0
0
0
0
0
0
0
0
0
0
0
0
0
0
0
0
0
0
0
0
0
0
0.0419433
0.120976
0.124199
0.182601
0.38022
0.646973
0.777202
0.68736
0.519666
0.408019
0.352081
0.304525
0.288559
0.326672
0.373469
0.417309
0.484018
0.560774
0.600251
0.580228
0.476924
0.309795
0.194281
0.163374
0.16015
0.164587
0.204217
0.30991
0.392279
0.357845
0.255338
0.183777
0.151011
0.12473
0.189238
0.380484
0.530205
0.498198
0.338049
0.181805
0.109485
0.104593
0.156168
0.262051
0.359665
0.360308
0.253101
0.177747
0.166559
0.189351
0.331223
0.518109
0.564376
0.494217
0.405553
0.326293
0.269446
0.23448
0.222762
0.228564
0.238007
0.28598
0.403541
0.511929
0.629604
0.780387
0.802192
0.538664
0.237666
0.187872
0.228033
0.170807
0.0507794
0
0
0
0
0
0
0
0
0
0
0
0
0
0
0
0
0
0
0
0
0
0
0
0
0
0
0
0
0
0
0
0
0
0
0
0
0
0
0
0
0
0
0
0
0
0
0
0
0
0
0
0
0
0
0.128864
0.154917
0.189731
0.324548
0.510297
0.667072
0.727295
0.681028
0.583225
0.497973
0.411924
0.312301
0.2542
0.264402
0.300998
0.355342
0.448254
0.559673
0.646858
0.668741
0.561606
0.354659
0.197088
0.131291
0.105692
0.112822
0.165801
0.284653
0.401002
0.439796
0.408966
0.324397
0.222079
0.157117
0.190262
0.350752
0.505327
0.474952
0.314688
0.16747
0.115856
0.173727
0.273996
0.349993
0.393645
0.360157
0.224772
0.140316
0.144109
0.163488
0.266032
0.444802
0.542875
0.522548
0.46528
0.396035
0.311997
0.249195
0.224241
0.215519
0.223179
0.257348
0.329251
0.425576
0.586714
0.818575
0.976263
0.835983
0.445903
0.224165
0.238917
0.190565
0.048504
0
0
0
0
0
0
0
0
0
0
0
0
0
0
0
0
0
0
0
0
0
0
0
0
0
0
0
0
0
0
0
0
0
0
0
0
0
0
0
0
0
0
0
0
0
0
0
0
0
0
0
0
0
0.09898
0.179036
0.191437
0.312109
0.528045
0.663774
0.664797
0.627975
0.586144
0.541849
0.512081
0.464789
0.394518
0.346468
0.34787
0.383973
0.432402
0.498277
0.577497
0.64227
0.654861
0.540712
0.316245
0.15321
0.100421
0.0872238
0.108157
0.154159
0.249763
0.376691
0.453145
0.481742
0.460123
0.36046
0.235845
0.178278
0.278206
0.460921
0.465775
0.291214
0.170541
0.195116
0.293413
0.36509
0.390914
0.396299
0.318823
0.171262
0.111191
0.139103
0.165194
0.247222
0.393529
0.478365
0.476924
0.45417
0.433655
0.394858
0.346656
0.310856
0.2754
0.257158
0.264288
0.27995
0.332324
0.48815
0.752172
0.983544
1
0.654557
0.294589
0.23247
0.192461
0.0591984
0
0
0
0
0
0
0
0
0
0
0
0
0
0
0
0
0
0
0
0
0
0
0
0
0
0
0
0
0
0
0
0
0
0
0
0
0
0
0
0
0
0
0
0
0
0
0
0
0
0
0
0
0.0376958
0.0979561
0.123706
0.200122
0.425385
0.649248
0.6929
0.601313
0.515115
0.46187
0.427927
0.417233
0.416778
0.42334
0.43851
0.464789
0.495659
0.504305
0.506923
0.536767
0.583792
0.619401
0.5285
0.292313
0.118435
0.0720165
0.07323
0.105427
0.146157
0.211992
0.333538
0.435093
0.465887
0.474916
0.459668
0.370854
0.232584
0.216201
0.375517
0.4357
0.314612
0.252759
0.309339
0.371649
0.401951
0.404718
0.359853
0.239903
0.131822
0.122986
0.160492
0.193182
0.279723
0.414351
0.48011
0.47059
0.440215
0.430087
0.439723
0.428115
0.384276
0.326256
0.285677
0.268991
0.256514
0.271228
0.361865
0.557207
0.808299
0.972128
0.788427
0.39501
0.216505
0.191892
0.0995489
0
0
0
0
0
0
0
0
0
0
0
0
0
0
0
0
0
0
0
0
0
0
0
0
0
0
0
0
0
0
0
0
0
0
0
0
0
0
0
0
0
0
0
0
0
0
0
0
0
0
0.00337518
0.054458
0.065342
0.00807768
0.0146763
0.197164
0.485116
0.636658
0.616143
0.538436
0.471539
0.427472
0.376503
0.340855
0.350376
0.383481
0.42243
0.46187
0.483259
0.477531
0.489855
0.537602
0.598394
0.653116
0.548827
0.273086
0.0709546
0.0194926
0.0379234
0.0813077
0.12272
0.172248
0.264743
0.363573
0.397058
0.403505
0.444043
0.456218
0.364899
0.275703
0.347493
0.434526
0.400774
0.370284
0.384052
0.409305
0.428003
0.395617
0.297016
0.171983
0.121393
0.148698
0.180743
0.222383
0.302666
0.391066
0.435476
0.442223
0.427054
0.419924
0.420761
0.405968
0.371534
0.326711
0.307901
0.316584
0.313854
0.301794
0.318177
0.400167
0.598698
0.826766
0.798894
0.457392
0.196367
0.165043
0.111836
0.0149418
0
0
0
0
0
0
0
0
0
0
0
0
0
0
0
0
0
0
0
0
0
0
0
0
0
0
0
0
0
0
0
0
0
0
0
0
0
0
0
0
0
0
0
0
0
0
0
0
0.00807768
0.0718269
0.128295
0.0439911
0
0
0.285677
0.543858
0.59513
0.563808
0.530548
0.501614
0.479807
0.40578
0.330807
0.32929
0.351286
0.371534
0.388451
0.38697
0.397058
0.460353
0.530472
0.593046
0.646821
0.521977
0.233722
0.0353825
0
0.00906369
0.0511207
0.0982595
0.148091
0.208123
0.287573
0.338313
0.344268
0.387541
0.45144
0.451364
0.408171
0.444953
0.506468
0.47829
0.430318
0.415033
0.429824
0.429177
0.369713
0.266488
0.153476
0.113088
0.158861
0.211992
0.263985
0.31666
0.32781
0.322728
0.330995
0.348404
0.38481
0.384088
0.354999
0.343131
0.331183
0.355873
0.424211
0.458836
0.435891
0.411544
0.42588
0.530396
0.699271
0.714209
0.440897
0.167773
0.123896
0.110016
0.0484282
0.0081156
0
0
0
0
0
0
0
0
0
0
0
0
0
0
0
0
0
0
0
0
0
0
0
0
0
0
0
0
0
0
0
0
0
0
0
0
0
0
0
0
0
0
0
0
0
0
0.00712959
0.0547614
0.139368
0.144754
0.0168759
0
0.120065
0.430658
0.59297
0.591641
0.565665
0.552128
0.552583
0.547841
0.472489
0.374152
0.337139
0.338125
0.346432
0.341159
0.321894
0.338088
0.405022
0.491108
0.588456
0.642043
0.520727
0.258675
0.0683
0.0130077
0.00724336
0.0293148
0.0752779
0.110774
0.149039
0.224013
0.301643
0.331566
0.364823
0.431453
0.46968
0.503471
0.581629
0.601996
0.52725
0.463308
0.437976
0.41784
0.388487
0.338049
0.248474
0.146574
0.0949981
0.142213
0.238273
0.303654
0.324436
0.293186
0.270432
0.309986
0.389889
0.456106
0.435209
0.373849
0.354963
0.365921
0.415033
0.500552
0.563921
0.576511
0.561078
0.555122
0.595888
0.674884
0.673064
0.465735
0.19523
0.103872
0.112746
0.0786531
0.0252949
0
0
0
0
0
0
0
0
0
0
0
0
0
0
0
0
0
0
0
0
0
0
0
0
0
0
0
0
0
0
0
0
0
0
0
0
0
0
0
0
0
0
0
0
0
0
0.0439911
0.140165
0.184308
0.114301
0.00834314
0.0361031
0.288294
0.536121
0.5979
0.56832
0.528992
0.532368
0.570331
0.569685
0.511929
0.43665
0.389246
0.373281
0.361789
0.343398
0.331869
0.354848
0.412491
0.521407
0.642043
0.658162
0.534908
0.318329
0.131556
0.0475559
0.000303387
0
0.040578
0.0636733
0.0931398
0.156434
0.236945
0.306688
0.368767
0.441428
0.491032
0.560128
0.660741
0.659072
0.563769
0.492816
0.443212
0.396412
0.353713
0.292503
0.206948
0.138572
0.101635
0.138724
0.245819
0.309303
0.318896
0.294892
0.295726
0.407221
0.537526
0.553454
0.474573
0.392468
0.371461
0.399979
0.440063
0.479958
0.536655
0.618758
0.666657
0.663016
0.663128
0.687439
0.697523
0.579545
0.315143
0.130343
0.114529
0.098487
0.0320453
0
0
0
0
0
0
0
0
0
0
0
0
0
0
0
0
0
0
0
0
0
0
0
0
0
0
0
0
0
0
0
0
0
0
0
0
0
0
0
0
0
0
0
0
0
0
0.0756571
0.200691
0.203838
0.0895371
0.0241193
0.165877
0.446701
0.594411
0.569421
0.491451
0.415755
0.443819
0.534301
0.539003
0.484697
0.441161
0.433273
0.437029
0.412834
0.392698
0.399676
0.424135
0.46278
0.536048
0.586259
0.535138
0.442375
0.334332
0.200122
0.0872238
0
0
0.0183549
0.0525997
0.0794495
0.116159
0.180629
0.259396
0.347226
0.44283
0.507946
0.579545
0.672078
0.665212
0.57564
0.497251
0.428458
0.383405
0.326863
0.246123
0.180402
0.148698
0.135197
0.171034
0.265502
0.307974
0.310517
0.299329
0.305778
0.422391
0.527818
0.493611
0.408929
0.354848
0.356404
0.394822
0.411581
0.406159
0.453943
0.576927
0.652585
0.622702
0.583298
0.620199
0.706249
0.681747
0.451476
0.208199
0.140658
0.118586
0.0421329
0
0
0
0
0
0
0
0
0
0
0
0
0
0
0
0
0
0
0
0
0
0
0
0
0
0
0
0
0
0
0
0
0
0
0
0
0
0
0
0
0
0
0
0
0
0.0111115
0.0980699
0.209489
0.192878
0.0842278
0.0789565
0.316281
0.570595
0.60249
0.508058
0.384355
0.293299
0.33858
0.455651
0.478745
0.425688
0.393417
0.417385
0.449959
0.448218
0.447951
0.467707
0.473927
0.466421
0.478629
0.462325
0.391406
0.365126
0.361941
0.274262
0.138155
0.0231333
0
0.0294285
0.059881
0.0704237
0.0939362
0.157875
0.236642
0.3269
0.426374
0.490349
0.554667
0.635177
0.623233
0.550572
0.485152
0.407412
0.335243
0.261671
0.201449
0.169859
0.170769
0.195647
0.247981
0.307407
0.302515
0.285942
0.281733
0.278396
0.335813
0.396412
0.379725
0.335661
0.312373
0.318329
0.344684
0.365126
0.381624
0.438582
0.522165
0.526983
0.461376
0.430051
0.516025
0.68114
0.719179
0.52486
0.254769
0.153817
0.144109
0.0681862
0
0
0
0
0
0
0
0
0
0
0
0
0
0
0
0
0
0
0
0
0
0
0
0
0
0
0
0
0
0
0
0
0
0
0
0
0
0
0
0
0
0
0
0
0
0.0462665
0.157117
0.224468
0.168683
0.0802838
0.172362
0.46441
0.632714
0.57325
0.444234
0.311199
0.243885
0.288407
0.369107
0.386934
0.352876
0.342372
0.376807
0.41291
0.440706
0.475674
0.503774
0.488338
0.438661
0.410367
0.385338
0.348173
0.364708
0.388372
0.317761
0.18336
0.0582503
0.00917746
0.0187341
0.0202132
0.0286701
0.0691343
0.128333
0.219121
0.343622
0.440594
0.475978
0.532177
0.603625
0.574008
0.518943
0.48011
0.376731
0.270697
0.218059
0.194623
0.17824
0.192196
0.257576
0.322804
0.316245
0.253252
0.240017
0.260382
0.265691
0.290266
0.328835
0.3481
0.34787
0.328796
0.297319
0.298533
0.356595
0.443173
0.49835
0.474916
0.39285
0.34662
0.364404
0.477304
0.662673
0.724792
0.542759
0.222155
0.114984
0.158975
0.0902197
0
0
0
0
0
0
0
0
0
0
0
0
0
0
0
0
0
0
0
0
0
0
0
0
0
0
0
0
0
0
0
0
0
0
0
0
0
0
0
0
0
0
0
0
0
0.084152
0.206151
0.227085
0.150101
0.102317
0.285904
0.567106
0.63738
0.527323
0.392355
0.286587
0.25659
0.28799
0.304412
0.295347
0.286094
0.302742
0.348364
0.388602
0.42584
0.464674
0.480225
0.462629
0.416475
0.365314
0.332285
0.322197
0.346999
0.379461
0.360196
0.272366
0.14646
0.0458494
0
0
0
0.0483902
0.0971218
0.193637
0.359286
0.468657
0.493383
0.560052
0.619365
0.558763
0.511395
0.486062
0.371952
0.289128
0.276044
0.254655
0.218552
0.214533
0.280633
0.33767
0.294437
0.199856
0.199325
0.25147
0.26243
0.282453
0.325079
0.369677
0.417688
0.41071
0.335546
0.300505
0.361258
0.463879
0.486784
0.387237
0.294172
0.300012
0.368008
0.501499
0.664988
0.718457
0.571545
0.295954
0.157154
0.14737
0.0695515
0
0
0
0
0
0
0
0
0
0
0
0
0
0
0
0
0
0
0
0
0
0
0
0
0
0
0
0
0
0
0
0
0
0
0
0
0
0
0
0
0
0
0
0
0
0.0630666
0.160719
0.183397
0.131556
0.153779
0.383293
0.608782
0.623193
0.509008
0.375326
0.280557
0.274679
0.303349
0.28799
0.270849
0.273579
0.290721
0.332891
0.384088
0.421025
0.42516
0.402746
0.395237
0.393114
0.355342
0.314728
0.304145
0.319582
0.360651
0.396072
0.373242
0.271797
0.138344
0.0150935
0
0
0.0682242
0.116539
0.22079
0.399485
0.513974
0.53779
0.579736
0.605445
0.563426
0.553681
0.540065
0.450454
0.380787
0.339454
0.303311
0.289014
0.290455
0.316433
0.342184
0.287838
0.164777
0.159619
0.244075
0.262999
0.280709
0.322161
0.353446
0.416666
0.44283
0.373736
0.319087
0.335582
0.375933
0.365242
0.282112
0.240169
0.292958
0.392279
0.528273
0.660358
0.713187
0.625887
0.429899
0.236718
0.134931
0.0557094
0
0
0
0
0
0
0
0
0
0
0
0
0
0
0
0
0
0
0
0
0
0
0
0
0
0
0
0
0
0
0
0
0
0
0
0
0
0
0
0
0
0
0
0
0
0
0.0135007
0.113581
0.112708
0.210361
0.463994
0.625396
0.608367
0.535745
0.426562
0.31484
0.314194
0.343282
0.311275
0.308469
0.331566
0.340931
0.353673
0.386248
0.405477
0.374759
0.316093
0.305851
0.333574
0.331299
0.312677
0.299974
0.294665
0.314424
0.36816
0.385417
0.315371
0.228071
0.120634
0.0270773
0.079677
0.167735
0.214912
0.34844
0.535326
0.634649
0.623309
0.583792
0.563693
0.583298
0.642082
0.652622
0.566915
0.439911
0.353673
0.345443
0.371042
0.36691
0.339035
0.330121
0.261254
0.142668
0.166256
0.25621
0.266867
0.277637
0.308963
0.333004
0.38208
0.403656
0.352499
0.311654
0.303842
0.29493
0.280898
0.255641
0.265767
0.320301
0.38295
0.474497
0.597597
0.689866
0.657858
0.467635
0.204369
0.0965908
0.0827867
0.0187341
0
0
0
0
0
0
0
0
0
0
0
0
0
0
0
0
0
0
0
0
0
0
0
0
0
0
0
0
0
0
0
0
0
0
0
0
0
0
0
0
0
0
0
0
0
0
0.0453184
0.108157
0.315978
0.577079
0.647959
0.592327
0.558347
0.504193
0.407109
0.400092
0.39194
0.319239
0.33088
0.404339
0.455081
0.470022
0.472146
0.445409
0.364556
0.256059
0.208768
0.224393
0.249839
0.277106
0.291479
0.280557
0.268915
0.314121
0.33638
0.277751
0.257462
0.211916
0.131594
0.191172
0.28617
0.360803
0.529829
0.719937
0.79218
0.72244
0.617772
0.577989
0.631312
0.723766
0.742121
0.642194
0.477646
0.399294
0.41348
0.409609
0.354963
0.29091
0.245061
0.161099
0.136638
0.240472
0.299367
0.274186
0.268422
0.302325
0.353749
0.386288
0.371534
0.328947
0.306536
0.301339
0.294892
0.306991
0.332779
0.345179
0.333346
0.330504
0.383557
0.513103
0.64758
0.664948
0.507906
0.1903
0.054458
0.105351
0.0678828
0.0207062
0.00371649
0
0
0
0
0
0
0
0
0
0
0
0
0
0
0
0
0
0
0
0
0
0
0
0
0
0
0
0
0
0
0
0
0
0
0
0
0
0
0
0
0
0
0
0
0.0150556
0.153476
0.468354
0.684022
0.647049
0.547347
0.513367
0.516177
0.477835
0.460123
0.409117
0.316166
0.312261
0.401153
0.508628
0.571885
0.584208
0.539574
0.421672
0.263302
0.15924
0.138572
0.177254
0.235845
0.269749
0.271721
0.268953
0.308772
0.328341
0.283477
0.278851
0.272859
0.218818
0.23869
0.332816
0.467101
0.652889
0.829688
0.891579
0.793321
0.660398
0.622362
0.692214
0.775988
0.763358
0.661954
0.520612
0.449013
0.441392
0.412379
0.342712
0.249725
0.149835
0.0728508
0.140734
0.277637
0.309834
0.28287
0.283705
0.330049
0.392204
0.402746
0.378663
0.370891
0.367857
0.359702
0.375138
0.425121
0.448218
0.385453
0.313739
0.313817
0.384052
0.522432
0.651903
0.682393
0.557437
0.236073
0.0739506
0.118852
0.0625356
0
0
0
0
0
0
0
0
0
0
0
0
0
0
0
0
0
0
0
0
0
0
0
0
0
0
0
0
0
0
0
0
0
0
0
0
0
0
0
0
0
0
0
0
0
0
0.0675795
0.270204
0.609468
0.733438
0.607305
0.465663
0.42675
0.442187
0.436043
0.456864
0.428913
0.3404
0.305092
0.354963
0.459176
0.550611
0.591793
0.565589
0.456482
0.293034
0.173765
0.140582
0.171793
0.222989
0.246199
0.249612
0.277296
0.336532
0.35337
0.306154
0.284425
0.285563
0.24927
0.234139
0.324661
0.499678
0.684214
0.835224
0.892753
0.808451
0.680006
0.64265
0.714361
0.773561
0.729003
0.634115
0.527705
0.456901
0.424514
0.399221
0.360084
0.253214
0.118245
0.0783118
0.159847
0.250863
0.271266
0.270735
0.290114
0.329782
0.371382
0.379916
0.398311
0.461376
0.51189
0.514053
0.524708
0.548791
0.487315
0.337482
0.287004
0.354623
0.460011
0.606698
0.715159
0.740835
0.623879
0.332816
0.162615
0.140544
0.0224886
0
0
0
0
0
0
0
0
0
0
0
0
0
0
0
0
0
0
0
0
0
0
0
0
0
0
0
0
0
0
0
0
0
0
0
0
0
0
0
0
0
0
0
0
0
0.0938983
0.163829
0.386363
0.702417
0.748607
0.563274
0.400356
0.375441
0.378324
0.359629
0.418598
0.425767
0.336796
0.296409
0.326329
0.410216
0.505974
0.556679
0.532936
0.437903
0.299215
0.200387
0.168645
0.180629
0.218818
0.234366
0.227692
0.262581
0.336608
0.348592
0.290303
0.256059
0.252949
0.23156
0.224734
0.32561
0.519059
0.691759
0.785317
0.791082
0.715726
0.626949
0.60499
0.658768
0.706285
0.680078
0.608063
0.522165
0.45087
0.390271
0.338088
0.317191
0.226896
0.0892337
0.0835073
0.155107
0.205279
0.234139
0.246919
0.251887
0.252228
0.263302
0.287497
0.353446
0.491451
0.620275
0.649931
0.619704
0.56248
0.438546
0.291669
0.284084
0.391142
0.514508
0.653041
0.756077
0.790894
0.701164
0.444577
0.200311
0.126854
0.0427396
0
0
0
0
0
0
0
0
0
0
0
0
0
0
0
0
0
0
0
0
0
0
0
0
0
0
0
0
0
0
0
0
0
0
0
0
0
0
0
0
0
0
0
0
0.0196064
0.207213
0.243734
0.451592
0.740188
0.745913
0.540712
0.377869
0.361674
0.385113
0.389434
0.431037
0.425197
0.342524
0.303615
0.330425
0.410974
0.508249
0.544807
0.491184
0.396339
0.298495
0.228147
0.187759
0.174182
0.199553
0.221321
0.21878
0.242558
0.298836
0.316357
0.280671
0.236869
0.230271
0.246805
0.26846
0.3685
0.551103
0.690697
0.707423
0.652167
0.592667
0.55592
0.552583
0.581629
0.623424
0.638818
0.602906
0.51682
0.423983
0.33824
0.262999
0.244189
0.169821
0.0511586
0.0699307
0.129395
0.164929
0.222193
0.245137
0.218477
0.181236
0.177178
0.213357
0.300353
0.464258
0.611361
0.642877
0.594183
0.520727
0.435779
0.364292
0.371613
0.45542
0.550308
0.632526
0.712316
0.772915
0.746751
0.538664
0.207706
0.113732
0.131973
0.0017824
0
0
0
0
0
0
0
0
0
0
0
0
0
0
0
0
0
0
0
0
0
0
0
0
0
0
0
0
0
0
0
0
0
0
0
0
0
0
0
0
0
0
0
0.0935949
0.218932
0.27794
0.521182
0.774926
0.732528
0.53711
0.385872
0.358336
0.401569
0.454134
0.502864
0.504345
0.439153
0.387462
0.395884
0.459595
0.543442
0.563657
0.482765
0.368843
0.28909
0.244416
0.203876
0.1713
0.175244
0.196974
0.206531
0.223179
0.25913
0.292238
0.287725
0.234442
0.237135
0.301339
0.347606
0.428346
0.553948
0.626342
0.592782
0.534113
0.524708
0.532936
0.532368
0.538324
0.552808
0.576702
0.571581
0.490349
0.388451
0.29804
0.220714
0.201942
0.129357
0.0349274
0.0680725
0.109181
0.140354
0.215632
0.246692
0.205696
0.160681
0.163981
0.225037
0.340021
0.476621
0.566879
0.584172
0.559521
0.528992
0.503622
0.479922
0.481894
0.519399
0.544313
0.539992
0.571202
0.672573
0.750883
0.604383
0.249119
0.141227
0.209223
0.103607
0
0
0
0
0
0
0
0
0
0
0
0
0
0
0
0
0
0
0
0
0
0
0
0
0
0
0
0
0
0
0
0
0
0
0
0
0
0
0
0
0
0.0112632
0.0668968
0.147408
0.196291
0.285601
0.575525
0.791992
0.713148
0.551937
0.423868
0.371194
0.388068
0.433504
0.501271
0.549358
0.508289
0.436195
0.417272
0.452386
0.522812
0.575185
0.544959
0.43756
0.322161
0.251811
0.207934
0.172931
0.16345
0.177254
0.190679
0.205696
0.237059
0.287194
0.300846
0.241344
0.255035
0.343015
0.393645
0.447799
0.498884
0.504721
0.469607
0.447077
0.49399
0.546172
0.54333
0.52668
0.500437
0.496456
0.507263
0.457696
0.370703
0.265729
0.182146
0.176116
0.109257
0.0287838
0.0669727
0.102355
0.135879
0.201752
0.226327
0.197505
0.174978
0.199705
0.27703
0.38515
0.477112
0.535554
0.565665
0.561909
0.538891
0.513143
0.481439
0.465927
0.475219
0.457168
0.415373
0.420798
0.554516
0.724755
0.620845
0.276954
0.160454
0.216846
0.133528
0.0218818
0
0
0
0
0
0
0
0
0
0
0
0
0
0
0
0
0
0
0
0
0
0
0
0
0
0
0
0
0
0
0
0
0
0
0
0
0
0
0
0
0.0223748
0.0919642
0.164701
0.204142
0.312413
0.593916
0.773449
0.695439
0.570938
0.480601
0.426714
0.403201
0.397473
0.430391
0.491715
0.485535
0.405325
0.345218
0.341043
0.40176
0.513103
0.585309
0.542532
0.408699
0.283363
0.219804
0.184952
0.165043
0.171603
0.184308
0.194623
0.222686
0.286587
0.311239
0.24745
0.260951
0.352005
0.403201
0.441276
0.448027
0.428722
0.405665
0.400698
0.481248
0.567106
0.558915
0.513179
0.45914
0.434183
0.449887
0.431683
0.361146
0.237476
0.151883
0.164815
0.104138
0.0270394
0.0661004
0.11559
0.153476
0.193447
0.204142
0.189541
0.187759
0.219652
0.277675
0.346583
0.43172
0.523076
0.567713
0.535857
0.471803
0.430354
0.402328
0.386212
0.387085
0.369146
0.357275
0.398271
0.545566
0.723806
0.687247
0.409497
0.212409
0.176495
0.103417
0.0152452
0
0
0
0
0
0
0
0
0
0
0
0
0
0
0
0
0
0
0
0
0
0
0
0
0
0
0
0
0
0
0
0
0
0
0
0
0
0
0
0
0.0226023
0.0844554
0.145209
0.191475
0.329818
0.59885
0.749745
0.675112
0.54856
0.479467
0.464825
0.460881
0.445296
0.428458
0.453564
0.478669
0.433807
0.352954
0.305323
0.336608
0.446549
0.552695
0.574918
0.497858
0.364519
0.261937
0.207213
0.173727
0.170238
0.182222
0.193485
0.221321
0.29
0.318025
0.267701
0.298305
0.381964
0.421593
0.439644
0.419053
0.404718
0.390459
0.384052
0.477416
0.573781
0.555465
0.487543
0.434678
0.409609
0.41348
0.406199
0.354432
0.238538
0.153552
0.161895
0.0985249
0.021275
0.0604119
0.131329
0.173955
0.189806
0.19284
0.180819
0.179226
0.205507
0.252759
0.325079
0.43756
0.5387
0.540975
0.462629
0.401533
0.395768
0.404755
0.404794
0.397513
0.390232
0.422466
0.514544
0.649363
0.761805
0.745234
0.524975
0.265653
0.161061
0.0980319
0.016838
0
0
0
0
0
0
0
0
0
0
0
0
0
0
0
0
0
0
0
0
0
0
0
0
0
0
0
0
0
0
0
0
0
0
0
0
0
0
0
0
0.0210475
0.0794874
0.13842
0.197012
0.3426
0.572643
0.701355
0.63241
0.488984
0.415185
0.42861
0.466533
0.476202
0.456294
0.463727
0.49676
0.505898
0.471236
0.415413
0.393457
0.421896
0.463763
0.50658
0.530284
0.466797
0.336987
0.236983
0.189048
0.174978
0.181653
0.192765
0.219311
0.289962
0.316014
0.279988
0.350903
0.442375
0.449544
0.415868
0.365506
0.370815
0.375972
0.382192
0.490046
0.591529
0.566691
0.485001
0.433049
0.402558
0.387996
0.381321
0.344836
0.248891
0.162767
0.147825
0.0739885
0.00273048
0.0560887
0.14172
0.180288
0.18389
0.187797
0.181388
0.187
0.23285
0.312677
0.416211
0.520576
0.560471
0.5004
0.428267
0.421556
0.452465
0.483714
0.50108
0.502828
0.511359
0.55683
0.6417
0.735447
0.79002
0.734081
0.515418
0.274793
0.171641
0.106641
0.0249915
0
0
0
0
0
0
0
0
0
0
0
0
0
0
0
0
0
0
0
0
0
0
0
0
0
0
0
0
0
0
0
0
0
0
0
0
0
0
0
0
0.0218818
0.0748987
0.126247
0.207479
0.354016
0.518033
0.619098
0.576472
0.460997
0.4018
0.407867
0.434829
0.437751
0.420267
0.425992
0.453564
0.488945
0.510676
0.481742
0.420003
0.366455
0.344799
0.384467
0.471803
0.500285
0.406806
0.274603
0.199894
0.182032
0.185559
0.191475
0.212523
0.284956
0.313323
0.283022
0.368955
0.455803
0.4255
0.35151
0.31761
0.358831
0.374455
0.398535
0.514469
0.614738
0.593653
0.50108
0.432515
0.393948
0.377793
0.37313
0.338959
0.250143
0.165308
0.128105
0.042057
0
0.0655316
0.146195
0.1724
0.174637
0.184839
0.195116
0.236263
0.324245
0.42952
0.523191
0.564527
0.520916
0.439835
0.404603
0.414542
0.439875
0.480905
0.530851
0.568699
0.59445
0.627404
0.681067
0.749481
0.786343
0.714021
0.505255
0.293261
0.188631
0.108878
0.0287459
0.000796391
0
0
0
0
0
0
0
0
0
0
0
0
0
0
0
0
0
0
0
0
0
0
0
0
0
0
0
0
0
0
0
0
0
0
0
0
0
0
0
0.00693998
0.0414882
0.0843037
0.16948
0.318329
0.460617
0.557929
0.549434
0.480601
0.446737
0.439875
0.440099
0.42588
0.393645
0.377338
0.390271
0.415677
0.434638
0.418862
0.359477
0.292351
0.278092
0.340779
0.423947
0.456522
0.411544
0.303806
0.210475
0.180857
0.181122
0.185559
0.207782
0.279002
0.327658
0.340971
0.415109
0.448897
0.38917
0.321894
0.325913
0.374113
0.395732
0.447684
0.549094
0.624295
0.615041
0.535745
0.449544
0.393948
0.383026
0.385793
0.354659
0.267587
0.182791
0.126171
0.0401229
0.0268877
0.0968942
0.147598
0.163867
0.169517
0.184573
0.227199
0.329478
0.445069
0.5208
0.54329
0.485798
0.380108
0.320644
0.320565
0.334903
0.366983
0.423528
0.488945
0.532672
0.558651
0.584663
0.63552
0.711443
0.754408
0.703063
0.520424
0.31666
0.199287
0.106451
0.0270394
0.00106185
0
0
0
0
0
0
0
0
0
0
0
0
0
0
0
0
0
0
0
0
0
0
0
0
0
0
0
0
0
0
0
0
0
0
0
0
0
0
0
0
0
0.0453564
0.137434
0.30096
0.466988
0.562859
0.555083
0.507339
0.496417
0.49672
0.481323
0.451021
0.410974
0.374495
0.357238
0.361674
0.36782
0.347111
0.295689
0.257158
0.289848
0.385417
0.441313
0.418295
0.373202
0.306724
0.223862
0.177709
0.16929
0.175054
0.202511
0.269218
0.341993
0.427548
0.514317
0.503016
0.418031
0.366719
0.384088
0.414542
0.45732
0.528385
0.591605
0.630778
0.632526
0.591338
0.505783
0.419205
0.401533
0.411393
0.394288
0.326369
0.228412
0.135917
0.0610187
0.0874513
0.143199
0.15029
0.152224
0.157496
0.181805
0.270166
0.415868
0.518261
0.538172
0.479655
0.356328
0.256893
0.239448
0.271607
0.322728
0.380599
0.43229
0.477455
0.508856
0.540181
0.564527
0.59263
0.650234
0.705945
0.703251
0.554021
0.339414
0.198681
0.0982974
0.0225265
0
0
0
0
0
0
0
0
0
0
0
0
0
0
0
0
0
0
0
0
0
0
0
0
0
0
0
0
0
0
0
0
0
0
0
0
0
0
0
0
0
0
0.0472146
0.136372
0.346959
0.555881
0.611592
0.567218
0.523343
0.531382
0.555083
0.540751
0.501311
0.461943
0.420267
0.384164
0.37313
0.36941
0.338392
0.286056
0.278889
0.358679
0.453715
0.461603
0.396867
0.338465
0.282302
0.218097
0.182639
0.177216
0.177861
0.199174
0.266184
0.366795
0.509235
0.6213
0.593692
0.48963
0.443285
0.463879
0.497215
0.551103
0.604119
0.630287
0.641208
0.641057
0.63184
0.575337
0.470517
0.42057
0.43479
0.460466
0.429293
0.303918
0.162881
0.0834694
0.123744
0.175396
0.151542
0.132846
0.142706
0.181274
0.286625
0.417576
0.482046
0.468697
0.392468
0.310401
0.28287
0.291214
0.331942
0.401988
0.456258
0.486026
0.518337
0.547802
0.560659
0.548639
0.531346
0.566954
0.651408
0.697299
0.579809
0.358603
0.19322
0.0864653
0.0122872
0
0
0
0
0
0
0
0
0
0
0
0
0
0
0
0
0
0
0
0
0
0
0
0
0
0
0
0
0
0
0
0
0
0
0
0
0
0
0
0
0
0.00424742
0.0704237
0.131594
0.356556
0.606167
0.639655
0.554858
0.490844
0.488832
0.529295
0.534301
0.50571
0.476773
0.446015
0.427509
0.429711
0.42584
0.399788
0.360915
0.358148
0.42368
0.47977
0.442375
0.359398
0.30684
0.262316
0.216087
0.203611
0.209754
0.1903
0.186583
0.280216
0.441392
0.602223
0.686792
0.650083
0.564943
0.521295
0.524216
0.551178
0.586939
0.612463
0.624103
0.618873
0.618187
0.637416
0.623157
0.534947
0.456786
0.463955
0.530017
0.525958
0.394707
0.224089
0.0910161
0.0942775
0.156548
0.131253
0.103152
0.143464
0.194661
0.260799
0.355758
0.417536
0.4153
0.371422
0.343207
0.348173
0.358033
0.387844
0.429899
0.449544
0.461907
0.484812
0.489287
0.465244
0.433919
0.423225
0.486821
0.609238
0.677955
0.563274
0.343471
0.184649
0.0800183
0.00200994
0
0
0
0
0
0
0
0
0
0
0
0
0
0
0
0
0
0
0
0
0
0
0
0
0
0
0
0
0
0
0
0
0
0
0
0
0
0
0
0
0
0.0126285
0.0723957
0.125868
0.29895
0.548105
0.60226
0.488568
0.402367
0.394176
0.441807
0.464977
0.436119
0.397437
0.376655
0.382535
0.414463
0.446094
0.46278
0.448027
0.413098
0.401988
0.400926
0.360308
0.298116
0.268384
0.252608
0.227692
0.228185
0.240055
0.207782
0.210058
0.351322
0.538739
0.650689
0.671056
0.641548
0.592551
0.531498
0.488301
0.496608
0.527059
0.544616
0.547498
0.529829
0.545035
0.609353
0.63461
0.585916
0.521446
0.503547
0.54856
0.553075
0.464106
0.296599
0.081687
0.0280254
0.107134
0.0888924
0.0586675
0.128371
0.187645
0.216049
0.301301
0.388639
0.399828
0.356971
0.317306
0.309418
0.312489
0.3167
0.326217
0.333802
0.349769
0.376995
0.379956
0.367286
0.362547
0.375174
0.457775
0.59206
0.654482
0.522699
0.307786
0.175813
0.0861998
0.0127802
0
0
0
0
0
0
0
0
0
0
0
0
0
0
0
0
0
0
0
0
0
0
0
0
0
0
0
0
0
0
0
0
0
0
0
0
0
0
0
0
0
0.00538512
0.0694756
0.127157
0.23979
0.471427
0.550799
0.424818
0.337178
0.334066
0.382759
0.418902
0.381394
0.312907
0.283477
0.29493
0.327239
0.365697
0.39774
0.38663
0.342524
0.313435
0.291365
0.258107
0.22553
0.214153
0.222117
0.223862
0.229209
0.241951
0.237135
0.288559
0.43134
0.547158
0.590998
0.609165
0.605597
0.54697
0.448103
0.385338
0.398195
0.423983
0.426143
0.423377
0.400092
0.417309
0.509008
0.568623
0.567789
0.55319
0.534871
0.541734
0.545981
0.514356
0.392395
0.136221
0.0100876
0.0728508
0.0590467
0.0266981
0.0917366
0.148925
0.179605
0.262506
0.361904
0.399257
0.366376
0.314952
0.27904
0.241648
0.211688
0.215784
0.244833
0.284046
0.328908
0.359326
0.374835
0.383669
0.39592
0.473284
0.595209
0.625281
0.472258
0.271986
0.166066
0.0927985
0.0314385
0.00553681
0
0
0
0
0
0
0
0
0
0
0
0
0
0
0
0
0
0
0
0
0
0
0
0
0
0
0
0
0
0
0
0
0
0
0
0
0
0
0
0
0.00447496
0.0578331
0.109333
0.199287
0.428498
0.528652
0.409572
0.322161
0.307255
0.335358
0.361674
0.327694
0.261216
0.228375
0.234859
0.250332
0.261861
0.266601
0.247033
0.225834
0.225037
0.217566
0.20088
0.185862
0.172589
0.180098
0.200311
0.221245
0.250711
0.280178
0.338999
0.420419
0.450038
0.466306
0.533658
0.565134
0.49179
0.391673
0.353027
0.349957
0.324284
0.305587
0.315559
0.297433
0.292503
0.358224
0.417233
0.454814
0.504153
0.539386
0.56301
0.573098
0.577461
0.525163
0.313817
0.120445
0.0926089
0.0656833
0.0337139
0.0789944
0.129129
0.167697
0.242217
0.35739
0.456673
0.472185
0.42152
0.345634
0.258827
0.205317
0.212561
0.255793
0.301415
0.337594
0.369222
0.392886
0.405022
0.437976
0.5362
0.635177
0.5957
0.405744
0.232887
0.156851
0.0993592
0.0462665
0.0139558
0
0
0
0
0
0
0
0
0
0
0
0
0
0
0
0
0
0
0
0
0
0
0
0
0
0
0
0
0
0
0
0
0
0
0
0
0
0
0
0
0.00216163
0.0348895
0.0921917
0.190451
0.39812
0.506013
0.405553
0.305851
0.270242
0.271152
0.276499
0.259851
0.228109
0.205621
0.206758
0.21294
0.208313
0.196216
0.180667
0.175358
0.176571
0.174789
0.176192
0.171565
0.158861
0.163981
0.196443
0.248133
0.296333
0.315789
0.34351
0.387541
0.380447
0.356859
0.398651
0.446662
0.427964
0.381624
0.364975
0.339263
0.276575
0.248133
0.262202
0.243961
0.210171
0.228147
0.276992
0.337785
0.410974
0.493799
0.565246
0.599265
0.630969
0.62289
0.490006
0.287118
0.157799
0.102431
0.073268
0.0923813
0.126626
0.160719
0.222686
0.328301
0.434223
0.466154
0.44033
0.399524
0.346049
0.314081
0.328341
0.357275
0.367286
0.35739
0.354204
0.364292
0.373809
0.434905
0.569002
0.648414
0.544695
0.337633
0.207403
0.157534
0.115173
0.0655695
0.0193409
0
0
0
0
0
0
0
0
0
0
0
0
0
0
0
0
0
0
0
0
0
0
0
0
0
0
0
0
0
0
0
0
0
0
0
0
0
0
0
0.00125147
0
0.0208579
0.0916987
0.19121
0.359853
0.48068
0.403165
0.269521
0.205696
0.200084
0.209185
0.21567
0.211537
0.207251
0.217035
0.215367
0.19394
0.172931
0.16436
0.167204
0.165877
0.158178
0.153817
0.149304
0.155334
0.196898
0.259093
0.305662
0.330919
0.333386
0.348516
0.384428
0.35428
0.269901
0.245326
0.290038
0.327846
0.327391
0.328644
0.336305
0.296561
0.234935
0.211878
0.199136
0.164891
0.168987
0.232925
0.295347
0.33236
0.395198
0.472944
0.53032
0.583868
0.579848
0.497706
0.367174
0.232167
0.149987
0.115894
0.112557
0.128636
0.144829
0.166484
0.215405
0.270887
0.296257
0.311615
0.339035
0.36759
0.401912
0.439456
0.451819
0.417272
0.352044
0.302629
0.285146
0.281278
0.344193
0.487883
0.559409
0.449544
0.281467
0.199591
0.157496
0.117562
0.0645077
0.0127802
0
0
0
0
0
0
0
0
0
0
0
0
0
0
0
0
0
0
0
0
0
0
0
0
0
0
0
0
0
0
0
0
0
0
0
0
0
0
0
0.000417157
0
0.014335
0.090068
0.180364
0.316396
0.447799
0.393038
0.235883
0.157458
0.157382
0.170655
0.193902
0.214798
0.236225
0.262733
0.249801
0.201866
0.167545
0.160188
0.162729
0.16015
0.148356
0.135652
0.132846
0.161592
0.245516
0.331942
0.356707
0.354584
0.346128
0.3269
0.315219
0.261027
0.188365
0.188707
0.232319
0.256476
0.261216
0.286852
0.335015
0.31977
0.215556
0.147712
0.163791
0.180402
0.197391
0.241913
0.264174
0.262392
0.286777
0.335127
0.39717
0.461415
0.462589
0.421935
0.40794
0.350564
0.233077
0.153286
0.134742
0.142213
0.136221
0.122682
0.138762
0.169821
0.186355
0.199742
0.228412
0.275058
0.330959
0.379349
0.413098
0.404263
0.343622
0.27411
0.230195
0.210892
0.265653
0.398311
0.452842
0.354735
0.238386
0.188745
0.145436
0.0997764
0.0433464
0.00212371
0
0
0
0
0
0
0
0
0
0
0
0
0
0
0
0
0
0
0
0
0
0
0
0
0
0
0
0
0
0
0
0
0
0
0
0
0
0
0
0
0
0.00667451
0.0776292
0.161933
0.266298
0.387653
0.363725
0.223596
0.150745
0.156358
0.193295
0.253707
0.284349
0.283174
0.286056
0.258562
0.203686
0.17039
0.162805
0.154993
0.143388
0.133073
0.125526
0.127309
0.16527
0.253404
0.324245
0.326177
0.294627
0.257462
0.211461
0.175851
0.140354
0.13569
0.190262
0.221473
0.200728
0.191741
0.242292
0.313132
0.315067
0.204028
0.108613
0.157003
0.232167
0.238728
0.220183
0.203421
0.211916
0.239069
0.259055
0.304868
0.394707
0.448027
0.44742
0.479467
0.473854
0.350376
0.220449
0.166408
0.151504
0.13148
0.120179
0.14172
0.169404
0.173917
0.168873
0.17695
0.196253
0.221055
0.25913
0.324891
0.386934
0.396451
0.351965
0.287459
0.240245
0.283743
0.405137
0.434374
0.32068
0.212826
0.169176
0.128522
0.083166
0.0306421
0
0
0
0
0
0
0
0
0
0
0
0
0
0
0
0
0
0
0
0
0
0
0
0
0
0
0
0
0
0
0
0
0
0
0
0
0
0
0
0
0
0
0
0.0439153
0.123782
0.203611
0.320225
0.344532
0.243165
0.176571
0.202663
0.294703
0.37218
0.361067
0.298457
0.249839
0.207593
0.173044
0.159354
0.152566
0.13933
0.127043
0.125033
0.129774
0.129357
0.162729
0.240245
0.269521
0.219463
0.15943
0.128788
0.107247
0.0902576
0.089082
0.126437
0.187797
0.197922
0.149949
0.127233
0.183132
0.267322
0.303766
0.224848
0.120862
0.169252
0.255983
0.240169
0.189086
0.172817
0.202852
0.23175
0.228906
0.249915
0.376619
0.525199
0.572567
0.567674
0.539119
0.44465
0.309682
0.207972
0.154803
0.129243
0.128105
0.151959
0.171869
0.170124
0.15943
0.168531
0.190451
0.198681
0.21495
0.278661
0.379916
0.46096
0.482046
0.436538
0.378591
0.409457
0.502372
0.482046
0.321857
0.197543
0.151466
0.11487
0.0710305
0.0223369
0
0
0
0
0
0
0
0
0
0
0
0
0
0
0
0
0
0
0
0
0
0
0
0
0
0
0
0
0
0
0
0
0
0
0
0
0
0
0
0
0
0
0
0.0199477
0.0993592
0.163071
0.260192
0.330768
0.296106
0.249725
0.291289
0.389018
0.408738
0.329139
0.235694
0.171907
0.137283
0.130229
0.134742
0.12966
0.119383
0.119421
0.133035
0.148698
0.139027
0.158482
0.220373
0.213205
0.139179
0.0974631
0.102659
0.109181
0.106527
0.118624
0.159544
0.199515
0.19303
0.140999
0.110622
0.152338
0.225872
0.275627
0.237628
0.160795
0.181008
0.229057
0.207858
0.174637
0.178998
0.201335
0.198453
0.173879
0.172893
0.292882
0.503586
0.625244
0.614929
0.564488
0.501423
0.384922
0.251432
0.162464
0.131025
0.13368
0.153741
0.163146
0.154424
0.141189
0.152414
0.182146
0.184611
0.18135
0.236983
0.354848
0.465735
0.526188
0.521371
0.502597
0.546891
0.606319
0.510412
0.300277
0.179833
0.135728
0.105692
0.0607153
0.0121734
0
0
0
0
0
0
0
0
0
0
0
0
0
0
0
0
0
0
0
0
0
0
0
0
0
0
0
0
0
0
0
0
0
0
0
0
0
0
0
0
0
0
0
0.0119459
0.0926089
0.158027
0.22352
0.336911
0.408092
0.398802
0.402139
0.412491
0.342751
0.232205
0.160833
0.123782
0.107437
0.110092
0.119041
0.11487
0.105503
0.112822
0.13459
0.150859
0.134856
0.135462
0.17039
0.157192
0.112291
0.113467
0.146346
0.16254
0.162236
0.170997
0.194357
0.204445
0.188972
0.152945
0.123516
0.141227
0.187
0.2228
0.212181
0.177747
0.183094
0.203156
0.187493
0.163071
0.170314
0.178202
0.148773
0.108992
0.0927606
0.160075
0.335774
0.507682
0.570899
0.566348
0.539386
0.43851
0.286284
0.170086
0.126133
0.125109
0.140013
0.142744
0.130115
0.123706
0.133187
0.150328
0.15067
0.145095
0.185862
0.282757
0.365618
0.401041
0.421441
0.473435
0.569457
0.630666
0.476469
0.251129
0.16417
0.118586
0.0938604
0.0508552
0.00348895
0
0
0
0
0
0
0
0
0
0
0
0
0
0
0
0
0
0
0
0
0
0
0
0
0
0
0
0
0
0
0
0
0
0
0
0
0
0
0
0
0
0
0
0.00883615
0.0857068
0.165308
0.221359
0.377717
0.550268
0.569154
0.483332
0.367517
0.262468
0.211802
0.191779
0.159278
0.124502
0.112898
0.117335
0.112139
0.10482
0.109674
0.122493
0.133718
0.123099
0.111874
0.123403
0.125071
0.120065
0.154196
0.199818
0.208427
0.199629
0.210361
0.231181
0.215367
0.190565
0.181501
0.159392
0.148925
0.1691
0.187948
0.174713
0.154917
0.172172
0.19887
0.178771
0.149494
0.15048
0.15158
0.134552
0.106982
0.0817628
0.101331
0.193675
0.329515
0.461679
0.535138
0.533391
0.440897
0.285866
0.163374
0.120255
0.119914
0.128446
0.128977
0.119193
0.122682
0.131898
0.133035
0.131784
0.127385
0.142668
0.204217
0.257462
0.260913
0.287763
0.396945
0.557853
0.618036
0.412682
0.202738
0.150707
0.105655
0.0781601
0.0369753
0
0
0
0
0
0
0
0
0
0
0
0
0
0
0
0
0
0
0
0
0
0
0
0
0
0
0
0
0
0
0
0
0
0
0
0
0
0
0
0
0
0
0
0
0.00728129
0.0636354
0.138155
0.193978
0.345254
0.568432
0.622171
0.460769
0.271456
0.208313
0.245895
0.246805
0.184725
0.125944
0.11176
0.117032
0.111722
0.106868
0.10884
0.114946
0.124882
0.122189
0.108764
0.108954
0.118359
0.134514
0.169252
0.194395
0.198074
0.212523
0.253252
0.274186
0.224279
0.180591
0.197695
0.202094
0.184459
0.189276
0.195457
0.160871
0.13148
0.168683
0.200046
0.175016
0.162843
0.156775
0.14445
0.149835
0.147294
0.126323
0.124275
0.162464
0.225417
0.335661
0.45087
0.485079
0.413783
0.265198
0.14373
0.113618
0.121582
0.12454
0.124654
0.123934
0.135842
0.142175
0.126209
0.117942
0.118245
0.128029
0.179984
0.228564
0.226213
0.250939
0.380827
0.574008
0.574955
0.332436
0.17331
0.135121
0.103152
0.0723957
0.0241572
0
0
0
0
0
0
0
0
0
0
0
0
0
0
0
0
0
0
0
0
0
0
0
0
0
0
0
0
0
0
0
0
0
0
0
0
0
0
0
0
0
0
0
0
0.00193409
0.0249157
0.0800562
0.140203
0.234063
0.42861
0.540181
0.410064
0.229664
0.189958
0.228223
0.214722
0.155827
0.115401
0.115325
0.122948
0.115439
0.10319
0.102659
0.11066
0.11999
0.120065
0.10994
0.108309
0.123061
0.166066
0.208503
0.197315
0.166977
0.186583
0.229019
0.219197
0.161326
0.131632
0.169404
0.210361
0.208048
0.214343
0.233608
0.200387
0.171224
0.210816
0.228071
0.215936
0.216922
0.185673
0.145512
0.133187
0.130874
0.126892
0.129243
0.1545
0.188024
0.243468
0.347645
0.433768
0.402974
0.252418
0.12947
0.107816
0.112139
0.109864
0.114529
0.127536
0.154083
0.174296
0.161667
0.143464
0.136259
0.146043
0.18207
0.204217
0.205772
0.253556
0.399106
0.56464
0.466154
0.234291
0.156093
0.125981
0.107285
0.0650765
0.0100118
0
0
0
0
0
0
0
0
0
0
0
0
0
0
0
0
0
0
0
0
0
0
0
0
0
0
0
0
0
0
0
0
0
0
0
0
0
0
0
0
0
0
0
0
0
0.0211612
0.0700445
0.121962
0.169745
0.275741
0.431149
0.461907
0.357011
0.269028
0.228981
0.208275
0.193978
0.177861
0.163867
0.149835
0.128522
0.104479
0.0969322
0.103303
0.111115
0.111002
0.106413
0.109068
0.129205
0.198415
0.266336
0.243923
0.170124
0.154234
0.170959
0.140354
0.112026
0.126019
0.158596
0.186621
0.188858
0.21495
0.261671
0.248019
0.243923
0.279419
0.274148
0.277637
0.29201
0.244682
0.159619
0.100307
0.0881339
0.0946567
0.103227
0.120483
0.146043
0.183701
0.251204
0.333195
0.331183
0.208351
0.117411
0.109409
0.10774
0.103114
0.106489
0.121734
0.156396
0.197088
0.222345
0.224051
0.200691
0.190717
0.206796
0.20581
0.206872
0.287497
0.458606
0.537071
0.345746
0.165991
0.146157
0.125981
0.0987904
0.0420191
0
0
0
0
0
0
0
0
0
0
0
0
0
0
0
0
0
0
0
0
0
0
0
0
0
0
0
0
0
0
0
0
0
0
0
0
0
0
0
0
0
0
0
0
0
0
0.0376579
0.095036
0.131063
0.158482
0.196784
0.352724
0.558763
0.584511
0.451212
0.312792
0.241572
0.225151
0.210133
0.180819
0.148963
0.122568
0.102772
0.0923813
0.0951498
0.102317
0.10372
0.105882
0.109978
0.119269
0.167015
0.220031
0.211423
0.165498
0.164094
0.184649
0.156206
0.13952
0.182298
0.212257
0.1892
0.161819
0.194092
0.250256
0.263985
0.298685
0.336456
0.321323
0.337291
0.361561
0.301718
0.184725
0.106868
0.0961358
0.102393
0.105579
0.105427
0.110054
0.135197
0.163677
0.193675
0.18992
0.131291
0.104403
0.129736
0.153628
0.146119
0.119117
0.111608
0.136903
0.171376
0.215632
0.258524
0.261937
0.245402
0.247488
0.252835
0.268384
0.367326
0.533961
0.488074
0.245213
0.140051
0.139558
0.11999
0.069779
0.0161933
0
0
0
0
0
0
0
0
0
0
0
0
0
0
0
0
0
0
0
0
0
0
0
0
0
0
0
0
0
0
0
0
0
0
0
0
0
0
0
0
0
0
0
0
0
0
0.0248777
0.0993213
0.153514
0.163791
0.173575
0.266108
0.522548
0.6929
0.609468
0.427852
0.281391
0.20399
0.160075
0.135879
0.121658
0.111457
0.102241
0.0905231
0.0886269
0.0951877
0.104441
0.112822
0.108347
0.104441
0.125906
0.14957
0.144147
0.14062
0.176685
0.213167
0.200084
0.176078
0.20198
0.246009
0.23247
0.185028
0.185256
0.238993
0.298381
0.353106
0.361031
0.326672
0.327658
0.320832
0.25841
0.196557
0.185294
0.197315
0.187304
0.157041
0.122455
0.0993972
0.104138
0.111798
0.109181
0.0963254
0.0840003
0.0970838
0.149949
0.218135
0.231939
0.188783
0.145512
0.135083
0.143502
0.169024
0.209754
0.25348
0.284767
0.289469
0.290417
0.338656
0.454437
0.530017
0.367478
0.161174
0.129508
0.136638
0.110509
0.0442566
0.00166863
0
0
0
0
0
0
0
0
0
0
0
0
0
0
0
0
0
0
0
0
0
0
0
0
0
0
0
0
0
0
0
0
0
0
0
0
0
0
0
0
0
0
0
0
0
0
0.00572643
0.0794495
0.163336
0.180439
0.170769
0.180098
0.358719
0.603133
0.621943
0.443704
0.277485
0.185445
0.132428
0.117373
0.121127
0.121582
0.112519
0.0992455
0.0961358
0.103
0.114908
0.117714
0.101976
0.0967046
0.128826
0.173651
0.178543
0.177254
0.198832
0.204445
0.202283
0.199591
0.199705
0.239448
0.284198
0.263037
0.215253
0.249346
0.345103
0.391369
0.343015
0.270811
0.226061
0.178733
0.158368
0.208123
0.297547
0.337937
0.292844
0.209603
0.13679
0.0942775
0.0879064
0.0917746
0.084114
0.0741781
0.0749745
0.0877547
0.124958
0.192954
0.255338
0.278585
0.251356
0.206151
0.17896
0.172286
0.178543
0.21476
0.281354
0.316433
0.328149
0.413856
0.536807
0.461719
0.230953
0.122872
0.127195
0.137434
0.0939362
0.0227161
0
0
0
0
0
0
0
0
0
0
0
0
0
0
0
0
0
0
0
0
0
0
0
0
0
0
0
0
0
0
0
0
0
0
0
0
0
0
0
0
0
0
0
0
0
0
0
0
0.0340552
0.128902
0.194509
0.178922
0.14756
0.224468
0.443133
0.522812
0.35648
0.202587
0.146726
0.121696
0.11195
0.112139
0.112481
0.111722
0.114567
0.117714
0.121582
0.128409
0.1176
0.0975768
0.0967805
0.149873
0.247564
0.277485
0.251508
0.233608
0.206493
0.201752
0.214229
0.210096
0.228792
0.293944
0.326711
0.282112
0.284615
0.363989
0.37768
0.295916
0.224013
0.169138
0.117487
0.139179
0.237173
0.336684
0.349993
0.277523
0.191779
0.128181
0.093519
0.0859344
0.0815353
0.0759605
0.0781222
0.0840003
0.0896509
0.0971218
0.119724
0.175016
0.26042
0.318708
0.315522
0.276954
0.229171
0.199174
0.200918
0.240738
0.297888
0.362432
0.487467
0.552808
0.355721
0.149873
0.126778
0.13349
0.124427
0.061891
0.00420949
0
0
0
0
0
0
0
0
0
0
0
0
0
0
0
0
0
0
0
0
0
0
0
0
0
0
0
0
0
0
0
0
0
0
0
0
0
0
0
0
0
0
0
0
0
0
0
0
0.00299595
0.0763777
0.173082
0.187455
0.156358
0.163677
0.292882
0.408171
0.352308
0.247336
0.180174
0.126247
0.0927227
0.0784255
0.078691
0.0998902
0.127536
0.13167
0.133339
0.143919
0.121355
0.101521
0.110129
0.167735
0.273352
0.293224
0.239827
0.220259
0.228488
0.239979
0.22974
0.205696
0.201297
0.244909
0.317834
0.344875
0.352348
0.37218
0.333195
0.26626
0.259168
0.253859
0.221966
0.227464
0.275286
0.302173
0.263264
0.205962
0.166863
0.129432
0.104593
0.0936707
0.077212
0.07524
0.0918883
0.103607
0.105048
0.097008
0.0882098
0.100459
0.16345
0.270773
0.352724
0.359477
0.305283
0.244909
0.214115
0.21495
0.264174
0.357881
0.462398
0.409193
0.207668
0.121165
0.136676
0.131253
0.084645
0.0240055
0
0
0
0
0
0
0
0
0
0
0
0
0
0
0
0
0
0
0
0
0
0
0
0
0
0
0
0
0
0
0
0
0
0
0
0
0
0
0
0
0
0
0
0
0
0
0
0
0
0
0.0259396
0.109902
0.18116
0.17915
0.153059
0.183056
0.282264
0.370927
0.381054
0.29311
0.175547
0.105503
0.0744815
0.0733817
0.111191
0.150404
0.145588
0.148167
0.165687
0.13186
0.110281
0.128598
0.174789
0.238462
0.227426
0.179719
0.190224
0.232622
0.25329
0.240283
0.219994
0.2049
0.210778
0.270659
0.362208
0.425233
0.408474
0.322161
0.282605
0.33642
0.387158
0.382911
0.347454
0.316245
0.276916
0.227275
0.216922
0.208768
0.159619
0.121165
0.100383
0.0825971
0.0887028
0.107589
0.114263
0.10319
0.0847967
0.0849104
0.0978044
0.116046
0.185218
0.287345
0.350488
0.353482
0.320832
0.301946
0.312564
0.343965
0.368348
0.331905
0.207593
0.117335
0.130077
0.142061
0.105389
0.0397058
0.00238917
0
0
0
0
0
0
0
0
0
0
0
0
0
0
0
0
0
0
0
0
0
0
0
0
0
0
0
0
0
0
0
0
0
0
0
0
0
0
0
0
0
0
0
0
0
0
0
0
0
0
0
0.0541167
0.149949
0.19322
0.172931
0.145929
0.175661
0.294285
0.445336
0.438206
0.277182
0.152376
0.100231
0.104782
0.164929
0.206114
0.184649
0.182942
0.189162
0.143199
0.122227
0.147105
0.187834
0.222572
0.208768
0.18518
0.193258
0.207972
0.213433
0.22955
0.253366
0.247412
0.218363
0.228716
0.330161
0.458645
0.46968
0.363761
0.296637
0.33183
0.41253
0.453752
0.421289
0.356668
0.283477
0.24343
0.261102
0.247867
0.179719
0.137131
0.115135
0.102772
0.111381
0.113694
0.0998902
0.0783497
0.0699686
0.101559
0.137283
0.138003
0.14737
0.193788
0.254238
0.319503
0.374871
0.429711
0.509614
0.528879
0.396563
0.209072
0.109864
0.112405
0.145967
0.142744
0.0736472
0.0104289
0
0
0
0
0
0
0
0
0
0
0
0
0
0
0
0
0
0
0
0
0
0
0
0
0
0
0
0
0
0
0
0
0
0
0
0
0
0
0
0
0
0
0
0
0
0
0
0
0
0
0
0
0.0197581
0.0945051
0.175358
0.190868
0.158178
0.13971
0.213698
0.425804
0.518185
0.343889
0.172134
0.114529
0.145777
0.249119
0.29292
0.248702
0.224772
0.198984
0.147825
0.132049
0.156472
0.203193
0.244492
0.25458
0.237438
0.199249
0.172286
0.176268
0.207289
0.256552
0.281164
0.248208
0.215063
0.290948
0.439492
0.479012
0.382759
0.298002
0.309227
0.402746
0.461603
0.417764
0.34533
0.291972
0.273503
0.282946
0.247753
0.179302
0.153931
0.142061
0.131404
0.139748
0.129205
0.0932536
0.0690205
0.0803976
0.131746
0.187152
0.20308
0.185104
0.166559
0.178733
0.255338
0.370017
0.487012
0.593956
0.551937
0.323335
0.135917
0.102583
0.136069
0.161667
0.118397
0.0351929
0
0
0
0
0
0
0
0
0
0
0
0
0
0
0
0
0
0
0
0
0
0
0
0
0
0
0
0
0
0
0
0
0
0
0
0
0
0
0
0
0
0
0
0
0
0
0
0
0
0
0
0
0
0.00166863
0.0397437
0.118586
0.182108
0.185142
0.150139
0.157041
0.285032
0.407145
0.316772
0.165877
0.118321
0.182336
0.323335
0.363989
0.288142
0.226175
0.186962
0.151731
0.137814
0.151618
0.193068
0.249953
0.289317
0.261975
0.183208
0.141909
0.154462
0.180743
0.234101
0.298685
0.292958
0.242027
0.2911
0.417461
0.432554
0.344915
0.301415
0.340971
0.432818
0.458454
0.367174
0.307598
0.320037
0.31757
0.286739
0.225379
0.171338
0.168342
0.164322
0.154841
0.179984
0.185294
0.138193
0.0999281
0.108082
0.158975
0.233267
0.282453
0.264857
0.20672
0.181805
0.242065
0.352269
0.437636
0.42679
0.306457
0.159999
0.0920021
0.117449
0.157723
0.151656
0.0708029
0.00485419
0
0
0
0
0
0
0
0
0
0
0
0
0
0
0
0
0
0
0
0
0
0
0
0
0
0
0
0
0
0
0
0
0
0
0
0
0
0
0
0
0
0
0
0
0
0
0
0
0
0
0
0
0
0
0.009405
0.0533582
0.137776
0.198188
0.183246
0.136941
0.140241
0.230385
0.261937
0.185142
0.143692
0.22773
0.361486
0.362775
0.259737
0.19193
0.176306
0.168228
0.155334
0.150139
0.168114
0.223786
0.271645
0.236301
0.157989
0.131784
0.154234
0.173234
0.211309
0.282491
0.301415
0.272366
0.331754
0.442566
0.435627
0.349993
0.313587
0.341083
0.400319
0.399597
0.322273
0.310213
0.353561
0.333119
0.262961
0.193713
0.163146
0.178581
0.178581
0.169442
0.220866
0.270583
0.232774
0.159809
0.13368
0.165346
0.234139
0.295158
0.28981
0.231674
0.20088
0.251015
0.333726
0.329818
0.218932
0.117373
0.0791461
0.0962495
0.143768
0.154045
0.0938604
0.0230953
0
0
0
0
0
0
0
0
0
0
0
0
0
0
0
0
0
0
0
0
0
0
0
0
0
0
0
0
0
0
0
0
0
0
0
0
0
0
0
0
0
0
0
0
0
0
0
0
0
0
0
0
0
0
0
0.000606774
0.015852
0.0862757
0.183056
0.210778
0.164284
0.111191
0.126399
0.207327
0.246654
0.264288
0.346432
0.397097
0.323829
0.216087
0.175813
0.193599
0.214343
0.204217
0.170731
0.164891
0.209451
0.239334
0.200008
0.144943
0.156206
0.202663
0.208351
0.206379
0.242634
0.26243
0.28306
0.384695
0.476657
0.460505
0.419317
0.398423
0.367705
0.348516
0.326444
0.293603
0.308053
0.338313
0.313132
0.253556
0.194812
0.163791
0.180326
0.189351
0.189882
0.262733
0.35117
0.334824
0.228147
0.154121
0.161099
0.202435
0.230385
0.223634
0.203724
0.208237
0.261747
0.308508
0.259813
0.165953
0.109106
0.101331
0.139406
0.170124
0.121696
0.0349654
0
0
0
0
0
0
0
0
0
0
0
0
0
0
0
0
0
0
0
0
0
0
0
0
0
0
0
0
0
0
0
0
0
0
0
0
0
0
0
0
0
0
0
0
0
0
0
0
0
0
0
0
0
0
0
0
0
0.00318556
0.0437257
0.128977
0.197202
0.19284
0.134856
0.093557
0.14172
0.267625
0.397856
0.475219
0.445409
0.331526
0.218818
0.181122
0.208579
0.232319
0.224279
0.193864
0.187683
0.214457
0.216505
0.177595
0.143502
0.174106
0.231181
0.241041
0.240434
0.260496
0.268005
0.316469
0.431189
0.476657
0.449847
0.486633
0.524253
0.450797
0.349502
0.295651
0.278737
0.293641
0.306457
0.291024
0.263302
0.21969
0.172931
0.171755
0.199249
0.244378
0.330049
0.401381
0.382231
0.266943
0.177443
0.186507
0.214533
0.203497
0.186697
0.20581
0.24745
0.288749
0.286094
0.211992
0.133414
0.110167
0.135614
0.175206
0.156472
0.0675415
0.00720544
0
0
0
0
0
0
0
0
0
0
0
0
0
0
0
0
0
0
0
0
0
0
0
0
0
0
0
0
0
0
0
0
0
0
0
0
0
0
0
0
0
0
0
0
0
0
0
0
0
0
0
0
0
0
0
0
0
0
0.0112632
0.0555198
0.12564
0.175775
0.164284
0.115818
0.104706
0.188403
0.335015
0.432745
0.429026
0.362168
0.277258
0.221548
0.203762
0.190186
0.187455
0.200501
0.211347
0.209223
0.186697
0.15249
0.133604
0.156358
0.202587
0.239145
0.275817
0.302098
0.299253
0.352269
0.449695
0.444917
0.415109
0.50074
0.569533
0.481779
0.349235
0.290645
0.294058
0.306081
0.288559
0.258031
0.241344
0.226023
0.189769
0.172058
0.213205
0.308278
0.398159
0.420761
0.377832
0.274338
0.207858
0.235049
0.255945
0.23247
0.228678
0.267549
0.299898
0.29785
0.233039
0.126816
0.082142
0.11176
0.161212
0.179264
0.103265
0.0175964
0
0
0
0
0
0
0
0
0
0
0
0
0
0
0
0
0
0
0
0
0
0
0
0
0
0
0
0
0
0
0
0
0
0
0
0
0
0
0
0
0
0
0
0
0
0
0
0
0
0
0
0
0
0
0
0
0
0
0
0
0.0105048
0.0378475
0.0971976
0.155258
0.148432
0.11286
0.114187
0.180174
0.272214
0.328341
0.356707
0.358264
0.306609
0.226858
0.171452
0.16618
0.195533
0.211916
0.192727
0.157534
0.1366
0.139406
0.15321
0.18006
0.231901
0.289962
0.301718
0.270735
0.32159
0.419469
0.402783
0.362623
0.436271
0.502712
0.425919
0.317343
0.296864
0.32159
0.30589
0.248133
0.204104
0.195192
0.210437
0.206189
0.191399
0.226706
0.329858
0.426638
0.436195
0.370663
0.270432
0.225644
0.257841
0.275627
0.26736
0.284425
0.316964
0.303008
0.222231
0.112784
0.0541925
0.0769086
0.12985
0.181691
0.150328
0.0467595
0
0
0
0
0
0
0
0
0
0
0
0
0
0
0
0
0
0
0
0
0
0
0
0
0
0
0
0
0
0
0
0
0
0
0
0
0
0
0
0
0
0
0
0
0
0
0
0
0
0
0
0
0
0
0
0
0
0
0
0
0
6.73656e-20
0.000720544
0.0321969
0.110736
0.156055
0.131063
0.100345
0.107627
0.132884
0.150973
0.22481
0.330425
0.344268
0.272821
0.202473
0.175737
0.17695
0.184232
0.182336
0.155903
0.143881
0.165156
0.179378
0.191286
0.239297
0.300884
0.297964
0.255566
0.31393
0.41875
0.405856
0.332172
0.332512
0.363573
0.329023
0.290417
0.297774
0.290948
0.237249
0.184232
0.161629
0.169821
0.202397
0.221624
0.220752
0.238083
0.320832
0.43479
0.464825
0.373166
0.256855
0.220866
0.253859
0.282529
0.296144
0.323107
0.320413
0.227464
0.0978044
0.0324245
0.0489212
0.0963254
0.149759
0.172893
0.0926847
0.00974631
0
0
0
0
0
0
0
0
0
0
0
0
0
0
0
0
0
0
0
0
0
0
0
0
0
0
0
0
0
0
0
0
0
0
0
0
0
0
0
0
0
0
0
0
0
0
0
0
0
0
0
0
0
0
0
0
0
0
0
0
0
0
7.58468e-05
0.00974631
0.0690585
0.151352
0.164132
0.118397
0.0860102
0.0612463
0.0260913
0.0657591
0.212068
0.313435
0.303654
0.253783
0.197467
0.14555
0.142023
0.184459
0.185559
0.17714
0.203042
0.208616
0.206569
0.246274
0.298154
0.30168
0.300732
0.367741
0.452162
0.436082
0.324548
0.254049
0.252873
0.262999
0.27722
0.273124
0.224013
0.177823
0.178581
0.18882
0.208579
0.2396
0.253214
0.249725
0.240093
0.289659
0.417194
0.493271
0.41473
0.282188
0.236869
0.27119
0.307331
0.319087
0.32656
0.267474
0.126285
0.0394782
0.0423983
0.0740644
0.119269
0.165043
0.120938
0.0286321
0
0
0
0
0
0
0
0
0
0
0
0
0
0
0
0
0
0
0
0
0
0
0
0
0
0
0
0
0
0
0
0
0
0
0
0
0
0
0
0
0
0
0
0
0
0
0
0
0
0
0
0
0
0
0
0
0
0
0
0
0
0
0
0
0.00102393
0.0286701
0.145095
0.25841
0.21404
0.105958
0.0527514
0.0261292
0.009405
0.0981457
0.240813
0.284387
0.243658
0.144829
0.0279116
0.0517654
0.198415
0.242634
0.233343
0.251091
0.221321
0.182146
0.208389
0.264402
0.294323
0.324397
0.372371
0.440251
0.43536
0.31116
0.216087
0.204407
0.224089
0.24654
0.241344
0.203914
0.21366
0.276006
0.287687
0.28416
0.299443
0.300998
0.287497
0.253935
0.255755
0.359022
0.49304
0.494861
0.374683
0.296106
0.293527
0.310668
0.308014
0.26808
0.17532
0.0763398
0.0491487
0.0700066
0.112367
0.159278
0.136107
0.0472905
0
0
0
0
0
0
0
0
0
0
0
0
0
0
0
0
0
0
0
0
0
0
0
0
0
0
0
0
0
0
0
0
0
0
0
0
0
0
0
0
0
0
0
0
0
0
0
0
0
0
0
0
0
0
0
0
0
0
0
0
0
0
0
0
0
0
0.0029201
0.077212
0.273693
0.350982
0.199818
0.0718648
0.0506656
0.0374683
0.0530169
0.139103
0.176837
0.0681483
0
0
0
0.234594
0.305359
0.256514
0.257841
0.218514
0.159885
0.149494
0.201752
0.258751
0.293717
0.338807
0.413783
0.397058
0.289128
0.223407
0.222648
0.248588
0.262316
0.258827
0.244151
0.308508
0.39903
0.369222
0.331678
0.344004
0.356443
0.367286
0.344381
0.295916
0.315067
0.427284
0.475938
0.391788
0.274489
0.194585
0.186052
0.200463
0.165346
0.104782
0.0715614
0.0807768
0.134476
0.199667
0.173499
0.0640147
0.00326141
0
0
0
0
0
0
0
0
0
0
0
0
0
0
0
0
0
0
0
0
0
0
0
0
0
0
0
0
0
0
0
0
0
0
0
0
0
0
0
0
0
0
0
0
0
0
0
0
0
0
0
0
0
0
0
0
0
0
0
0
0
0
0
0
0
0
0
0.00788806
0.110433
0.278661
0.264743
0.124085
0.0807389
0.0963633
0.100269
0.114415
0.0964771
0
0
0
0
0.314497
0.305778
0.214419
0.239865
0.264971
0.229702
0.167925
0.169935
0.212826
0.242823
0.310025
0.374113
0.301074
0.249384
0.296523
0.343207
0.361182
0.349842
0.338883
0.330692
0.407789
0.458151
0.375669
0.342105
0.369374
0.394518
0.429975
0.430051
0.36816
0.319542
0.33236
0.323183
0.235011
0.0937466
0.0135386
0.0625356
0.118245
0.109257
0.0878685
0.0896888
0.149949
0.261065
0.248626
0.101331
0.0129319
0
0
0
0
0
0
0
0
0
0
0
0
0
0
0
0
0
0
0
0
0
0
0
0
0
0
0
0
0
0
0
0
0
0
0
0
0
0
0
0
0
0
0
0
0
0
0
0
0
0
0
0
0
0
0
0
0
0
0
0
0
0
0
0
0
0
0
0
0
0
0.073268
0.167621
0.15943
0.121658
0.1176
0.127764
0.129584
0.0844174
0
0
0
0.0462665
0.267777
0.217642
0.15943
0.232281
0.344836
0.345103
0.246919
0.19796
0.183246
0.175813
0.24836
0.279419
0.189124
0.229361
0.387804
0.464825
0.45053
0.432593
0.430846
0.425464
0.464977
0.432326
0.33183
0.327998
0.3605
0.370891
0.380068
0.384391
0.369944
0.338428
0.271493
0.158292
0.0537374
0
0.00204786
0.0922676
0.131215
0.117487
0.110016
0.133604
0.205696
0.234329
0.12693
0.0205165
0
0
0
0
0
0
0
0
0
0
0
0
0
0
0
0
0
0
0
0
0
0
0
0
0
0
0
0
0
0
0
0
0
0
0
0
0
0
0
0
0
0
0
0
0
0
0
0
0
0
0
0
0
0
0
0
0
0
0
0
0
0
0
0
0
0
0
0
0
0
0
0
0.0377717
0.0984112
0.119383
0.116501
0.11578
0.111874
0.0820283
0
0
0
0
0.0651144
0.116121
0.132239
0.187228
0.297623
0.316205
0.24233
0.226478
0.174789
0.10209
0.145853
0.177671
0.170959
0.26717
0.394555
0.414918
0.382799
0.401721
0.432175
0.447344
0.426902
0.320644
0.237362
0.249422
0.28306
0.287725
0.270735
0.268725
0.281581
0.269559
0.196784
0.0962495
0.0299974
0.0320832
0.0947705
0.134249
0.132049
0.133756
0.143616
0.151466
0.138989
0.0697411
0.00766052
0
0
0
0
0
0
0
0
0
0
0
0
0
0
0
0
0
0
0
0
0
0
0
0
0
0
0
0
0
0
0
0
0
0
0
0
0
0
0
0
0
0
0
0
0
0
0
0
0
0
0
0
0
0
0
0
0
0
0
0
0
0
0
0
0
0
0
0
0
0
0
0
0
0
0.0183928
0.0505898
0.0739506
0.0881339
0.0981836
0.0964391
0.0428913
0
0
0
0.009405
0.0890441
0.110319
0.111646
0.160416
0.189086
0.176495
0.196633
0.163146
0.0855931
0.0815353
0.106906
0.149646
0.223672
0.26042
0.231864
0.245061
0.309418
0.332021
0.322009
0.259661
0.16948
0.138382
0.15249
0.19394
0.220373
0.20672
0.187759
0.174599
0.161174
0.151694
0.151694
0.107437
0.0788048
0.11195
0.117145
0.112481
0.128219
0.125033
0.084645
0.032652
0.00394403
0
0
0
0
0
0
0
0
0
0
0
0
0
0
0
0
0
0
0
0
0
0
0
0
0
0
0
0
0
0
0
0
0
0
0
0
0
0
0
0
0
0
0
0
0
0
0
0
0
0
0
0
0
0
0
0
0
0
0
0
0
0
0
0
0
0
0
0
0
0
0
0
0
0
0
0
0.00549889
0.0211992
0.0471767
0.078691
0.0977665
0.0902197
0.0568851
0.0298457
0.0364823
0.0793736
0.130646
0.137586
0.117297
0.112026
0.132428
0.155107
0.15048
0.120027
0.0797149
0.0493383
0.0372028
0.0483523
0.0856689
0.103607
0.105579
0.168038
0.226516
0.199515
0.139406
0.0894612
0.0967046
0.148887
0.17604
0.190944
0.202397
0.194395
0.174713
0.159506
0.159582
0.16948
0.159695
0.103341
0.0700066
0.0871858
0.098487
0.100914
0.0846071
0.0492625
0.015321
0
0
0
0
0
0
0
0
0
0
0
0
0
0
0
0
0
0
0
0
0
0
0
0
0
0
0
0
0
0
0
0
0
0
0
0
0
0
0
0
0
0
0
0
0
0
0
0
0
0
0
0
0
0
0
0
0
0
0
0
0
0
0
0
0
0
0
0
0
0
0
0
0
0
0
0
0
0
0
0.00155486
0.0127802
0.041071
0.0719786
0.0812319
0.0580986
0.0233229
0.024726
0.0603361
0.103303
0.152566
0.181805
0.175092
0.17623
0.199667
0.188214
0.144829
0.104479
0.0635217
0.0333726
0.0259396
0.040578
0.0506277
0.0566954
0.090561
0.110433
0.0829005
0.0510449
0.0531307
0.112177
0.18427
0.210892
0.206569
0.201752
0.204369
0.201335
0.18317
0.152983
0.113732
0.0684517
0.0416778
0.0484661
0.0710684
0.0819145
0.06337
0.0263567
0.00348895
0
0
0
0
0
0
0
0
0
0
0
0
0
0
0
0
0
0
0
0
0
0
0
0
0
0
0
0
0
0
0
0
0
0
0
0
0
0
0
0
0
0
0
0
0
0
0
0
0
0
0
0
0
0
0
0
0
0
0
0
0
0
0
0
0
0
0
0
0
0
0
0
0
0
0
0
0
0
0
0
0
0
0.00898784
0.0266222
0.0360651
0.0244985
0.0120596
0.0236642
0.0319694
0.0320073
0.0714097
0.13167
0.160833
0.174068
0.195419
0.201184
0.183056
0.159468
0.131746
0.110585
0.103607
0.103379
0.0937845
0.0761122
0.0748607
0.081687
0.0813456
0.0854034
0.105427
0.142364
0.170921
0.186166
0.199211
0.19796
0.185445
0.159961
0.110471
0.0527135
0.0120596
0.0101635
0.0401609
0.0579848
0.0530548
0.0379992
0.0137662
0
0
0
0
0
0
0
0
0
0
0
0
0
0
0
0
0
0
0
0
0
0
0
0
0
0
0
0
0
0
0
0
0
0
0
0
0
0
0
0
0
0
0
0
0
0
0
0
0
0
0
0
0
0
0
0
0
0
0
0
0
0
0
0
0
0
0
0
0
0
0
0
0
0
0
0
0
0
0
0
0
0
0
0
0
0.000568851
0.00163071
0
0
0.0381888
0.0780463
0.068793
0.0471767
0.0437257
0.0418674
0.0469112
0.0733438
0.0969701
0.106223
0.111874
0.110129
0.10592
0.106678
0.114149
0.119648
0.117562
0.122037
0.131708
0.135879
0.137131
0.144754
0.155638
0.152907
0.145133
0.13751
0.113201
0.0772499
0.038606
0.00489212
0
0.00223748
0.0309076
0.0571126
0.0463424
0.0177102
0.00295802
0
0
0
0
0
0
0
0
0
0
0
0
0
0
0
0
0
0
0
0
0
0
0
0
0
0
0
0
0
0
0
0
0
0
0
0
0
0
0
0
0
0
0
0
0
0
0
0
0
0
0
0
0
0
0
0
0
0
0
0
0
0
0
0
0
0
0
0
0
0
0
0
0
0
0
0
0
0
0
0
0
0
0
0
0
0
0
0
0
0
0.0196443
0.068793
0.0943534
0.0857827
0.0613979
0.0266981
0.000644697
0.0161933
0.0493383
0.0691722
0.0763018
0.0679208
0.0540029
0.0469112
0.0571126
0.0743298
0.0819903
0.0885511
0.0965908
0.0977285
0.0958703
0.103872
0.113163
0.0982595
0.063332
0.0284046
0.00360272
0
0
0.0109219
0.0269635
0.030187
0.0312109
0.0269635
0.0110736
0.000910161
0
0
0
0
0
0
0
0
0
0
0
0
0
0
0
0
0
0
0
0
0
0
0
0
0
0
0
0
0
0
0
0
0
0
0
0
0
0
0
0
0
0
0
0
0
0
0
0
0
0
0
0
0
0
0
0
0
0
0
0
0
0
0
0
0
0
0
0
0
0
0
0
0
0
0
0
0
0
0
0
0
0
0
0
0
0
0
0
0
0
0
0.00140316
0.0134249
0.0340552
0.0504002
0.0544959
0.0399712
0.0238917
0.0364064
0.0612083
0.0785393
0.092571
0.0948464
0.0838486
0.0694756
0.0677312
0.0701582
0.0612842
0.0545338
0.0573781
0.0618151
0.0677312
0.0814594
0.0926468
0.0807389
0.048504
0.0186204
0.00944292
0.0166484
0.0253328
0.0348895
0.0328796
0.0154348
0.00329933
0.00034131
0
0
0
0
0
0
0
0
0
0
0
0
0
0
0
0
0
0
0
0
0
0
0
0
0
0
0
0
0
0
0
0
0
0
0
0
0
0
0
0
0
0
0
0
0
0
0
0
0
0
0
0
0
0
0
0
0
0
0
0
0
0
0
0
0
0
0
0
0
0
0
0
0
0
0
0
0
0
0
0
0
0
0
0
0
0
0
0
0
0
0
0
0
0
0
0
0.00318556
0.00803976
0.00841899
0.0101635
0.0194547
0.0260534
0.030187
0.0461527
0.0673898
0.074254
0.0661004
0.0583641
0.0603361
0.0647731
0.0676553
0.0734955
0.0755813
0.0779325
0.0862378
0.0894612
0.0834314
0.0629528
0.0350791
0.0230953
0.0218439
0.0162312
0.00955669
0.00348895
0
0
0
0
0
0
0
0
0
0
0
0
0
0
0
0
0
0
0
0
0
0
0
0
0
0
0
0
0
0
0
0
0
0
0
0
0
0
0
0
0
0
0
0
0
0
0
0
0
0
0
0
0
0
0
0
0
0
0
0
0
0
0
0
0
0
0
0
0
0
0
0
0
0
0
0
0
0
0
0
0
0
0
0
0
0
0
0
0
0
0
0
0
0
0
0
0
0
0
0
0
0
0
0
0
0
0.00159278
0.0104669
0.0149039
0.0114149
0.000379234
0.00208579
0.0209716
0.0329554
0.0385681
0.0370511
0.0324245
0.0325003
0.0317419
0.0307559
0.0228299
0.00750883
0.000455081
0.000265464
0
0
0
0
0
0
0
0
0
0
0
0
0
0
0
0
0
0
0
0
0
0
0
0
0
0
0
0
0
0
0
0
0
0
0
0
0
0
0
0
0
0
0
0
0
0
0
0
0
0
0
0
0
0
0
0
0
0
0
0
0
0
0
0
0
0
0
0
0
0
0
0
0
0
0
0
0
0
0
0
0
0
0
0
0
0
0
0
0
0
0
0
0
0
0
0
0
0
0
0
0
0
0
0
0
0
0
0
0
0
0
0
0
0
0
0
0
0
0
0
0
0
0
0
0
0
0
0
0
0
0
0
0
0
0
0
0
0
0
0
0
0
0
0
0
0
0
0
0
0
0
0
0
0
0
0
0
0
0
0
0
0
0
0
0
0
0
0
0
0
0
0
0
0
0
0
0
0
0
0
0
0
0
0
0
0
0
0
0
0
0
0
0
0
0
0
0
0
0
0
0
0
0
0
0
0
0
0
0
0
0
0
0
0
0
0
0
0
0
0
0
0
0
0
0
0
0
0
0
0
0
0
0
0
0
0
0
0
0
0
0
0
0
0
0
0
0
0
0
0
0
0
0
0
0
0
0
0
0
0
0
0
0
0
0
0
0
0
0
0
0
0
0
0
0
0
0
0
0
0
0
0
0
0
0
0
0
0
0
0
0
0
0
0
0
0
0
0
0
0
0
0
0
0
0
0
0
0
0
0
0
0
0
0
0
0
0
0
0
0
0
0
0
0
0
0
0
0
0
0
0
0
0
0
0
0
0
0
0
0
0
0
0
0
0
0
0
0
0
0
0
0
0
0
0
0
0
0
0
0
0
0
0
0
0
0
0
0
0
0
0
0
0
0
0
0
0
0
0
0
0
0
0
0
0
0
0
0
0
0
0
0
0
0
0
0
0
0
0
0
0
0
0
0
0
0
0
0
0
0
0
0
0
0
0
0
0
0
0
0
0
0
0
0
0
0
0
0
0
0
0
0
0
0
0
0
0
0
0
0
0
0
0
0
0
0
0
0
0
0
0
0
0
0
0
0
0
0
0
0
0
0
0
0
0
0
0
0
0
0
0
0
0
0
0
0
0
0
0
0
0
0
0
0
0
0
0
0
0
0
0
0
0
0
0
0
0
0
0
0
0
0
0
0
0
0
0
0
0
0
0
0
0
0
0
0
0
0
0
0
0
0
0
0
0
0
0
0
0
0
0
0
0
0
0
0
0
0
0
0
0
0
0
0
0
0
0
0
0
0
0
0
0
0
0
0
0
0
0
0
0
0
0
0
0
0
0
0
0
0
0
0
0
0
0
0
0
0
0
0
0
0
0
0
0
0
0
0
0
0
0
0
0
0
0
0
0
0
0
0
0
0
0
0
0
0
0
0
0
0
0
0
0
0
0
0
0
0
0
0
0
0
0
0
0
0
0
0
0
0
0
0
0
0
0
0
0
0
0
0
0
0
0
0
0
0
0
0
0
0
0
0
0
0
0
0
0
0
0
0
0
0
0
0
0
0
0
0
0
0
0
0
0
0
0
0
0
0
0
0
0
0
0
0
0
0
0
0
0
0
0
0
0
0
0
0
0
0
0
0
0
0
0
0
0
0
0
0
0
0
0
0
0
0
0
0
0
0
0
0
0
0
0
0
0
0
0
0
0
0
0
0
0
0
0
0
0
0
0
0
0
0
0
0
0
0
0
0
0
0
0
0
0
0
0
0
0
0
0
0
0
0
0
0
0
0
0
0
0
0
0
0
0
0
0
0
0
0
0
0
0
0
0
0
0
0
0
0
0
0
0
0
0
0
0
0
0
0
0
0
0
0
0
0
0
0
0
0
0
0
0
0
0
0
0
0
0
0
0
0
0
0
0
0
0
0
0
0
0
0
0
0
0
0
0
0
0
0
0
0
0
0
0
0
0
0
0
0
0
0
0
0
0
0
0
0
0
0
0
0
0
0
0
0
0
0
0
0
0
0
0
0
0
0
0
0
0
0
0
0
0
0
0
0
0
0
0
0
0
0
0
0
0
0
0
0
0
0
0
0
0
0
0
0
0
0
0
0
0
0
0
0
0
0
0
0
0
0
0
0
0
0
0
0
0
0
0
0
0
0
0
0
0
0
0
0
0
0
0
0
0
0
0
0
0
0
0
0
0
0
0
0
0
0
0
0
0
0
0
0
0
0
0
0
0
0
0
0
0
0
0
0
0
0
0
0
0
0
0
0
0
0
0
0
0
0
0
0
0
0
0
0
0
0
0
0
0
0
0
0
0
0
0
0
0
0
0
0
0
0
0
0
0
0
0
0
0
0
0
0
0
0
0
0
0
0
0
0
0
0
0
0
0
0
0
0
0
0
0
0
0
0
0
0
0
0
0
0
0
0
0
0
0
0
0
0
0
0
0
0
0
0
0
0
0
0
0
0
0
0
0
0
0
0
0
0
0
0
0
0
0
0
0
0
0
0
0
0
0
0
0
0
0
0
0
0
0
0
0
0
0
0
0
0
0
0
0
0
0
0
0
0
0
0
0
0
0
0
0
0
0
0
0
0
0
0
0
0
0
0
0
0
0
0
0
0
0
0
0
0
0
0
0
0
0
0
0
0
0
0
0
0
0
0
0
0
0
0
0
0
0
0
0
0
0
0
0
0
0
0
0
0
0
0
0
0
0
0
0
0
0
0
0
0
0
0
0
0
0
0
0
0
0
0
0
0
0
0
0
0
0
0
0
0
0
0
0
0
0
0
0
0
0
0
0
0
0
0
0
0
0
0
0
0
0
0
0
0
0
0
0
0
0
0
0
0
0
0
0
0
0
0
0
0
0
0
0
0
0
0
0
0
0
0
0
0
0
0
0
0
0
0
0
0
0
0
0
0
0
0
0
0
0
0
0
0
0
0
0
0
0
0
0
0
0
0
0
0
0
0
0
0
0
0
0
0
0
0
0
0
0
0
0
0
0
0
0
0
0
0
0
0
0
0
0
0
0
0
0
0
0
0
0
0
0
0
0
0
0
0
0
0
0
0
0
0
0
0
0
0
0
0
0
0
0
0
0
0
0
0
0
0
0
0
0
0
0
0
0
0
0
0
0
0
0
0
0
0
0
0
0
0
0
0
0
0
0
0
0
0
0
0
0
0
0
0
0
0
0
0
0
0
0
0
0
0
0
0
0
0
0
0
0
0
0
0
0
0
0
0
0
0
0
0
0
0
0
0
0
0
0
0
0
0
0
0
0
0
0
0
0
0
0
0
0
0
0
0
0
0
0
0
0
0
0
0
0
0
0
