0
0
0
0
0
0
0
0
0
0
0
0
0
0
0
0
0
0
0
0
0
0
0
0
0
0
0
0
0
0
0
0
0
0
0
0
0
0
0
0
0
0
0
0
0
0
0
0
0
0
0
0
0
0
0
0
0
0
0
0
0
0
0
0
0
0
0
0
0
0
0
0
0
0
0
0
0
0
0
0
0
0
0
0
0
0
0
0
0
0
0
0
0
0
0
0
0
0
0
0
0
0
0
0
0
0
0
0
0
0
0
0
0
0
0
0
0
0
0
0
0
0
0
0
0
0
0
0
0
0
0
0
0
0
0
0
0
0
0
0
0
0
0
0
0
0
0
0
0
0
0
0
0
0
0
0
0
0
0
0
0
0
0
0
0
0
0
0
0
0
0
0
0
0
0
0
0
0
0
0
0
0
0
0
0
0
0
0
0
0
0
0
0
0
0
0
0
0
0
0
0
0
0
0
0
0
0
0
0
0
0
0
0
0
0
0
0
0
0
0
0
0
0
0
0
0
0
0
0
0
0
0
0
0
0
0
0
0
0
0
0
0
0
0
0
0
0
0
0
0
0
0
0
0
0
0
0
0
0
0
0
0
0
0
0
0
0
0
0
0
0
0
0
0
0
0
0
0
0
0
0
0
0
0
0
0
0
0
0
0
0
0
0
0
0
0
0
0
0
0
0
0
0
0
0
0
0
0
0
0
0
0
0
0
0
0
0
0
0
0
0
0
0
0
0
0
0
0
0
0
0
0
0
0
0
0
0
0
0
0
0
0
0
0
0
0
0
0
0
0
0
0
0
0
0
0
0
0
0
0
0
0
0
0
0
0
0
0
0
0
0
0
0
0
0
0
0
0
0
0
0
0
0
0
0
0
0
0
0
0
0
0
0
0
0
0
0
0
0
0
0
0
0
0
0
0
0
0
0
0
0
0
0
0
0
0
0
0
0
0
0
0
0
0
0
0
0
0
0
0
0
0
0
0
0
0
0
0
0
0
0
0
0
0
0
0
0
0
0
0
0
0
0
0
0
0
0
0
0
0
0
0
0
0
0
0
0
0
0
0
0
0
0
0
0
0
0
0
0
0
0
0
0
0
0
0
0
0
0
0
0
0
0
0
0
0
0
0
0
0
0
0
0
0
0
0
0
0
0
0
0
0
0
0
0
0
0
0
0
0
0
0
0
0
0
0
0
0
0
0
0
0
0
0
0
0
0
0
0
0
0
0
0
0
0
0
0
0
0
0
0
0
0
0
0
0
0
0
0
0
0
0
0
0
0
0
0
0
0
0
0
0
0
0
0
0
0
0
0
0
0
0
0
0
0
0
0
0
0
0
0
0
0
0
0
0
0
0
0
0
0
0
0
0
0
0
0
0
0
0
0
0
0
0
0
0
0
0
0
0
0
0
0
0
0
0
0
0
0
0
0
0
0
0
0
0
0
0
0
0
0
0
0
0
0
0
0
0
0
0
0
0
0
0
0
0
0
0
0
0
0
0
0
0
0
0
0
0
0
0
0
0
0
0
0
0
0
0
0
0
0
0
0
0
0
0
0
0
0
0
0
0
0
0
0
0
0
0
0
0
0
0
0
0
0
0
0
0
0
0
0
0
0
0
0
0
0
0
0
0
0
0
0
0
0
0
0
0
0
0
0
0
0
0
0
0
0
0
0
0
0
0
0
0
0
0
0
0
0
0
0
0
0
0
0
0
0
0
0
0
0
0
0
0
0
0
0
0
0
0
0
0
0
0
0
0
0
0
0
0
0
0
0
0
0
0
0
0
0
0
0
0
0
0
0
0
0
0
0
0
0
0
0
0
0
0
0
0
0
0
0
0
0
0
0
0
0
0
0
0
0
0
0
0
0
0
0
0
0
0
0
0
0
0
0
0
0
0
0
0
0
0
0
0
0
0
0
0
0
0
0
0
0
0
0
0
0
0
0
0
0
0
0
0
0
0
0
0
0
0
0
0
0
0
0
0
0
0
0
0
0
0
0
0
0
0
0
0
0
0
0
0
0
0
0
0
0
0
0
0
0
0
0
0
0
0
0
0
0
0
0
0
0
0
0
0
0
0
0
0
0
0
0
0
0
0
0
0
0
0
0
0
0
0
0
0
0
0
0
0
0
0
0
0
0
0
0
0
0
0
0
0
0
0
0
0
0
0
0
0
0
0
0
0
0
0
0
0
0
0
0
0
0
0
0
0
0
0
0
0
0
0
0
0
0
0
0
0
0
0
0
0
0
0
0
0
0
0
0
0
0
0
0
0
0
0
0
0
0
0
0
0
0
0
0
0
0
0
0
0
0
0
0
0
0
0
0
0
0
0
0
0
0
0
0
0
0
0
0
0
0
0
0
0
0
0
0
0
0
0
0
0
0
0
0
0
0
0
0
0
0
0
0
0
0
0
0
0
0
0
0
0
0
0
0
0
0
0
0
0
0
0
0
0
0
0
0
0
0
0
0
0
0
0
0
0
0
0
0
0
0
0
0
0
0
0
0
0
0
0
0
0
0
0
0
0
0
0
0
0
0
0
0
0
0
0
0
0
0
0
0
0
0
0
0
0
0
0
0
0
0
0
0
0
0
0
0
0
0
0
0
0
0
0
0
0
0
0
0
0
0
0
0
0
0
0
0
0
0
0
0
0
0
0
0
0
0
0
0
0
0
0
0
0
0
0
0
0
0
0
0
0
0
0
0
0
0
0
0
0
0
0
0
0
0
0
0
0
0
0
0
0
0
0
0
0
0
0
0
0
0
0
0
0
0
0
0
0
0
0
0
0
0
0
0
0
0
0
0
0
0
0
0
0
0
0
0
0
0
0
0
0
0
0
0
0
0
0
0
0
0
0
0
0
0
0
0
0
0
0
0
0
0
0
0
0
0
0
0
0
0
0
0
0
0
0
0
0
0
0
0
0
0
0
0
0
0
0
0
0
0
0
0
0
0
0
0
0
0
0
0
0
0
0
0
0
0
0
0
0
0
0
0
0
0
0
0
0
0
0
0
0
0
0
0
0
0
0
0
0
0
0
0
0
0
0
0
0
0
0
0
0
0
0
0
0
0
0
0
0
0
0
0
0
0
0
0
0
0
0
0
0
0
0
0
0
0
0
0
0
0
0
0
0
0
0
0
0
0
0
0
0
0
0
0
0
0
0
0
0
0
0
0
0
0
0
0
0
0
0
0
0
0
0
0
0
0
0
0
0
0
0
0
0
0
0
0
0
0
0
0
0
0
0
0
0
0
0
0
0
0
0
0
0
0
0
0
0
0
0
0
0
0
0
0
0
0
0
0
0
0
0.00100497
0.00656074
0.0145152
0.0212181
0.0299879
0.034624
0.0288502
0.0223179
0.0212845
0.021019
0.0174542
0.020763
0.0305852
0.0281297
0.0204881
0.0186773
0.01881
0.0223274
0.025219
0.0190091
0.00733817
0.000891199
0
0
0
0
0
0
0
0
0
0
0
0
0
0
0
0
0
0
0
0
0
0
0
0
0
0
0
0
0
0
0
0
0
0
0
0
0
0
0
0
0
0
0
0
0
0
0
0
0
0
0
0
0
0
0
0
0
0
0
0
0
0
0
0
0
0
0
0
0
0
0
0
0
0
0
0
0
0
0
0
0
0
0
0
0
0
0
0
0
0
0
0
0
0
0
0
0
0
0
0
0
0
0
0
0.0060393
0.0241287
0.0458873
0.0633036
0.0722535
0.078198
0.0947136
0.101436
0.0822274
0.0673614
0.0698359
0.0705849
0.0631045
0.0707271
0.0878116
0.0730215
0.0502769
0.0502011
0.05716
0.0694282
0.0803217
0.0721871
0.0523058
0.041346
0.036615
0.0250105
0.0101445
0.00176344
0
0
0
0
0
0
0
0
0
0
0
0
0
0
0
0
0
0
0
0
0
0
0
0
0
0
0
0
0
0
0
0
0
0
0
0
0
0
0
0
0
0
0
0
0
0
0
0
0
0
0
0
0
0
0
0
0
0
0
0
0
0
0
0
0
0
0
0
0
0
0
0
0
0
0
0
0
0
0
0
0
0
0
0
0
0
0
0
0
0
0
0
0
0
0
0
0
0
0.00897836
0.0362737
0.0702246
0.101255
0.129139
0.140563
0.127716
0.113277
0.118605
0.119696
0.100118
0.0938035
0.106688
0.108063
0.0985534
0.0991601
0.0977665
0.0689921
0.0476507
0.0621754
0.0817723
0.0954437
0.106233
0.104289
0.0941353
0.0905989
0.0926658
0.0841994
0.05716
0.0254845
0.00714856
0.00127991
0
0
0
0
0
0
0
0
0
0
0
0
0
0
0
0
0
0
0
0
0
0
0
0
0
0
0
0
0
0
0
0
0
0
0
0
0
0
0
0
0
0
0
0
0
0
0
0
0
0
0
0
0
0
0
0
0
0
0
0
0
0
0
0
0
0
0
0
0
0
0
0
0
0
0
0
0
0
0
0
0
0
0
0
0
0
0
0
0
0
0
0
0
0
0
0
0.023247
0.0914048
0.14683
0.145379
0.135235
0.131973
0.108745
0.0821136
0.0802459
0.0927985
0.101559
0.112718
0.129072
0.133519
0.121042
0.102649
0.0778662
0.0468638
0.0352308
0.0575108
0.0856879
0.0983922
0.0990748
0.0870247
0.0646404
0.0536047
0.074216
0.10774
0.106631
0.066053
0.026992
0.00693998
0.000369753
0
0
0
0
0
0
0
0
0
0
0
0
0
0
0
0
0
0
0
0
0
0
0
0
0
0
0
0
0
0
0
0
0
0
0
0
0
0
0
0
0
0
0
0
0
0
0
0
0
0
0
0
0
0
0
0
0
0
0
0
0
0
0
0
0
0
0
0
0
0
0
0
0
0
0
0
0
0
0
0
0
0
0
0
0
0
0
0
0
0
0
0
0
0
0
0.017331
0.0774964
0.116823
0.090068
0.0725664
0.0779989
0.0571885
0.0290398
0.0339414
0.0669063
0.101208
0.116036
0.120435
0.124379
0.115865
0.0942586
0.0673424
0.0405306
0.0231617
0.0268592
0.0557948
0.0859154
0.0894328
0.0651618
0.0277504
0.00731921
0.0303766
0.0765768
0.0914901
0.0653989
0.0325383
0.010135
0.000929123
9.48084e-05
0
0
0
0
0
0
0
0
0
0
0
0
0
0
0
0
0
0
0
0
0
0
0
0
0
0
0
0
0
0
0
0
0
0
0
0
0
0
0
0
0
0
0
0
0
0
0
0
0
0
0
0
0
0
0
0
0
0
0
0
0
0
0
0
0
0
0
0
0
0
0
0
0
0
0
0
0
0
0
0
0
0
0
0
0
0
0
0
0
0
0
0
0
0
0.0112822
0.0528936
0.0728508
0.0488358
0.0437541
0.0483144
0.0253802
0.00322349
0.00943344
0.0347663
0.0601749
0.0662332
0.0589329
0.0536426
0.0520214
0.0481532
0.0366055
0.0201658
0.0057928
0
0.0135292
0.0443229
0.0573875
0.0400186
0.023522
0.026954
0.045309
0.0614264
0.0555957
0.0365771
0.0250674
0.01534
0.00456977
0.00145057
0.00206682
0.000957565
0
0
0
0
0
0
0
0
0
0
0
0
0
0
0
0
0
0
0
0
0
0
0
0
0
0
0
0
0
0
0
0
0
0
0
0
0
0
0
0
0
0
0
0
0
0
0
0
0
0
0
0
0
0
0
0
0
0
0
0
0
0
0
0
0
0
0
0
0
0
0
0
0
0
0
0
0
0
0
0
0
0
0
0
0
0
0
0
0
0
0
0.0215784
0.0686508
0.109532
0.106688
0.0686887
0.0407202
0.0264326
0.0154443
0.0125526
0.0164587
0.0182885
0.0169802
0.0141549
0.00943344
0.00428534
0.00429482
0.00734765
0.00658919
0.00239865
0
0
0.00142213
0.0146289
0.0259206
0.0177102
0.0157477
0.0335337
0.0543916
0.0641569
0.05643
0.0492814
0.0565153
0.0464277
0.0157951
0.00530927
0.0145436
0.0153969
0.00607722
0.000398195
0
0
0
0
0
0
0
0
0
0
0
0
0
0
0
0
0
0
0
0
0
0
0
0
0
0
0
0
0
0
0
0
0
0
0
0
0
0
0
0
0
0
0
0
0
0
0
0
0
0
0
0
0
0
0
0
0
0
0
0
0
0
0
0
0
0
0
0
0
0
0
0
0
0
0
0
0
0
0
0
0
0
0
0.000663659
0.00505329
0.00592553
0.0015359
0.00793547
0.0481532
0.118217
0.172352
0.183018
0.153855
0.106413
0.0748797
0.0733628
0.0905515
0.116093
0.13752
0.133253
0.0860387
0.0250579
0
0
0
0
0
0
0.015103
0.0558137
0.0958134
0.118672
0.125612
0.107105
0.0748607
0.0539839
0.0564584
0.0696937
0.0720829
0.0812603
0.100706
0.0833461
0.0348705
0.0134533
0.0268213
0.0389283
0.0305188
0.0142497
0.00365961
0
0
0
0
0
0
0
0
0
0
0
0
0
0
0
0
0
0
0
0
0
0
0
0
0
0
0
0
0
0
0
0
0
0
0
0
0
0
0
0
0
0
0
0
0
0
0
0
0
0
0
0
0
0
0
0
0
0
0
0
0
0
0
0
0
0
0
0
0
0
0
0
0
0
0
0
0
0
0
0
0
0.00996437
0.0349559
0.0574918
0.0594733
0.0542494
0.0743014
0.137851
0.20307
0.232044
0.245762
0.250104
0.246539
0.256315
0.281941
0.313721
0.358556
0.400813
0.407667
0.33602
0.203715
0.0973209
0.0334105
0.00349843
0
0.0185919
0.0808526
0.184792
0.299254
0.373403
0.394887
0.390772
0.365724
0.31704
0.265682
0.233219
0.194471
0.135443
0.10465
0.105418
0.0881719
0.0565248
0.0404737
0.0427396
0.0627253
0.0839624
0.0754865
0.04109
0.0119079
0.00128939
0
0
0
0
0
0
0
0
0
0
0
0
0
0
0
0
0
0
0
0
0
0
0
0
0
0
0
0
0
0
0
0
0
0
0
0
0
0
0
0
0
0
0
0
0
0
0
0
0
0
0
0
0
0
0
0
0
0
0
0
0
0
0
0
0
0
0
0
0
0
0
0
0
0
0
0
0
0.00251242
0.0179093
0.0631993
0.123289
0.149977
0.141966
0.133926
0.136572
0.160786
0.218059
0.297604
0.377404
0.437862
0.481152
0.517483
0.540048
0.55625
0.585877
0.613449
0.624826
0.606234
0.531449
0.395162
0.208095
0.0551501
0.0228394
0.115135
0.306146
0.514099
0.645162
0.674544
0.632951
0.590154
0.5919
0.603475
0.592145
0.560308
0.47591
0.339708
0.222724
0.147086
0.0935096
0.0740264
0.0873186
0.102147
0.120464
0.150916
0.154832
0.104991
0.038862
0.00522395
0
0
0
0
0
0
0
0
0
0
0
0
0
0
0
0
0
0
0
0
0
0
0
0
0
0
0
0
0
0
0
0
0
0
0
0
0
0
0
0
0
0
0
0
0
0
0
0
0
0
0
0
0
0
0
0
0
0
0
0
0
0
0
0
0
0
0
0
0
0
0
0
0
0
0
0
0.00328037
0.0241382
0.0795632
0.154102
0.196908
0.185739
0.159544
0.146441
0.143559
0.186327
0.301367
0.441229
0.543167
0.588845
0.60904
0.625347
0.624787
0.61723
0.627489
0.646782
0.664171
0.690755
0.716809
0.682555
0.500493
0.254759
0.180942
0.315654
0.530889
0.717567
0.802336
0.77396
0.671974
0.594572
0.617155
0.68428
0.727985
0.739714
0.690547
0.5758
0.442755
0.31465
0.207062
0.159126
0.178335
0.210437
0.208218
0.190072
0.176581
0.134581
0.0595871
0.00987904
0
0
0
0
0
0
0
0
0
0
0
0
0
0
0
0
0
0
0
0
0
0
0
0
0
0
0
0
0
0
0
0
0
0
0
0
0
0
0
0
0
0
0
0
0
0
0
0
0
0
0
0
0
0
0
0
0
0
0
0
0
0
0
0
0
0
0
0
0
0
0
0
0
0
0
0.000872238
0.0159847
0.0716278
0.158671
0.217747
0.210001
0.169243
0.150755
0.165128
0.216372
0.31922
0.450889
0.570291
0.641265
0.637994
0.596696
0.569238
0.546019
0.520345
0.525086
0.565864
0.60227
0.621659
0.66766
0.731485
0.687645
0.528377
0.441751
0.494616
0.599255
0.688983
0.724707
0.682716
0.588561
0.528082
0.544228
0.593718
0.654263
0.707555
0.696008
0.633198
0.580787
0.525067
0.438461
0.366672
0.356689
0.363391
0.310952
0.2248
0.176732
0.146726
0.0838675
0.0227825
0.00340362
0.0020289
0.0004456
0
0
0
0
0
0
0
0
0
0
0
0
0
0
0
0
0
0
0
0
0
0
0
0
0
0
0
0
0
0
0
0
0
0
0
0
0
0
0
0
0
0
0
0
0
0
0
0
0
0
0
0
0
0
0
0
0
0
0
0
0
0
0
0
0
0
0
0
0
0
0
0.000843795
0.0069305
0.0378191
0.112803
0.196083
0.22663
0.205914
0.202473
0.247014
0.300846
0.363457
0.448927
0.536635
0.615449
0.654871
0.615791
0.537497
0.488244
0.460853
0.425376
0.41179
0.447836
0.491401
0.516498
0.568226
0.652766
0.698037
0.661061
0.587652
0.552363
0.560289
0.570661
0.565248
0.52503
0.467291
0.450235
0.465908
0.488975
0.54859
0.616644
0.610576
0.566717
0.587319
0.638477
0.621384
0.557919
0.529894
0.519882
0.444376
0.314584
0.219282
0.17549
0.125981
0.0606869
0.0256552
0.0155296
0.00493952
0
0
0
0
0
0
0
0
0
0
0
0
0
0
0
0
0
0
0
0
0
0
0
0
0
0
0
0
0
0
0
0
0
0
0
0
0
0
0
0
0
0
0
0
0
0
0
0
0
0
0
0
0
0
0
0
0
0
0
0
0
0
0
0
0
0
0
0
0
0
0
0.00396299
0.0214362
0.0643275
0.128977
0.182459
0.208332
0.241828
0.334721
0.445628
0.480005
0.471757
0.493288
0.544201
0.591549
0.580029
0.510857
0.45033
0.426571
0.412739
0.376333
0.337328
0.344031
0.387169
0.438025
0.497025
0.565145
0.636478
0.664626
0.623138
0.572813
0.535298
0.484263
0.430203
0.37218
0.325847
0.331137
0.367952
0.415394
0.487211
0.552582
0.550685
0.513671
0.547234
0.637179
0.664484
0.618909
0.591074
0.602707
0.572927
0.448985
0.294532
0.194443
0.147806
0.104138
0.0622891
0.0347378
0.01114
4.74042e-05
0
0
0
0
0
0
0
0
0
0
0
0
0
0
0
0
0
0
0
0
0
0
0
0
0
0
0
0
0
0
0
0
0
0
0
0
0
0
0
0
0
0
0
0
0
0
0
0
0
0
0
0
0
0
0
0
0
0
0
0
0
0
0
0
0
0
0
0
0
0.000265464
0.00929123
0.042076
0.0950549
0.137757
0.165308
0.232025
0.367734
0.522357
0.597938
0.553103
0.489818
0.500181
0.551236
0.557911
0.473739
0.37931
0.357153
0.364481
0.354887
0.321278
0.277618
0.274546
0.327696
0.393645
0.43536
0.482822
0.57745
0.651135
0.648386
0.615145
0.561892
0.473171
0.373214
0.275911
0.202444
0.196282
0.257898
0.352365
0.445154
0.506979
0.512809
0.489438
0.516962
0.594972
0.628494
0.591291
0.563276
0.602006
0.65214
0.595691
0.416854
0.233238
0.143028
0.119563
0.0887881
0.0436593
0.0110262
4.74042e-05
0
0
0
0
0
0
0
0
0
0
0
0
0
0
0
0
0
0
0
0
0
0
0
0
0
0
0
0
0
0
0
0
0
0
0
0
0
0
0
0
0
0
0
0
0
0
0
0
0
0
0
0
0
0
0
0
0
0
0
0
0
0
0
0
0
0
0
0
0
0.000929123
0.0187152
0.0710969
0.128077
0.155154
0.210911
0.36779
0.557218
0.647979
0.605694
0.501414
0.454654
0.516782
0.60448
0.592516
0.453394
0.315115
0.275769
0.274887
0.258656
0.236813
0.216789
0.228232
0.290834
0.360405
0.395749
0.44359
0.549367
0.639597
0.664352
0.658929
0.619764
0.530492
0.413137
0.284188
0.169262
0.13222
0.193722
0.297281
0.389985
0.454502
0.48339
0.502664
0.546135
0.587737
0.580075
0.521606
0.484253
0.542305
0.667756
0.724479
0.604612
0.370749
0.18373
0.118122
0.0992739
0.0569135
0.0170181
0.00246502
0.000180136
0
0
0
0
0
0
0
0
0
0
0
0
0
0
0
0
0
0
0
0
0
0
0
0
0
0
0
0
0
0
0
0
0
0
0
0
0
0
0
0
0
0
0
0
0
0
0
0
0
0
0
0
0
0
0
0
0
0
0
0
0
0
0
0
0
0
0
0.00141265
0.0090068
0.0415735
0.0984965
0.140203
0.193732
0.346591
0.559227
0.675197
0.638014
0.524225
0.430279
0.433407
0.545433
0.669386
0.673462
0.523116
0.329052
0.214533
0.173424
0.15632
0.158292
0.17221
0.203174
0.264971
0.333887
0.383822
0.444101
0.546095
0.639454
0.682413
0.690225
0.660104
0.587149
0.485409
0.360206
0.231902
0.165422
0.189313
0.258002
0.339367
0.421613
0.488141
0.555767
0.61433
0.607049
0.534861
0.444594
0.408919
0.483637
0.643096
0.784673
0.769949
0.573933
0.316262
0.145484
0.0996057
0.0811276
0.0418579
0.0128465
0.00217111
0
0
0
0
0
0
0
0
0
0
0
0
0
0
0
0
0
0
0
0
0
0
0
0
0
0
0
0
0
0
0
0
0
0
0
0
0
0
0
0
0
0
0
0
0
0
0
0
0
0
0
0
0
0
0
0
0
0
0
0
0
0
0
0
0
0
0.000426638
0.0107039
0.0387672
0.0741876
0.0922676
0.123526
0.270526
0.514279
0.674448
0.657875
0.549623
0.452407
0.410188
0.447932
0.558441
0.670959
0.68739
0.565429
0.361202
0.195713
0.123479
0.110404
0.131954
0.169006
0.210788
0.263217
0.324491
0.385993
0.453809
0.550789
0.653893
0.712466
0.710788
0.656851
0.574349
0.481276
0.380969
0.283544
0.214125
0.193997
0.226156
0.30989
0.417906
0.509273
0.585897
0.627517
0.582919
0.480715
0.400878
0.403961
0.487344
0.605494
0.724764
0.777315
0.700672
0.491032
0.245288
0.122151
0.100231
0.0656643
0.0250958
0.00570747
0.000199098
0
0
0
0
0
0
0
0
0
0
0
0
0
0
0
0
0
0
0
0
0
0
0
0
0
0
0
0
0
0
0
0
0
0
0
0
0
0
0
0
0
0
0
0
0
0
0
0
0
0
0
0
0
0
0
0
0
0
0
0
0
0
0
0
0
0.00508173
0.0367098
0.0855551
0.092789
0.0671149
0.146033
0.397437
0.642962
0.691864
0.587281
0.47609
0.421054
0.417527
0.457451
0.524509
0.579801
0.584571
0.512242
0.356054
0.204928
0.142526
0.134704
0.152291
0.192158
0.236585
0.281316
0.338751
0.407847
0.474981
0.565163
0.68408
0.767426
0.76334
0.678563
0.555559
0.427064
0.31685
0.249071
0.212342
0.190053
0.211783
0.300817
0.417365
0.506352
0.553937
0.558601
0.506011
0.427387
0.40105
0.45308
0.518812
0.54477
0.573307
0.643806
0.69816
0.625678
0.407183
0.207659
0.124967
0.0780084
0.0355626
0.0131404
0.0026736
0
0
0
0
0
0
0
0
0
0
0
0
0
0
0
0
0
0
0
0
0
0
0
0
0
0
0
0
0
0
0
0
0
0
0
0
0
0
0
0
0
0
0
0
0
0
0
0
0
0
0
0
0
0
0
0
0
0
0
0
0
0
0
0
0.000511966
0.0221757
0.084389
0.129195
0.10172
0.104725
0.280377
0.556515
0.710238
0.658151
0.518176
0.425217
0.402387
0.412465
0.433512
0.454181
0.456334
0.449516
0.426004
0.326701
0.211025
0.179084
0.182611
0.18499
0.213499
0.260828
0.312717
0.37512
0.444253
0.505434
0.59226
0.729323
0.847444
0.865487
0.772538
0.616256
0.443371
0.286862
0.199648
0.188678
0.197306
0.223957
0.300647
0.406548
0.4876
0.501869
0.468629
0.425643
0.397181
0.424476
0.493535
0.518972
0.472251
0.440764
0.511956
0.641767
0.69338
0.575942
0.362073
0.196291
0.105806
0.0551121
0.0257405
0.00694946
7.58468e-05
0
0
0
0
0
0
0
0
0
0
0
0
0
0
0
0
0
0
0
0
0
0
0
0
0
0
0
0
0
0
0
0
0
0
0
0
0
0
0
0
0
0
0
0
0
0
0
0
0
0
0
0
0
0
0
0
0
0
0
0
0
0
0
0.00586864
0.0507984
0.12838
0.15267
0.144981
0.253366
0.487287
0.675775
0.692376
0.567003
0.422354
0.357599
0.368749
0.391256
0.393256
0.387027
0.377888
0.37859
0.378514
0.308953
0.214134
0.196803
0.21037
0.208512
0.227692
0.276414
0.333716
0.388885
0.444831
0.501575
0.585234
0.725872
0.871403
0.917309
0.822264
0.654984
0.486737
0.321381
0.204976
0.19048
0.220231
0.246227
0.294494
0.378759
0.454151
0.451526
0.397427
0.371829
0.39409
0.449013
0.492578
0.469692
0.395143
0.357693
0.429851
0.585318
0.710835
0.702568
0.547139
0.338172
0.18025
0.090798
0.0386818
0.00911109
7.58468e-05
0
0
0
0
0
0
0
0
0
0
0
0
0
0
0
0
0
0
0
0
0
0
0
0
0
0
0
0
0
0
0
0
0
0
0
0
0
0
0
0
0
0
0
0
0
0
0
0
0
0
0
0
0
0
0
0
0
0
0
0
0
0
0.00181084
0.0263852
0.0918978
0.150252
0.167337
0.247241
0.454303
0.65197
0.701828
0.604233
0.442434
0.317514
0.282975
0.316015
0.350147
0.347586
0.334844
0.340107
0.354659
0.347805
0.282861
0.206882
0.196026
0.211859
0.210171
0.216049
0.244739
0.2838
0.327316
0.378835
0.427263
0.494483
0.630277
0.789099
0.826881
0.691627
0.512468
0.390554
0.283704
0.195315
0.190044
0.230726
0.257841
0.285023
0.33565
0.391663
0.393852
0.347055
0.336009
0.387984
0.445259
0.447516
0.386819
0.3123
0.290379
0.357607
0.507509
0.673339
0.754552
0.691476
0.509045
0.303434
0.153647
0.0649817
0.0178714
0.00170655
0
0
0
0
0
0
0
0
0
0
0
0
0
0
0
0
0
0
0
0
0
0
0
0
0
0
0
0
0
0
0
0
0
0
0
0
0
0
0
0
0
0
0
0
0
0
0
0
0
0
0
0
0
0
0
0
0
0
0
0
0
0
0.0126095
0.0687266
0.146043
0.173689
0.20655
0.375479
0.60776
0.714628
0.667991
0.537811
0.385605
0.27611
0.241762
0.263823
0.292123
0.291147
0.282406
0.298846
0.317002
0.289119
0.22007
0.174002
0.18262
0.201724
0.195381
0.176031
0.170029
0.194604
0.249469
0.306307
0.335574
0.386268
0.527267
0.6839
0.674259
0.47883
0.292446
0.21367
0.167801
0.132153
0.155382
0.212959
0.254589
0.277665
0.287355
0.306895
0.324387
0.301908
0.288236
0.330644
0.377982
0.368805
0.309654
0.254087
0.241942
0.278945
0.384116
0.560678
0.716059
0.748759
0.641796
0.442414
0.247678
0.122331
0.0494426
0.0110167
0.000587812
0
0
0
0
0
0
0
0
0
0
0
0
0
0
0
0
0
0
0
0
0
0
0
0
0
0
0
0
0
0
0
0
0
0
0
0
0
0
0
0
0
0
0
0
0
0
0
0
0
0
0
0
0
0
0
0
0
0
0
0
0.0028727
0.0412512
0.128247
0.192376
0.197344
0.268242
0.489855
0.682193
0.687134
0.594554
0.50586
0.414057
0.316736
0.255623
0.246227
0.248967
0.233817
0.222231
0.238927
0.254788
0.220742
0.162625
0.147712
0.174836
0.195827
0.182364
0.142469
0.121175
0.15851
0.23521
0.290939
0.304676
0.346467
0.480195
0.621868
0.594402
0.394214
0.21786
0.147304
0.111533
0.0921159
0.127328
0.1943
0.244037
0.261396
0.240662
0.230195
0.252058
0.245933
0.221235
0.234745
0.2741
0.28525
0.257149
0.229825
0.220231
0.216656
0.257329
0.406017
0.607124
0.732633
0.718317
0.557901
0.342837
0.191039
0.0982405
0.0345103
0.00609618
0.000312868
0
0
0
0
0
0
0
0
0
0
0
0
0
0
0
0
0
0
0
0
0
0
0
0
0
0
0
0
0
0
0
0
0
0
0
0
0
0
0
0
0
0
0
0
0
0
0
0
0
0
0
0
0
0
0
0
0
0
0
0.0164019
0.0871953
0.182165
0.214988
0.223776
0.362339
0.609239
0.719359
0.615914
0.479617
0.432591
0.423053
0.377858
0.316565
0.277884
0.241961
0.194974
0.169555
0.181236
0.197932
0.181937
0.156472
0.165365
0.194044
0.204985
0.175803
0.120426
0.100924
0.155799
0.242084
0.290759
0.295925
0.331839
0.45509
0.594894
0.599986
0.448207
0.285648
0.193788
0.136685
0.107219
0.1344
0.190385
0.223634
0.223283
0.198823
0.19157
0.20928
0.200321
0.169442
0.169243
0.208692
0.237799
0.235201
0.232669
0.228375
0.202132
0.197932
0.298438
0.497734
0.692699
0.769685
0.64996
0.411251
0.230546
0.137946
0.0707271
0.0221093
0.00270204
0
0
0
0
0
0
0
0
0
0
0
0
0
0
0
0
0
0
0
0
0
0
0
0
0
0
0
0
0
0
0
0
0
0
0
0
0
0
0
0
0
0
0
0
0
0
0
0
0
0
0
0
0
0
0
0
0
0
0.0043043
0.0438015
0.130817
0.204568
0.229266
0.302259
0.520328
0.74017
0.736065
0.538853
0.361921
0.317788
0.355275
0.384628
0.372341
0.335356
0.276243
0.199638
0.153277
0.157268
0.173955
0.175244
0.180951
0.20472
0.22445
0.218856
0.169309
0.0962685
0.071258
0.12327
0.198671
0.235258
0.242804
0.30187
0.451943
0.601
0.618834
0.49801
0.349492
0.244511
0.172523
0.132514
0.14646
0.187996
0.202416
0.185862
0.171196
0.185057
0.203914
0.187436
0.157031
0.16327
0.207659
0.237979
0.241354
0.250076
0.254817
0.234139
0.225123
0.289555
0.442291
0.646821
0.797453
0.745773
0.500191
0.268346
0.165109
0.109011
0.0469776
0.00884563
0
0
0
0
0
0
0
0
0
0
0
0
0
0
0
0
0
0
0
0
0
0
0
0
0
0
0
0
0
0
0
0
0
0
0
0
0
0
0
0
0
0
0
0
0
0
0
0
0
0
0
0
0
0
0
0
0
0.000682621
0.0194262
0.0801416
0.158472
0.210513
0.271902
0.442689
0.688773
0.805312
0.684185
0.439314
0.259879
0.214381
0.255035
0.322226
0.362595
0.364215
0.334246
0.266639
0.200131
0.182269
0.189228
0.189266
0.198339
0.216296
0.222212
0.205696
0.150243
0.0781601
0.0499166
0.0805018
0.128181
0.154898
0.186384
0.303368
0.505444
0.648462
0.622115
0.477901
0.333972
0.239458
0.175396
0.132618
0.138961
0.189313
0.216922
0.200681
0.184336
0.196007
0.210389
0.193248
0.171357
0.194812
0.243667
0.259216
0.248502
0.25274
0.269815
0.280386
0.296532
0.344079
0.427406
0.56356
0.734927
0.79951
0.628362
0.352981
0.198472
0.14061
0.0765199
0.0213509
0.00126095
0
0
0
0
0
0
0
0
0
0
0
0
0
0
0
0
0
0
0
0
0
0
0
0
0
0
0
0
0
0
0
0
0
0
0
0
0
0
0
0
0
0
0
0
0
0
0
0
0
0
0
0
0
0
0
0
0.00750883
0.0464372
0.112177
0.174571
0.229237
0.348857
0.589765
0.789014
0.774149
0.576588
0.330579
0.178202
0.146754
0.180762
0.243525
0.299025
0.335981
0.362745
0.347046
0.282501
0.237012
0.22664
0.208569
0.189977
0.184706
0.179766
0.158472
0.109267
0.0634458
0.0520972
0.0659867
0.0925236
0.123687
0.18409
0.345558
0.582959
0.714477
0.629453
0.43209
0.277428
0.195723
0.143938
0.104251
0.111978
0.185237
0.246502
0.247659
0.225123
0.211082
0.209546
0.19851
0.192584
0.233504
0.28105
0.276196
0.248114
0.245857
0.271825
0.304221
0.335148
0.374948
0.410397
0.458162
0.592269
0.75422
0.703441
0.430554
0.223748
0.15925
0.110585
0.0472999
0.00824833
0
0
0
0
0
0
0
0
0
0
0
0
0
0
0
0
0
0
0
0
0
0
0
0
0
0
0
0
0
0
0
0
0
0
0
0
0
0
0
0
0
0
0
0
0
0
0
0
0
0
0
0
0
0
0
0.00112822
0.0233324
0.0754391
0.125147
0.181473
0.265662
0.439863
0.703477
0.823762
0.712268
0.493734
0.276974
0.159999
0.147503
0.177187
0.216941
0.251859
0.285838
0.330749
0.348885
0.306108
0.259747
0.240899
0.204151
0.160681
0.145
0.140904
0.116112
0.0682905
0.0422466
0.0520593
0.0735429
0.108641
0.156614
0.223644
0.376324
0.614036
0.754684
0.648262
0.408198
0.236187
0.156159
0.10337
0.062128
0.0684801
0.147806
0.227237
0.246948
0.227284
0.199449
0.194462
0.198112
0.207232
0.254011
0.295584
0.283676
0.25804
0.26261
0.288692
0.309597
0.323762
0.351682
0.380627
0.403684
0.505044
0.693656
0.723332
0.479143
0.234537
0.160937
0.141454
0.0856499
0.0262809
0.0024271
0
0
0
0
0
0
0
0
0
0
0
0
0
0
0
0
0
0
0
0
0
0
0
0
0
0
0
0
0
0
0
0
0
0
0
0
0
0
0
0
0
0
0
0
0
0
0
0
0
0
0
0
0
0
0.00655126
0.0394688
0.0864274
0.122312
0.190555
0.317741
0.530472
0.767787
0.811115
0.658038
0.465936
0.310109
0.24215
0.246948
0.267067
0.277164
0.276424
0.280206
0.297983
0.301671
0.269777
0.237287
0.212911
0.166474
0.129186
0.133841
0.144573
0.115837
0.0553302
0.0229436
0.0393076
0.0804165
0.138221
0.194158
0.237893
0.345719
0.56812
0.745564
0.672761
0.424969
0.237808
0.154633
0.0929692
0.038843
0.0354773
0.105911
0.18371
0.207403
0.18919
0.164388
0.171774
0.193826
0.215443
0.265246
0.308185
0.304212
0.292958
0.309
0.332541
0.339594
0.337718
0.352223
0.390914
0.443077
0.540369
0.700975
0.760544
0.555643
0.269388
0.155827
0.157069
0.126512
0.0586106
0.0114623
0
0
0
0
0
0
0
0
0
0
0
0
0
0
0
0
0
0
0
0
0
0
0
0
0
0
0
0
0
0
0
0
0
0
0
0
0
0
0
0
0
0
0
0
0
0
0
0
0
0
0
0
0
0.000843795
0.0129698
0.0430715
0.0775817
0.115619
0.194556
0.349673
0.58203
0.777126
0.769333
0.613477
0.468003
0.381055
0.35448
0.366444
0.38643
0.395968
0.387018
0.37491
0.36998
0.349407
0.301415
0.248152
0.190318
0.128342
0.10993
0.149304
0.186232
0.159894
0.088826
0.0457166
0.0471293
0.0767
0.131461
0.177586
0.194756
0.262496
0.462001
0.674505
0.674515
0.468325
0.279087
0.190622
0.123109
0.0551121
0.0430051
0.111115
0.186469
0.202132
0.175168
0.149162
0.162303
0.204739
0.255376
0.317703
0.358139
0.353209
0.341055
0.349834
0.364206
0.371658
0.377452
0.392574
0.440481
0.523343
0.615458
0.717481
0.776434
0.634591
0.339992
0.166626
0.164246
0.168835
0.103815
0.0284615
0.00105237
0
0
0
0
0
0
0
0
0
0
0
0
0
0
0
0
0
0
0
0
0
0
0
0
0
0
0
0
0
0
0
0
0
0
0
0
0
0
0
0
0
0
0
0
0
0
0
0
0
0
0
0
0.000843795
0.00754675
0.0260534
0.0659582
0.110566
0.170295
0.319675
0.562963
0.754505
0.740975
0.585793
0.455944
0.398813
0.384363
0.39301
0.425302
0.465718
0.486897
0.495429
0.504323
0.488368
0.426601
0.335262
0.229295
0.140193
0.12181
0.169868
0.216286
0.207024
0.171186
0.157354
0.1386
0.110992
0.118909
0.142819
0.14647
0.189067
0.35429
0.565409
0.62383
0.480906
0.300799
0.201629
0.141208
0.0853276
0.08711
0.170759
0.24855
0.245099
0.19668
0.16216
0.172238
0.241145
0.344979
0.420712
0.430269
0.3961
0.359893
0.342685
0.337053
0.338504
0.351664
0.371233
0.419091
0.515786
0.609324
0.677227
0.738331
0.677065
0.429216
0.20673
0.170911
0.201003
0.151001
0.0569894
0.00766052
0
0
0
0
0
0
0
0
0
0
0
0
0
0
0
0
0
0
0
0
0
0
0
0
0
0
0
0
0
0
0
0
0
0
0
0
0
0
0
0
0
0
0
0
0
0
0
0
0
0
0
0
0
0
0.0164303
0.0714097
0.115714
0.151694
0.284463
0.524528
0.725787
0.733789
0.590334
0.452323
0.382212
0.348876
0.335717
0.360244
0.409924
0.453231
0.494644
0.543509
0.570814
0.545329
0.462078
0.331081
0.20836
0.158795
0.170248
0.191039
0.203677
0.239666
0.29511
0.294608
0.227957
0.171129
0.149807
0.134353
0.160112
0.29748
0.482413
0.549262
0.444414
0.27814
0.167887
0.122142
0.114092
0.162606
0.261766
0.325866
0.290682
0.213518
0.172295
0.179292
0.262192
0.411762
0.51043
0.497241
0.429264
0.360803
0.310602
0.278964
0.264335
0.268725
0.281904
0.317902
0.408633
0.515483
0.605884
0.707897
0.741316
0.573761
0.311199
0.193106
0.209413
0.186213
0.0929597
0.019303
0
0
0
0
0
0
0
0
0
0
0
0
0
0
0
0
0
0
0
0
0
0
0
0
0
0
0
0
0
0
0
0
0
0
0
0
0
0
0
0
0
0
0
0
0
0
0
0
0
0
0
0
0
0
0.0427017
0.111675
0.147456
0.20527
0.349417
0.55114
0.704635
0.718221
0.61782
0.502221
0.417499
0.345207
0.289896
0.283458
0.316385
0.36178
0.426231
0.51318
0.591889
0.624019
0.571875
0.425746
0.263956
0.171508
0.140127
0.135813
0.161857
0.241145
0.346961
0.397731
0.365486
0.293119
0.220316
0.163734
0.165336
0.277684
0.441692
0.502171
0.406472
0.250503
0.143654
0.125915
0.177121
0.260552
0.341338
0.368444
0.299584
0.198984
0.157183
0.165877
0.237524
0.390042
0.51754
0.531004
0.4719
0.39829
0.325943
0.266279
0.232669
0.222771
0.226317
0.251129
0.31903
0.417574
0.538456
0.70382
0.844354
0.788275
0.514554
0.273902
0.219747
0.207081
0.115164
0.0248208
0
0
0
0
0
0
0
0
0
0
0
0
0
0
0
0
0
0
0
0
0
0
0
0
0
0
0
0
0
0
0
0
0
0
0
0
0
0
0
0
0
0
0
0
0
0
0
0
0
0
0
0
0
0.024745
0.10172
0.163564
0.212049
0.338608
0.506666
0.626485
0.671785
0.65561
0.598062
0.533782
0.471692
0.395883
0.326872
0.303235
0.32431
0.368179
0.433569
0.520925
0.606575
0.653182
0.60648
0.443305
0.255301
0.145503
0.106157
0.103474
0.135235
0.213594
0.328027
0.417658
0.445912
0.418807
0.341765
0.243875
0.190375
0.249374
0.398801
0.476744
0.386657
0.235978
0.162246
0.194528
0.276557
0.344998
0.382713
0.367231
0.268753
0.161885
0.13368
0.152973
0.210484
0.337897
0.464893
0.505178
0.479731
0.437285
0.384136
0.325676
0.282737
0.256504
0.242814
0.250493
0.282709
0.341775
0.458191
0.661403
0.882639
0.948948
0.734111
0.404804
0.247535
0.213603
0.122682
0.0269256
0
0
0
0
0
0
0
0
0
0
0
0
0
0
0
0
0
0
0
0
0
0
0
0
0
0
0
0
0
0
0
0
0
0
0
0
0
0
0
0
0
0
0
0
0
0
0
0
0
0
0
0
0.00942396
0.058658
0.12492
0.173575
0.282263
0.478697
0.633492
0.655696
0.6023
0.547776
0.504448
0.474773
0.45272
0.424856
0.400709
0.399409
0.423072
0.454085
0.485477
0.529866
0.585082
0.625081
0.585868
0.419442
0.220051
0.111021
0.0832228
0.0935096
0.128475
0.190518
0.292996
0.399617
0.458967
0.470667
0.438792
0.356707
0.25439
0.226317
0.332711
0.434478
0.376825
0.257282
0.231939
0.292379
0.358026
0.390668
0.387946
0.32872
0.215453
0.134315
0.133443
0.164493
0.22133
0.333706
0.441589
0.476497
0.460475
0.439532
0.424581
0.402338
0.367476
0.324197
0.286123
0.269028
0.267436
0.285004
0.363392
0.539848
0.775306
0.940993
0.853778
0.533146
0.284643
0.208332
0.135775
0.0396868
0
0
0
0
0
0
0
0
0
0
0
0
0
0
0
0
0
0
0
0
0
0
0
0
0
0
0
0
0
0
0
0
0
0
0
0
0
0
0
0
0
0
0
0
0
0
0
0
0
0
0.000843795
0.0144583
0.0393739
0.0522679
0.061104
0.133917
0.326947
0.549102
0.648737
0.612198
0.531601
0.468999
0.423443
0.39063
0.38131
0.393494
0.41694
0.4469
0.476394
0.490188
0.494654
0.517787
0.564139
0.613676
0.587461
0.410682
0.188697
0.0702246
0.0506656
0.074472
0.113903
0.163279
0.24563
0.349237
0.415403
0.435341
0.445533
0.432696
0.356139
0.272347
0.303729
0.398309
0.396403
0.334607
0.329109
0.368586
0.402727
0.407572
0.364301
0.267189
0.166275
0.131224
0.153229
0.1892
0.249488
0.346951
0.430251
0.4571
0.44502
0.42932
0.427624
0.423642
0.397473
0.352194
0.311636
0.294788
0.288986
0.285847
0.313266
0.409354
0.591093
0.801473
0.846554
0.609931
0.316319
0.192452
0.14208
0.0565817
0.00373545
0
0
0
0
0
0
0
0
0
0
0
0
0
0
0
0
0
0
0
0
0
0
0
0
0
0
0
0
0
0
0
0
0
0
0
0
0
0
0
0
0
0
0
0
0
0
0
0
0.00201942
0.0208199
0.0644887
0.0730215
0.0293527
0.00568851
0.124379
0.377953
0.56519
0.602935
0.562234
0.510534
0.470108
0.422391
0.363486
0.337832
0.353608
0.382183
0.411071
0.430138
0.436205
0.456199
0.504571
0.564879
0.622844
0.592685
0.394403
0.153286
0.0314574
0.0166199
0.0448539
0.088352
0.13533
0.198301
0.281003
0.346629
0.370786
0.394839
0.43481
0.43098
0.375034
0.36908
0.43336
0.455015
0.419916
0.399922
0.409554
0.424077
0.405628
0.332208
0.22224
0.139985
0.13551
0.175073
0.219775
0.276423
0.334551
0.36927
0.382855
0.387169
0.395048
0.402396
0.391454
0.368908
0.34314
0.330417
0.351142
0.378371
0.377594
0.366852
0.388942
0.488785
0.663783
0.759785
0.602848
0.315607
0.16327
0.127697
0.0713054
0.0178714
0.0020289
0
0
0
0
0
0
0
0
0
0
0
0
0
0
0
0
0
0
0
0
0
0
0
0
0
0
0
0
0
0
0
0
0
0
0
0
0
0
0
0
0
0
0
0
0
0
0.0017824
0.0174922
0.0685086
0.121061
0.0834788
0.0152168
0.0300164
0.2091
0.463291
0.5809
0.579061
0.553037
0.534218
0.520461
0.476479
0.395807
0.342847
0.33896
0.351844
0.361894
0.359618
0.361002
0.40013
0.471739
0.55077
0.617591
0.582892
0.383775
0.14902
0.0291726
0.00732869
0.0241856
0.0634932
0.108101
0.154007
0.217187
0.287885
0.328947
0.357049
0.408814
0.450984
0.458171
0.484556
0.533762
0.528501
0.474792
0.436659
0.425168
0.416332
0.381357
0.305681
0.203753
0.127034
0.12729
0.187834
0.254476
0.302184
0.315523
0.303539
0.308535
0.344818
0.394802
0.415053
0.387036
0.356735
0.348799
0.367003
0.423917
0.48688
0.50879
0.496256
0.488406
0.526822
0.62511
0.690357
0.573477
0.317409
0.147693
0.112632
0.0874608
0.0401229
0.00835262
0
0
0
0
0
0
0
0
0
0
0
0
0
0
0
0
0
0
0
0
0
0
0
0
0
0
0
0
0
0
0
0
0
0
0
0
0
0
0
0
0
0
0
0
0
0
0.0127802
0.0615117
0.129651
0.145683
0.0710684
0.0153305
0.111115
0.343785
0.539412
0.587708
0.563654
0.544788
0.551853
0.56011
0.525486
0.448805
0.384297
0.359448
0.354907
0.348194
0.33458
0.336675
0.377612
0.457507
0.560753
0.632676
0.58896
0.40816
0.194215
0.065105
0.0170276
0.00921538
0.0362927
0.0725759
0.104157
0.155656
0.229759
0.29421
0.342961
0.401618
0.458398
0.506078
0.576492
0.625859
0.588022
0.511786
0.459328
0.42386
0.389113
0.343188
0.271493
0.185142
0.120445
0.119392
0.191257
0.274262
0.314072
0.307852
0.288559
0.320841
0.411155
0.484244
0.479835
0.419024
0.373185
0.373081
0.405249
0.458902
0.520272
0.573961
0.605751
0.611468
0.619289
0.655335
0.683228
0.603967
0.388913
0.186147
0.115372
0.101104
0.0586201
0.014335
0
0
0
0
0
0
0
0
0
0
0
0
0
0
0
0
0
0
0
0
0
0
0
0
0
0
0
0
0
0
0
0
0
0
0
0
0
0
0
0
0
0
0
0
0
0
0.0299121
0.115126
0.18225
0.147996
0.0590751
0.0586106
0.234244
0.466382
0.574463
0.556773
0.501129
0.480234
0.520205
0.55333
0.526329
0.468609
0.425082
0.408207
0.396233
0.37768
0.36691
0.377632
0.413564
0.483182
0.571439
0.6054
0.542646
0.407486
0.246085
0.116614
0.0337708
7.58468e-05
0.0147332
0.0438015
0.0722156
0.111296
0.172542
0.245915
0.320519
0.400063
0.470809
0.534663
0.618123
0.664276
0.615923
0.532369
0.465434
0.412872
0.365098
0.3048
0.231494
0.168655
0.131025
0.136647
0.20527
0.28215
0.311673
0.305909
0.298931
0.357779
0.473739
0.528102
0.482642
0.407704
0.368795
0.380667
0.411611
0.43444
0.469179
0.546571
0.628732
0.65124
0.633036
0.638516
0.677852
0.666266
0.506978
0.27629
0.148432
0.118065
0.0728129
0.0185445
0
0
0
0
0
0
0
0
0
0
0
0
0
0
0
0
0
0
0
0
0
0
0
0
0
0
0
0
0
0
0
0
0
0
0
0
0
0
0
0
0
0
0
0
0
0.00277789
0.0462096
0.145977
0.201724
0.14262
0.0692102
0.146308
0.374863
0.553549
0.568595
0.488321
0.396215
0.372863
0.443088
0.501925
0.482033
0.436241
0.421309
0.434412
0.43701
0.425425
0.427008
0.441361
0.456816
0.48597
0.515816
0.493782
0.433511
0.375944
0.292664
0.174941
0.062128
0.00578331
0.0119459
0.040066
0.0655885
0.0899922
0.13715
0.208635
0.292541
0.385832
0.466875
0.533127
0.610367
0.648925
0.603664
0.527154
0.454569
0.38863
0.326796
0.259027
0.199458
0.167432
0.162578
0.187465
0.247981
0.295849
0.301737
0.29438
0.291309
0.335594
0.420608
0.449391
0.404482
0.352953
0.335488
0.35356
0.379053
0.391123
0.420077
0.497904
0.569665
0.565912
0.524357
0.537393
0.630903
0.697079
0.594315
0.359826
0.189361
0.139293
0.0932536
0.0275798
0
0
0
0
0
0
0
0
0
0
0
0
0
0
0
0
0
0
0
0
0
0
0
0
0
0
0
0
0
0
0
0
0
0
0
0
0
0
0
0
0
0
0
0
0
0.0143445
0.0781411
0.172286
0.19888
0.131518
0.103957
0.258002
0.496
0.594762
0.532008
0.411962
0.308185
0.291043
0.362936
0.422609
0.411061
0.378588
0.382495
0.414265
0.437948
0.453137
0.473777
0.483437
0.466837
0.44852
0.434165
0.39681
0.367353
0.370037
0.335584
0.228384
0.100724
0.0226403
0.014335
0.0320642
0.044797
0.0655411
0.11232
0.185493
0.281571
0.384372
0.458324
0.513293
0.581412
0.609011
0.566689
0.508694
0.437351
0.347521
0.271418
0.218951
0.186043
0.177766
0.204047
0.256002
0.298609
0.294855
0.270432
0.267018
0.27155
0.292541
0.337831
0.363268
0.352839
0.331175
0.314204
0.314716
0.341235
0.38663
0.440432
0.483503
0.479229
0.431957
0.400613
0.446946
0.584285
0.696946
0.627897
0.386136
0.186431
0.142971
0.115372
0.0396015
0
0
0
0
0
0
0
0
0
0
0
0
0
0
0
0
0
0
0
0
0
0
0
0
0
0
0
0
0
0
0
0
0
0
0
0
0
0
0
0
0
0
0
0
0
0.0326046
0.123422
0.203705
0.192584
0.125346
0.160217
0.372445
0.575402
0.592667
0.484291
0.358594
0.274565
0.269218
0.312479
0.33895
0.330313
0.321021
0.342571
0.381671
0.417015
0.451724
0.481087
0.483741
0.451526
0.407704
0.373326
0.346998
0.345519
0.369885
0.361448
0.283421
0.165109
0.0649343
0.0184402
0.00973683
0.0122208
0.0365487
0.0857448
0.159553
0.278917
0.40304
0.469653
0.515398
0.578805
0.58894
0.540777
0.499128
0.428714
0.327127
0.263482
0.235845
0.211518
0.20088
0.236234
0.299671
0.317789
0.265948
0.223113
0.237799
0.259993
0.27521
0.306658
0.342923
0.370834
0.376266
0.343093
0.307976
0.329223
0.406226
0.473046
0.461822
0.387294
0.333413
0.344761
0.427804
0.576616
0.692727
0.639388
0.408103
0.197562
0.144621
0.116529
0.0399428
0
0
0
0
0
0
0
0
0
0
0
0
0
0
0
0
0
0
0
0
0
0
0
0
0
0
0
0
0
0
0
0
0
0
0
0
0
0
0
0
0
0
0
0
0
0.0368046
0.128522
0.194338
0.173035
0.134438
0.231323
0.461272
0.609115
0.574226
0.451003
0.333706
0.274603
0.280652
0.295935
0.28965
0.281467
0.288284
0.31868
0.363486
0.404889
0.434175
0.443201
0.435209
0.416864
0.382561
0.341917
0.318339
0.323231
0.351673
0.374095
0.350469
0.265966
0.150613
0.0498218
0.00377338
0
0.0291536
0.0825687
0.157022
0.293299
0.435351
0.503451
0.54274
0.59115
0.58675
0.546816
0.522801
0.462134
0.37308
0.321353
0.293366
0.266383
0.253139
0.275513
0.31923
0.315532
0.236727
0.180895
0.213622
0.255243
0.272148
0.3026
0.342591
0.389369
0.421973
0.390706
0.332219
0.329108
0.384163
0.422959
0.380344
0.300922
0.281828
0.338314
0.447515
0.588779
0.689248
0.657269
0.480821
0.279931
0.169043
0.101891
0.0313152
0
0
0
0
0
0
0
0
0
0
0
0
0
0
0
0
0
0
0
0
0
0
0
0
0
0
0
0
0
0
0
0
0
0
0
0
0
0
0
0
0
0
0
0
0
0.0157666
0.0593216
0.117799
0.135311
0.152101
0.302857
0.520366
0.616435
0.569078
0.46166
0.349321
0.296067
0.308876
0.311474
0.294646
0.296116
0.309199
0.329554
0.364225
0.39921
0.406605
0.37969
0.354982
0.356944
0.353332
0.328511
0.307881
0.304591
0.32233
0.359827
0.380723
0.336457
0.238396
0.125536
0.0407013
0.0266886
0.0789091
0.141852
0.22517
0.37601
0.520859
0.57743
0.581157
0.583167
0.578966
0.585622
0.597113
0.552514
0.459517
0.378456
0.33547
0.327203
0.329355
0.328208
0.331943
0.30535
0.214134
0.15833
0.20654
0.257538
0.272053
0.297367
0.329393
0.371299
0.411308
0.39318
0.339244
0.317542
0.327572
0.329251
0.295973
0.260922
0.279799
0.347122
0.4445
0.565181
0.665252
0.6717
0.54532
0.334655
0.168152
0.0925046
0.0393076
0.00468354
0
0
0
0
0
0
0
0
0
0
0
0
0
0
0
0
0
0
0
0
0
0
0
0
0
0
0
0
0
0
0
0
0
0
0
0
0
0
0
0
0
0
0
0
0
0.00337518
0.0430999
0.0949412
0.186801
0.391853
0.578607
0.618512
0.573696
0.506212
0.413176
0.359059
0.362377
0.341434
0.317466
0.343813
0.382979
0.404927
0.420522
0.42732
0.39755
0.327867
0.271693
0.268146
0.284776
0.29273
0.295309
0.291669
0.28964
0.316405
0.35102
0.32873
0.269664
0.204521
0.122805
0.10738
0.181188
0.257405
0.363496
0.533383
0.670523
0.693145
0.636828
0.585811
0.589073
0.645115
0.690148
0.650963
0.531667
0.417631
0.377972
0.384893
0.375631
0.337955
0.301282
0.249384
0.175415
0.171508
0.240576
0.274158
0.271778
0.289337
0.32451
0.36378
0.385889
0.364159
0.324909
0.305843
0.298751
0.294428
0.294078
0.299842
0.316148
0.341775
0.392877
0.492189
0.612036
0.665063
0.574587
0.342552
0.136429
0.0847967
0.0686887
0.0268308
0.00610566
0.000929123
0
0
0
0
0
0
0
0
0
0
0
0
0
0
0
0
0
0
0
0
0
0
0
0
0
0
0
0
0
0
0
0
0
0
0
0
0
0
0
0
0
0
0
0
0.0150935
0.0805018
0.261491
0.511358
0.639027
0.60867
0.552847
0.523021
0.476328
0.436289
0.415318
0.359115
0.319636
0.362158
0.4423
0.501404
0.524565
0.510334
0.442802
0.326397
0.221842
0.182743
0.197514
0.235011
0.268545
0.278377
0.272536
0.29019
0.321903
0.306487
0.274385
0.255272
0.208797
0.195068
0.262212
0.361722
0.502655
0.683086
0.808346
0.79988
0.698483
0.61963
0.630969
0.70582
0.751308
0.702407
0.575602
0.461641
0.425795
0.419215
0.379916
0.309578
0.233883
0.157211
0.12783
0.19887
0.281828
0.291564
0.277296
0.296125
0.344582
0.383747
0.384808
0.362509
0.343558
0.333858
0.332768
0.350536
0.378277
0.377907
0.344429
0.322852
0.352982
0.450786
0.583755
0.661706
0.603171
0.372929
0.138695
0.0881529
0.0886554
0.0377812
0.00610566
0.000929123
0
0
0
0
0
0
0
0
0
0
0
0
0
0
0
0
0
0
0
0
0
0
0
0
0
0
0
0
0
0
0
0
0
0
0
0
0
0
0
0
0
0
0
0
0.0206588
0.126579
0.375375
0.623821
0.667954
0.566841
0.488282
0.47462
0.46806
0.457716
0.438755
0.373649
0.31848
0.343367
0.43098
0.522575
0.574624
0.570291
0.495829
0.358622
0.222335
0.15304
0.15705
0.20197
0.243696
0.25932
0.266895
0.297888
0.331754
0.317835
0.288227
0.280424
0.256627
0.235229
0.282576
0.406064
0.57597
0.750504
0.862311
0.846526
0.735544
0.651354
0.667897
0.739031
0.760477
0.697108
0.586097
0.488558
0.442955
0.419376
0.378599
0.301434
0.192755
0.104811
0.112936
0.20727
0.2774
0.283676
0.281856
0.308412
0.355854
0.386562
0.389909
0.40231
0.428003
0.438375
0.4434
0.468439
0.477361
0.414617
0.330919
0.317296
0.378126
0.493298
0.624048
0.697572
0.651136
0.437551
0.201364
0.12399
0.086105
0.0212561
0
0
0
0
0
0
0
0
0
0
0
0
0
0
0
0
0
0
0
0
0
0
0
0
0
0
0
0
0
0
0
0
0
0
0
0
0
0
0
0
0
0
0
0
0
0.0234746
0.0813267
0.221994
0.492113
0.698483
0.663156
0.509149
0.417052
0.405675
0.404046
0.417784
0.432536
0.382969
0.319674
0.320698
0.387671
0.481494
0.551264
0.561749
0.498227
0.371659
0.2416
0.170845
0.165412
0.198557
0.230593
0.239467
0.254295
0.303254
0.343775
0.324605
0.284235
0.269749
0.254836
0.234926
0.277286
0.417252
0.598677
0.749129
0.826094
0.802003
0.707783
0.638649
0.655192
0.713244
0.722232
0.662815
0.573012
0.48941
0.430639
0.388024
0.353646
0.289346
0.171897
0.0923245
0.119193
0.192774
0.240387
0.255765
0.264914
0.281003
0.304174
0.325524
0.354793
0.426146
0.521248
0.574037
0.577099
0.563921
0.509283
0.388753
0.30006
0.329213
0.430071
0.558564
0.682744
0.750741
0.714193
0.525609
0.28508
0.157581
0.0831565
0.0163071
0
0
0
0
0
0
0
0
0
0
0
0
0
0
0
0
0
0
0
0
0
0
0
0
0
0
0
0
0
0
0
0
0
0
0
0
0
0
0
0
0
0
0
0
0.0049016
0.0801795
0.177169
0.311379
0.57014
0.734282
0.649627
0.470552
0.378835
0.375138
0.378125
0.399674
0.42515
0.382571
0.319836
0.314194
0.369486
0.458853
0.528927
0.531401
0.46459
0.357988
0.256561
0.196235
0.177804
0.193295
0.218514
0.22554
0.237903
0.285146
0.325098
0.308981
0.265976
0.244037
0.240396
0.24289
0.296826
0.441068
0.613154
0.718799
0.733997
0.68791
0.622816
0.585111
0.599493
0.642527
0.662151
0.632466
0.562489
0.47846
0.400841
0.3324
0.290617
0.239524
0.134277
0.0734576
0.109485
0.163677
0.206635
0.237097
0.240605
0.225957
0.218486
0.235334
0.288663
0.402377
0.546836
0.631111
0.626674
0.574274
0.489383
0.382571
0.327914
0.375565
0.477844
0.587595
0.68849
0.75805
0.752931
0.607789
0.347815
0.162151
0.103825
0.0441238
0.0004456
0
0
0
0
0
0
0
0
0
0
0
0
0
0
0
0
0
0
0
0
0
0
0
0
0
0
0
0
0
0
0
0
0
0
0
0
0
0
0
0
0
0
0
0.0283003
0.134837
0.236955
0.373612
0.621972
0.748389
0.639066
0.460391
0.370938
0.376673
0.407563
0.444367
0.465861
0.427805
0.368188
0.354346
0.399219
0.480565
0.540039
0.520603
0.434782
0.338192
0.265037
0.216049
0.184279
0.18007
0.198273
0.210901
0.222762
0.255926
0.29164
0.294247
0.259927
0.234679
0.253888
0.291052
0.353228
0.475474
0.605523
0.654311
0.621621
0.575913
0.551558
0.543452
0.551226
0.574046
0.597938
0.597502
0.545414
0.454901
0.362178
0.279998
0.232461
0.186327
0.0963159
0.0560223
0.0941448
0.135965
0.185777
0.232413
0.229
0.191523
0.170769
0.194888
0.269692
0.395313
0.52978
0.601322
0.595188
0.550856
0.49728
0.445904
0.42443
0.457081
0.51736
0.566785
0.614009
0.682251
0.73578
0.66017
0.399968
0.177946
0.149039
0.111646
0.0263473
0
0
0
0
0
0
0
0
0
0
0
0
0
0
0
0
0
0
0
0
0
0
0
0
0
0
0
0
0
0
0
0
0
0
0
0
0
0
0
0
0
0.00281581
0.01954
0.076975
0.164057
0.244691
0.415062
0.665906
0.753148
0.633681
0.474697
0.384818
0.379792
0.419319
0.472943
0.514459
0.500286
0.442774
0.409203
0.431284
0.494559
0.551274
0.541641
0.458532
0.354413
0.276869
0.227009
0.18901
0.170731
0.17823
0.192859
0.206521
0.231266
0.268905
0.292001
0.266089
0.241989
0.284131
0.346401
0.404349
0.482244
0.545974
0.548363
0.510895
0.499972
0.524451
0.538702
0.535175
0.529562
0.531601
0.538001
0.506722
0.4268
0.330731
0.241657
0.19523
0.154168
0.0755813
0.0496891
0.0866454
0.121943
0.173405
0.222601
0.219055
0.184715
0.174836
0.216438
0.30681
0.419726
0.514042
0.563067
0.567817
0.547328
0.521162
0.494531
0.477295
0.48561
0.499025
0.489212
0.486841
0.554772
0.675682
0.675217
0.437825
0.206938
0.181937
0.165801
0.0647542
0.00547045
0
0
0
0
0
0
0
0
0
0
0
0
0
0
0
0
0
0
0
0
0
0
0
0
0
0
0
0
0
0
0
0
0
0
0
0
0
0
0
0
0.00840951
0.0481248
0.117743
0.178136
0.249612
0.441864
0.683721
0.743507
0.632865
0.506836
0.425594
0.397294
0.405562
0.44066
0.493184
0.508724
0.458836
0.401003
0.38898
0.4295
0.503215
0.554639
0.52759
0.427738
0.316509
0.240728
0.196405
0.171594
0.169337
0.180961
0.193826
0.215016
0.258381
0.296466
0.27522
0.251195
0.302751
0.372967
0.42148
0.458996
0.470088
0.452179
0.430762
0.455753
0.522129
0.553881
0.535526
0.499859
0.472554
0.471947
0.461632
0.405307
0.308763
0.209309
0.16874
0.138581
0.0673045
0.0472241
0.0877547
0.126825
0.171139
0.206417
0.204379
0.187446
0.195523
0.243515
0.32161
0.410141
0.491865
0.548002
0.557786
0.527115
0.488548
0.456816
0.433976
0.428611
0.422155
0.39974
0.397929
0.479788
0.637161
0.689163
0.498636
0.264828
0.191551
0.157572
0.0685181
0.00928175
0
0
0
0
0
0
0
0
0
0
0
0
0
0
0
0
0
0
0
0
0
0
0
0
0
0
0
0
0
0
0
0
0
0
0
0
0
0
0
0
0.0112443
0.0553492
0.121582
0.176382
0.259462
0.458749
0.67899
0.723436
0.622512
0.519892
0.462902
0.438905
0.426713
0.425405
0.451032
0.47737
0.450834
0.384326
0.336135
0.346184
0.424505
0.524414
0.563864
0.506002
0.38861
0.282406
0.218477
0.182734
0.170153
0.177093
0.188659
0.208029
0.255148
0.301463
0.286104
0.268602
0.323306
0.389691
0.426429
0.437
0.42513
0.407391
0.395218
0.435853
0.524888
0.563817
0.528775
0.473635
0.434402
0.42679
0.425312
0.388365
0.297898
0.195362
0.158036
0.132343
0.0627442
0.0437067
0.0933579
0.143587
0.177671
0.195059
0.191835
0.184336
0.198036
0.238898
0.300524
0.385236
0.482764
0.542616
0.526794
0.467956
0.424865
0.408301
0.399522
0.393901
0.385994
0.38478
0.423139
0.526936
0.670135
0.729523
0.591738
0.353133
0.203905
0.134751
0.058383
0.00802079
0
0
0
0
0
0
0
0
0
0
0
0
0
0
0
0
0
0
0
0
0
0
0
0
0
0
0
0
0
0
0
0
0
0
0
0
0
0
0
0
0.0109125
0.0518981
0.111893
0.168029
0.265226
0.460978
0.655648
0.689656
0.586267
0.483049
0.447022
0.455212
0.462228
0.451563
0.450511
0.47318
0.478783
0.440974
0.386231
0.3627
0.399627
0.471226
0.524489
0.52741
0.464865
0.35756
0.26078
0.201743
0.176998
0.177273
0.187531
0.20672
0.255148
0.3035
0.295432
0.299225
0.368387
0.423869
0.431662
0.410018
0.390023
0.385491
0.383169
0.433426
0.533193
0.571866
0.523675
0.460067
0.419973
0.403411
0.397249
0.371697
0.296674
0.200937
0.15651
0.120558
0.0491297
0.0351265
0.0973872
0.156823
0.181985
0.188583
0.185711
0.182108
0.201146
0.250948
0.326681
0.424856
0.514327
0.535137
0.483068
0.428496
0.417831
0.434176
0.448586
0.451554
0.450483
0.470222
0.533885
0.635264
0.734159
0.757785
0.629927
0.39521
0.218287
0.134344
0.0616255
0.0104574
0
0
0
0
0
0
0
0
0
0
0
0
0
0
0
0
0
0
0
0
0
0
0
0
0
0
0
0
0
0
0
0
0
0
0
0
0
0
0
0
0.0107323
0.0493288
0.104763
0.167289
0.275277
0.446823
0.602782
0.632334
0.539716
0.441741
0.413366
0.43446
0.453829
0.447629
0.44157
0.460011
0.486291
0.494189
0.469767
0.427654
0.400453
0.399228
0.424903
0.473284
0.492292
0.427719
0.313845
0.225132
0.186488
0.181056
0.187863
0.204018
0.251688
0.301064
0.298087
0.320717
0.404509
0.443305
0.410605
0.362623
0.35319
0.370018
0.382789
0.44631
0.552695
0.591652
0.536606
0.462911
0.415517
0.390574
0.38006
0.359561
0.295707
0.206777
0.151001
0.097994
0.029694
0.0310877
0.102384
0.16015
0.177804
0.182791
0.187285
0.199942
0.245089
0.324823
0.4204
0.506126
0.541622
0.505406
0.443276
0.417242
0.43211
0.46424
0.499138
0.525865
0.544334
0.572511
0.626751
0.701924
0.765323
0.756116
0.617194
0.397182
0.232082
0.143948
0.067314
0.0136335
0.000199098
0
0
0
0
0
0
0
0
0
0
0
0
0
0
0
0
0
0
0
0
0
0
0
0
0
0
0
0
0
0
0
0
0
0
0
0
0
0
0
0.00720544
0.0363022
0.0817344
0.146877
0.262326
0.412749
0.538919
0.575733
0.516876
0.447534
0.42407
0.430668
0.43464
0.419386
0.40431
0.411791
0.437114
0.462484
0.46148
0.420021
0.359572
0.320424
0.337035
0.405249
0.463139
0.443789
0.34919
0.247194
0.193314
0.182392
0.185929
0.199335
0.246066
0.301235
0.316243
0.352014
0.422191
0.429843
0.372018
0.329232
0.344117
0.375783
0.404102
0.477445
0.575649
0.611932
0.56138
0.479721
0.417489
0.387179
0.379935
0.363135
0.302837
0.216457
0.150594
0.084114
0.0272669
0.0473284
0.114055
0.157515
0.170105
0.178392
0.197932
0.247014
0.333764
0.429908
0.5042
0.529202
0.487837
0.415376
0.371412
0.368653
0.389076
0.427823
0.481057
0.530292
0.563618
0.591292
0.632164
0.694378
0.750419
0.739459
0.610691
0.4089
0.24946
0.150812
0.0677786
0.0144109
0.000464561
0
0
0
0
0
0
0
0
0
0
0
0
0
0
0
0
0
0
0
0
0
0
0
0
0
0
0
0
0
0
0
0
0
0
0
0
0
0
0
0.00173499
0.012107
0.042787
0.109143
0.231551
0.386724
0.512098
0.556326
0.523114
0.482774
0.469937
0.464504
0.449581
0.42038
0.389113
0.374835
0.381215
0.394952
0.392108
0.355285
0.301169
0.279363
0.323534
0.397864
0.435019
0.414891
0.348819
0.261217
0.198225
0.177244
0.177756
0.192727
0.239628
0.304468
0.359542
0.424486
0.470335
0.439778
0.373953
0.349654
0.374664
0.410427
0.45728
0.529192
0.598943
0.62566
0.593662
0.520602
0.44212
0.399428
0.395436
0.386533
0.335726
0.25129
0.168323
0.0908075
0.0538702
0.088608
0.134495
0.153495
0.160776
0.173348
0.215936
0.310678
0.427169
0.505575
0.520479
0.466268
0.369782
0.299273
0.288066
0.312451
0.351303
0.40085
0.455555
0.501982
0.53509
0.562005
0.594335
0.647457
0.705508
0.716667
0.62019
0.43263
0.263511
0.150679
0.0635785
0.0126569
0.000265464
0
0
0
0
0
0
0
0
0
0
0
0
0
0
0
0
0
0
0
0
0
0
0
0
0
0
0
0
0
0
0
0
0
0
0
0
0
0
0
0
0
0.0231427
0.0915944
0.230432
0.417697
0.54933
0.574188
0.538246
0.51462
0.519901
0.518469
0.493602
0.456312
0.41692
0.384041
0.369051
0.368008
0.355683
0.316812
0.279448
0.296144
0.371915
0.435512
0.429519
0.381707
0.325173
0.257746
0.200577
0.176713
0.174855
0.18865
0.234272
0.311048
0.411393
0.5181
0.558081
0.501092
0.429416
0.414493
0.439931
0.480045
0.535232
0.588599
0.623469
0.636392
0.62419
0.576074
0.49271
0.427956
0.417071
0.425234
0.402604
0.321998
0.207782
0.110822
0.0889208
0.132447
0.155107
0.146726
0.146318
0.16582
0.229967
0.347559
0.458437
0.501794
0.469748
0.384713
0.301623
0.267606
0.283553
0.332066
0.390393
0.438793
0.478527
0.513112
0.539374
0.553502
0.559286
0.585291
0.643636
0.689476
0.633595
0.457962
0.272479
0.144166
0.0548941
0.00870341
0
0
0
0
0
0
0
0
0
0
0
0
0
0
0
0
0
0
0
0
0
0
0
0
0
0
0
0
0
0
0
0
0
0
0
0
0
0
0
0
0
0.00106185
0.0304714
0.0964012
0.24287
0.466391
0.603324
0.593331
0.534066
0.5086
0.526148
0.539857
0.520518
0.486434
0.451249
0.419489
0.403628
0.399523
0.383358
0.346288
0.321002
0.354849
0.428961
0.459366
0.415061
0.350392
0.29748
0.244701
0.205109
0.193305
0.188783
0.188479
0.233039
0.338647
0.479911
0.604888
0.637967
0.574587
0.504788
0.488169
0.509122
0.546609
0.588656
0.617743
0.628618
0.629831
0.632125
0.616937
0.550989
0.470705
0.444025
0.472307
0.486433
0.413469
0.271399
0.140364
0.0981267
0.137491
0.153684
0.129698
0.130542
0.165526
0.23084
0.330189
0.418229
0.445895
0.411971
0.354374
0.321163
0.320073
0.342258
0.387918
0.434422
0.463434
0.48777
0.51006
0.515748
0.502115
0.484282
0.502087
0.578605
0.658975
0.629584
0.461289
0.269986
0.136088
0.0451952
0.00357428
0
0
0
0
0
0
0
0
0
0
0
0
0
0
0
0
0
0
0
0
0
0
0
0
0
0
0
0
0
0
0
0
0
0
0
0
0
0
0
0
0
0.00421898
0.0399238
0.10007
0.228242
0.452444
0.599047
0.571335
0.484159
0.444055
0.463528
0.492595
0.485277
0.45401
0.42422
0.408178
0.413554
0.429027
0.433626
0.417878
0.395047
0.399228
0.426591
0.420845
0.365049
0.308184
0.272537
0.239676
0.218894
0.220401
0.211973
0.198681
0.257045
0.402917
0.558261
0.65269
0.66237
0.612281
0.552572
0.516328
0.515076
0.540446
0.567769
0.58217
0.580076
0.577981
0.602498
0.626134
0.594658
0.524774
0.486433
0.51152
0.539402
0.484461
0.344875
0.173348
0.0737515
0.096496
0.120957
0.0954911
0.108413
0.163535
0.214789
0.283477
0.365809
0.405326
0.38588
0.347226
0.329526
0.332028
0.343766
0.365165
0.384865
0.398755
0.418371
0.432763
0.425443
0.407249
0.398717
0.435749
0.536473
0.633433
0.604603
0.434308
0.25293
0.13167
0.0452521
0.00369753
0
0
0
0
0
0
0
0
0
0
0
0
0
0
0
0
0
0
0
0
0
0
0
0
0
0
0
0
0
0
0
0
0
0
0
0
0
0
0
0
0
0.0045034
0.0399712
0.098724
0.197941
0.389568
0.543148
0.516611
0.413233
0.366947
0.388202
0.427111
0.425348
0.381964
0.342619
0.334399
0.354792
0.388373
0.418078
0.423794
0.39757
0.367761
0.351929
0.327677
0.285515
0.251546
0.239315
0.23157
0.227237
0.23485
0.231731
0.235883
0.32032
0.46714
0.581896
0.630477
0.631841
0.596667
0.52978
0.46331
0.442111
0.461462
0.48045
0.485409
0.475199
0.473066
0.520176
0.580398
0.589234
0.557085
0.528264
0.532178
0.547337
0.51938
0.416864
0.226725
0.0640052
0.0545243
0.0819809
0.0583262
0.0763682
0.139169
0.183056
0.239865
0.328587
0.387407
0.380608
0.338901
0.305179
0.285649
0.270631
0.267597
0.280159
0.303112
0.334929
0.361296
0.370351
0.372084
0.379328
0.425538
0.529582
0.616758
0.56868
0.393683
0.230413
0.130219
0.0558042
0.0124389
0.0013842
0
0
0
0
0
0
0
0
0
0
0
0
0
0
0
0
0
0
0
0
0
0
0
0
0
0
0
0
0
0
0
0
0
0
0
0
0
0
0
0
0.00246502
0.0342922
0.0909497
0.168892
0.33475
0.494844
0.47846
0.373432
0.325165
0.339859
0.374673
0.372416
0.320803
0.271494
0.26041
0.27684
0.301282
0.322975
0.324501
0.300505
0.276708
0.261851
0.24198
0.217595
0.199534
0.197239
0.206597
0.218657
0.235779
0.252494
0.286218
0.369829
0.462239
0.513625
0.550032
0.578388
0.552373
0.469634
0.394535
0.371629
0.374105
0.369999
0.367666
0.359115
0.351834
0.394261
0.463272
0.502115
0.519986
0.5329
0.54475
0.555956
0.552724
0.502344
0.341899
0.145143
0.073998
0.0725474
0.0462855
0.0577857
0.112196
0.156339
0.213006
0.306004
0.393806
0.423623
0.393758
0.340286
0.281287
0.22937
0.211337
0.232243
0.271522
0.312991
0.348762
0.374067
0.389103
0.405647
0.460845
0.559967
0.612842
0.524746
0.345719
0.206948
0.128769
0.0674657
0.0242994
0.00487315
0
0
0
0
0
0
0
0
0
0
0
0
0
0
0
0
0
0
0
0
0
0
0
0
0
0
0
0
0
0
0
0
0
0
0
0
0
0
0
0
0.00165915
0.0248398
0.0735619
0.147816
0.304089
0.465321
0.462448
0.360784
0.301377
0.296002
0.311171
0.30643
0.269218
0.23083
0.218903
0.226222
0.233361
0.233248
0.222629
0.207223
0.2007
0.198491
0.192357
0.183625
0.17222
0.168882
0.185208
0.216533
0.254106
0.285753
0.319619
0.372617
0.409611
0.413413
0.438868
0.486026
0.482887
0.423263
0.372825
0.351805
0.32252
0.288645
0.28287
0.279789
0.261017
0.272261
0.320149
0.371706
0.426932
0.487078
0.54036
0.575155
0.595198
0.589121
0.487969
0.302847
0.164493
0.104631
0.068774
0.0695894
0.106783
0.146043
0.19833
0.287648
0.394147
0.457309
0.450047
0.401752
0.337509
0.281069
0.265075
0.288492
0.320442
0.340921
0.354603
0.370151
0.384002
0.412928
0.494521
0.597198
0.605997
0.470943
0.295917
0.188669
0.132229
0.0815921
0.0362832
0.00832418
0
0
0
0
0
0
0
0
0
0
0
0
0
0
0
0
0
0
0
0
0
0
0
0
0
0
0
0
0
0
0
0
0
0
0
0
0
0
0
0.000312868
0.000853276
0.0144772
0.0599095
0.141388
0.284908
0.436167
0.448853
0.346022
0.262828
0.236794
0.23923
0.240301
0.228792
0.213129
0.209166
0.213025
0.20764
0.19285
0.178543
0.171897
0.171252
0.168854
0.165744
0.16272
0.158766
0.168769
0.204104
0.252333
0.295262
0.319107
0.3353
0.365999
0.376674
0.340372
0.317684
0.345169
0.373127
0.366206
0.350659
0.342296
0.312176
0.264051
0.239287
0.229294
0.20454
0.193049
0.226763
0.285763
0.344117
0.408083
0.481797
0.541944
0.586106
0.604394
0.547613
0.410501
0.261065
0.160596
0.110395
0.0985249
0.11505
0.140203
0.17368
0.233219
0.312204
0.36688
0.378589
0.372626
0.36305
0.357408
0.370948
0.394223
0.398413
0.373498
0.341567
0.326568
0.326131
0.358546
0.458996
0.566177
0.550515
0.403335
0.256524
0.180506
0.136941
0.0907032
0.0405496
0.00803027
0
0
0
0
0
0
0
0
0
0
0
0
0
0
0
0
0
0
0
0
0
0
0
0
0
0
0
0
0
0
0
0
0
0
0
0
0
0
0
0.000417157
0.000417157
0.00879822
0.0542399
0.138335
0.261956
0.401182
0.431171
0.325402
0.21714
0.180155
0.184327
0.197353
0.208977
0.217453
0.230811
0.236234
0.215244
0.184071
0.166256
0.16362
0.16399
0.15814
0.149001
0.142905
0.149769
0.189835
0.258362
0.313351
0.336968
0.341254
0.338732
0.343766
0.328738
0.268393
0.223075
0.239097
0.27667
0.293232
0.301026
0.321704
0.321913
0.266706
0.20252
0.180629
0.177055
0.177918
0.210304
0.25859
0.288568
0.319182
0.372511
0.43389
0.493194
0.52193
0.49052
0.423689
0.339461
0.241449
0.163061
0.12912
0.129537
0.137975
0.142554
0.160833
0.198718
0.23083
0.248493
0.269701
0.302524
0.34388
0.387919
0.420931
0.421613
0.379301
0.318101
0.27302
0.251878
0.275504
0.37401
0.474611
0.454132
0.331033
0.227047
0.172817
0.130068
0.0812982
0.0306895
0.00372597
0
0
0
0
0
0
0
0
0
0
0
0
0
0
0
0
0
0
0
0
0
0
0
0
0
0
0
0
0
0
0
0
0
0
0
0
0
0
0
0.000104289
0.000104289
0.00525239
0.0471767
0.127498
0.231248
0.354537
0.398054
0.304061
0.191921
0.155486
0.169423
0.20289
0.236689
0.254637
0.267047
0.264288
0.228479
0.185872
0.165232
0.160179
0.155315
0.146242
0.135652
0.130333
0.146754
0.206445
0.288777
0.334768
0.333024
0.3132
0.285488
0.257358
0.223113
0.181359
0.175756
0.20819
0.227749
0.22754
0.245525
0.294323
0.320746
0.263605
0.168977
0.144279
0.183341
0.212172
0.224554
0.232423
0.235476
0.250038
0.280007
0.324055
0.38954
0.441684
0.444993
0.439191
0.427956
0.351968
0.239297
0.168721
0.148717
0.140354
0.127641
0.130836
0.154926
0.174874
0.182222
0.193495
0.219169
0.255831
0.297623
0.344117
0.382296
0.382818
0.341537
0.285932
0.242198
0.250133
0.338211
0.422666
0.390658
0.281657
0.202283
0.15797
0.114225
0.0642327
0.0190281
0.000530927
0
0
0
0
0
0
0
0
0
0
0
0
0
0
0
0
0
0
0
0
0
0
0
0
0
0
0
0
0
0
0
0
0
0
0
0
0
0
0
0
0
0.00166863
0.0320547
0.101815
0.188906
0.294447
0.354034
0.293754
0.198519
0.171584
0.211755
0.278471
0.317826
0.306762
0.279382
0.250512
0.210721
0.176619
0.161279
0.152424
0.141189
0.132135
0.128352
0.127991
0.146166
0.205412
0.271854
0.284852
0.249924
0.210077
0.176239
0.146204
0.123886
0.122891
0.160046
0.199363
0.192518
0.167413
0.186099
0.25147
0.299822
0.261927
0.164587
0.138932
0.203601
0.241762
0.222041
0.196377
0.197751
0.221397
0.239695
0.260686
0.331527
0.436138
0.498303
0.516782
0.515028
0.452
0.331289
0.226128
0.170172
0.141758
0.127252
0.135491
0.158738
0.171328
0.168086
0.168446
0.183047
0.20161
0.223454
0.269408
0.342601
0.406065
0.422856
0.389502
0.335708
0.328009
0.400177
0.455982
0.389739
0.263227
0.182753
0.141009
0.0993972
0.0517939
0.0132447
0
0
0
0
0
0
0
0
0
0
0
0
0
0
0
0
0
0
0
0
0
0
0
0
0
0
0
0
0
0
0
0
0
0
0
0
0
0
0
0
0
0
0
0.0159657
0.071751
0.147456
0.236775
0.313929
0.303643
0.241392
0.230062
0.294418
0.36616
0.367781
0.306089
0.238974
0.191655
0.162037
0.149342
0.14408
0.135235
0.126294
0.126133
0.134135
0.136714
0.147399
0.195457
0.235836
0.210342
0.153884
0.122085
0.111969
0.103303
0.101123
0.123422
0.168323
0.194566
0.170475
0.132201
0.143331
0.207166
0.268147
0.260467
0.186033
0.157979
0.208825
0.233267
0.202937
0.178885
0.189001
0.208598
0.208247
0.206398
0.273077
0.424572
0.556649
0.595103
0.571552
0.51242
0.410169
0.288502
0.194168
0.144384
0.130513
0.141871
0.160179
0.164891
0.156292
0.155391
0.173386
0.188972
0.194898
0.227986
0.312602
0.415365
0.483732
0.491536
0.459774
0.459384
0.51626
0.525287
0.403648
0.249878
0.166142
0.126939
0.088077
0.041564
0.00862757
0
0
0
0
0
0
0
0
0
0
0
0
0
0
0
0
0
0
0
0
0
0
0
0
0
0
0
0
0
0
0
0
0
0
0
0
0
0
0
0
0
0
0
0.00797339
0.0559654
0.128266
0.201202
0.287848
0.342969
0.338181
0.335489
0.373734
0.38825
0.328208
0.239468
0.173054
0.135102
0.12126
0.123526
0.124578
0.117354
0.114282
0.124967
0.141796
0.14336
0.141957
0.171177
0.19029
0.155467
0.1156
0.114984
0.130181
0.135121
0.139596
0.16088
0.189465
0.19649
0.168987
0.132021
0.131926
0.176609
0.227825
0.237059
0.197088
0.175661
0.199079
0.206891
0.183265
0.171755
0.182212
0.181691
0.157524
0.137131
0.179653
0.323079
0.493071
0.579688
0.579166
0.542911
0.46606
0.340287
0.217566
0.147427
0.128987
0.138136
0.149911
0.147607
0.137358
0.137624
0.154519
0.166939
0.165431
0.187323
0.265112
0.367239
0.439646
0.46751
0.479711
0.523095
0.588333
0.555967
0.384572
0.223852
0.149579
0.113467
0.0777808
0.0318082
0.00391559
0
0
0
0
0
0
0
0
0
0
0
0
0
0
0
0
0
0
0
0
0
0
0
0
0
0
0
0
0
0
0
0
0
0
0
0
0
0
0
0
0
0
0
0.0051955
0.0497744
0.125413
0.192053
0.289877
0.418247
0.481579
0.463357
0.41637
0.346307
0.262307
0.199155
0.158918
0.12875
0.113732
0.114841
0.115846
0.109333
0.108205
0.119895
0.135415
0.135633
0.126323
0.135282
0.144014
0.128655
0.125005
0.153457
0.179283
0.183208
0.185806
0.201724
0.211337
0.199837
0.178496
0.154339
0.143265
0.161563
0.191712
0.199411
0.17989
0.171983
0.189323
0.192072
0.169707
0.15834
0.162644
0.153277
0.124825
0.0976243
0.108982
0.197714
0.341661
0.467444
0.533516
0.543566
0.488046
0.362889
0.226403
0.144962
0.122853
0.128371
0.135045
0.130257
0.123924
0.127868
0.137112
0.141454
0.138733
0.150252
0.203876
0.277513
0.321258
0.342789
0.394896
0.499423
0.594003
0.534463
0.335755
0.192186
0.13478
0.0990653
0.0649627
0.0228299
0.000872238
0
0
0
0
0
0
0
0
0
0
0
0
0
0
0
0
0
0
0
0
0
0
0
0
0
0
0
0
0
0
0
0
0
0
0
0
0
0
0
0
0
0
0
0.00402936
0.0413649
0.113201
0.1797
0.284577
0.460418
0.577506
0.533856
0.395768
0.277438
0.23212
0.22407
0.195647
0.148612
0.118776
0.114756
0.114557
0.108887
0.107551
0.113988
0.124009
0.125972
0.116482
0.113249
0.118947
0.124502
0.144507
0.179415
0.200179
0.204663
0.218941
0.242245
0.236253
0.2027
0.187588
0.18517
0.173718
0.17294
0.185445
0.179747
0.155495
0.156813
0.184943
0.188176
0.166531
0.154898
0.150821
0.145104
0.134666
0.11559
0.108423
0.145436
0.227767
0.338068
0.445837
0.501119
0.468288
0.351436
0.214542
0.135244
0.118842
0.123621
0.126655
0.12419
0.125413
0.133149
0.133329
0.127242
0.123839
0.129082
0.163725
0.217557
0.243288
0.256457
0.329118
0.477408
0.581213
0.484527
0.280292
0.165469
0.123659
0.0898405
0.0529221
0.0152831
0
0
0
0
0
0
0
0
0
0
0
0
0
0
0
0
0
0
0
0
0
0
0
0
0
0
0
0
0
0
0
0
0
0
0
0
0
0
0
0
0
0
0
0
0.00230385
0.0244416
0.0766905
0.138098
0.228375
0.39409
0.539848
0.508296
0.342988
0.224848
0.218097
0.233911
0.20052
0.145474
0.117107
0.116766
0.116785
0.109305
0.105389
0.109276
0.117619
0.121781
0.11524
0.108992
0.114671
0.1355
0.169584
0.192366
0.18919
0.191039
0.220344
0.243914
0.219747
0.174457
0.16983
0.194888
0.20124
0.199031
0.208171
0.197581
0.165991
0.170551
0.201904
0.204767
0.192679
0.180553
0.158103
0.143246
0.140298
0.132846
0.126683
0.14262
0.182601
0.248143
0.344411
0.42934
0.433901
0.333593
0.197704
0.123659
0.113789
0.117032
0.118397
0.122663
0.135349
0.151599
0.151087
0.137321
0.128977
0.132144
0.159032
0.198709
0.216192
0.23412
0.321107
0.479645
0.544939
0.401959
0.224032
0.147626
0.117885
0.0869773
0.0429103
0.00854224
0
0
0
0
0
0
0
0
0
0
0
0
0
0
0
0
0
0
0
0
0
0
0
0
0
0
0
0
0
0
0
0
0
0
0
0
0
0
0
0
0
0
0
0
0.000483523
0.0120027
0.0490444
0.103066
0.166493
0.27704
0.41892
0.460825
0.364661
0.261415
0.229048
0.22005
0.193201
0.160767
0.143113
0.137994
0.129186
0.112907
0.101815
0.103389
0.111267
0.115543
0.111855
0.108432
0.117411
0.154187
0.20983
0.229019
0.194585
0.16948
0.185199
0.189882
0.158226
0.132751
0.146413
0.181245
0.198472
0.20655
0.231143
0.235921
0.215888
0.226346
0.248114
0.248948
0.250626
0.234822
0.183871
0.134656
0.113125
0.110139
0.113505
0.126863
0.152262
0.190309
0.256505
0.341453
0.37528
0.298732
0.176913
0.116027
0.109276
0.108214
0.108499
0.117572
0.139937
0.170466
0.188849
0.187882
0.176116
0.168427
0.181406
0.199723
0.205668
0.238424
0.349691
0.489855
0.478403
0.303045
0.175633
0.138553
0.11451
0.0782928
0.0292768
0.00250294
0
0
0
0
0
0
0
0
0
0
0
0
0
0
0
0
0
0
0
0
0
0
0
0
0
0
0
0
0
0
0
0
0
0
0
0
0
0
0
0
0
0
0
0
0
0.0147048
0.0559749
0.104526
0.145313
0.200188
0.3141
0.451136
0.490548
0.415441
0.315504
0.247905
0.217244
0.201781
0.18317
0.160871
0.137472
0.114585
0.0991412
0.0969416
0.102971
0.107039
0.106754
0.107835
0.11688
0.153476
0.212949
0.235428
0.197742
0.163488
0.168484
0.163042
0.137027
0.139966
0.169792
0.186668
0.181625
0.18993
0.230242
0.255983
0.263653
0.289621
0.302837
0.3026
0.317125
0.299993
0.222686
0.13788
0.0978613
0.0953299
0.101464
0.108679
0.120502
0.143749
0.183445
0.235438
0.261993
0.215186
0.140364
0.11524
0.125128
0.12765
0.11871
0.114737
0.13166
0.165441
0.20161
0.230138
0.236301
0.224687
0.222601
0.228232
0.233475
0.28252
0.411847
0.504428
0.404026
0.22425
0.147939
0.132921
0.103635
0.0566954
0.0145531
0
0
0
0
0
0
0
0
0
0
0
0
0
0
0
0
0
0
0
0
0
0
0
0
0
0
0
0
0
0
0
0
0
0
0
0
0
0
0
0
0
0
0
0
0
0
0.0156339
0.0642232
0.119734
0.151712
0.173158
0.247298
0.425036
0.58968
0.584523
0.450331
0.315902
0.238026
0.199837
0.171727
0.14683
0.126162
0.10976
0.0969796
0.0916703
0.0953204
0.101417
0.106716
0.109257
0.110509
0.129158
0.16563
0.181293
0.165422
0.161724
0.184649
0.188527
0.167972
0.174969
0.210636
0.219984
0.192129
0.181549
0.217149
0.262904
0.303539
0.337319
0.33637
0.328236
0.336835
0.31063
0.235352
0.168361
0.146403
0.145787
0.138079
0.122625
0.109333
0.112196
0.128702
0.144583
0.147275
0.125384
0.104194
0.120293
0.162862
0.187455
0.17149
0.141255
0.132277
0.146716
0.174884
0.213234
0.245924
0.261396
0.266781
0.270052
0.287573
0.357201
0.471435
0.479882
0.315485
0.168987
0.136439
0.126674
0.0861335
0.0329744
0.00446548
0
0
0
0
0
0
0
0
0
0
0
0
0
0
0
0
0
0
0
0
0
0
0
0
0
0
0
0
0
0
0
0
0
0
0
0
0
0
0
0
0
0
0
0
0
0
0.00765104
0.0523437
0.123905
0.16527
0.172144
0.197638
0.331868
0.544325
0.631861
0.525742
0.357608
0.237078
0.170485
0.136439
0.124009
0.118956
0.11195
0.101132
0.0936328
0.0957376
0.104384
0.112471
0.110215
0.102867
0.113969
0.144488
0.161478
0.160141
0.173348
0.198282
0.204995
0.194509
0.194338
0.221785
0.250531
0.241183
0.212143
0.222212
0.282956
0.34699
0.36213
0.325382
0.287801
0.263321
0.229086
0.205365
0.22188
0.254523
0.25385
0.211698
0.156472
0.11323
0.0964297
0.0989042
0.099217
0.0909497
0.0823696
0.0859533
0.114936
0.171499
0.224592
0.238661
0.216059
0.184526
0.165924
0.165943
0.182402
0.214134
0.25859
0.293005
0.306117
0.34277
0.435939
0.495745
0.397542
0.220619
0.135187
0.132694
0.119629
0.0678544
0.0171603
0.000417157
0
0
0
0
0
0
0
0
0
0
0
0
0
0
0
0
0
0
0
0
0
0
0
0
0
0
0
0
0
0
0
0
0
0
0
0
0
0
0
0
0
0
0
0
0
0
0.00143161
0.0298078
0.101436
0.166796
0.18116
0.169337
0.227711
0.407363
0.547755
0.486235
0.320064
0.203061
0.146574
0.120862
0.115647
0.116832
0.114576
0.109513
0.106915
0.109608
0.116975
0.119658
0.108717
0.0982595
0.118046
0.174978
0.219311
0.221198
0.2153
0.210844
0.203743
0.204464
0.205905
0.21951
0.261595
0.291972
0.271778
0.257832
0.310763
0.369535
0.351995
0.283439
0.222506
0.172855
0.148442
0.185711
0.269882
0.33054
0.314574
0.242937
0.166588
0.113192
0.0904093
0.0867876
0.0833461
0.0780937
0.0778188
0.0840951
0.0998712
0.133689
0.185758
0.24234
0.277267
0.272935
0.244397
0.214343
0.194793
0.198349
0.234442
0.284103
0.326226
0.397976
0.497734
0.476764
0.299567
0.157619
0.127584
0.130637
0.104422
0.0456882
0.0067314
0
0
0
0
0
0
0
0
0
0
0
0
0
0
0
0
0
0
0
0
0
0
0
0
0
0
0
0
0
0
0
0
0
0
0
0
0
0
0
0
0
0
0
0
0
0
0
0
0.00926278
0.0605826
0.143218
0.183492
0.167574
0.173016
0.28104
0.416749
0.409943
0.289678
0.194206
0.143711
0.113154
0.0988094
0.0954342
0.100696
0.113429
0.122872
0.126076
0.131812
0.127821
0.109513
0.101502
0.13113
0.209631
0.272906
0.265511
0.236301
0.222212
0.219178
0.221425
0.21494
0.21147
0.242236
0.29585
0.317883
0.315987
0.343283
0.361761
0.318263
0.261339
0.226545
0.190612
0.176524
0.219775
0.287829
0.313029
0.274186
0.210532
0.154064
0.113931
0.0944292
0.0845881
0.0774869
0.0803027
0.0894044
0.0955764
0.0972071
0.100516
0.120852
0.174836
0.253338
0.314432
0.326169
0.292721
0.244634
0.214779
0.21768
0.254437
0.320594
0.417545
0.477967
0.381348
0.208607
0.133623
0.132049
0.118454
0.073742
0.0225265
0.00105237
0
0
0
0
0
0
0
0
0
0
0
0
0
0
0
0
0
0
0
0
0
0
0
0
0
0
0
0
0
0
0
0
0
0
0
0
0
0
0
0
0
0
0
0
0
0
0
0
0.000748987
0.0263283
0.0963254
0.1629
0.176031
0.163061
0.198169
0.291593
0.353417
0.337906
0.275419
0.193769
0.125005
0.0877831
0.0762449
0.0907886
0.122255
0.1388
0.139691
0.147778
0.140705
0.116254
0.112632
0.145313
0.213584
0.258116
0.235049
0.207507
0.217898
0.238595
0.240823
0.223928
0.207972
0.215471
0.261045
0.323894
0.371166
0.389559
0.359002
0.301055
0.286113
0.309151
0.311473
0.294949
0.291612
0.292655
0.267407
0.228356
0.199629
0.166171
0.128702
0.104953
0.0884658
0.080938
0.0908549
0.104337
0.106527
0.0975105
0.0887312
0.0928459
0.11944
0.183871
0.274015
0.337509
0.342183
0.306127
0.270451
0.260894
0.283913
0.333592
0.380133
0.352772
0.235447
0.144061
0.132495
0.128845
0.0902482
0.0376864
0.00659867
0
0
0
0
0
0
0
0
0
0
0
0
0
0
0
0
0
0
0
0
0
0
0
0
0
0
0
0
0
0
0
0
0
0
0
0
0
0
0
0
0
0
0
0
0
0
0
0
0
0
0.0064849
0.0474895
0.123782
0.17587
0.17459
0.163744
0.196728
0.280784
0.372901
0.389426
0.296011
0.177652
0.108148
0.0882193
0.113571
0.158159
0.171689
0.165336
0.17149
0.157477
0.126892
0.127053
0.159582
0.205914
0.224307
0.200273
0.187095
0.206019
0.226829
0.234139
0.235798
0.231418
0.220363
0.232129
0.297936
0.394062
0.440508
0.391019
0.316291
0.311873
0.366985
0.409088
0.401351
0.360414
0.308327
0.257775
0.237182
0.233665
0.198993
0.149409
0.118454
0.100222
0.0963633
0.105342
0.108859
0.0989231
0.0840761
0.0853086
0.105389
0.122284
0.146659
0.20343
0.271465
0.319428
0.342172
0.35684
0.388459
0.423756
0.409439
0.326472
0.214608
0.136799
0.126446
0.140212
0.11596
0.0572927
0.013131
0.000597293
0
0
0
0
0
0
0
0
0
0
0
0
0
0
0
0
0
0
0
0
0
0
0
0
0
0
0
0
0
0
0
0
0
0
0
0
0
0
0
0
0
0
0
0
0
0
0
0
0
0
0
0.0184687
0.0795822
0.153258
0.183094
0.166977
0.15487
0.205839
0.344781
0.456883
0.394366
0.236395
0.134818
0.11633
0.166152
0.22827
0.233096
0.210266
0.198965
0.169792
0.136325
0.139463
0.173651
0.214523
0.232603
0.221491
0.203781
0.193191
0.19249
0.206635
0.236689
0.259623
0.248787
0.227588
0.266222
0.379812
0.461707
0.423803
0.33529
0.308924
0.364083
0.432658
0.438602
0.385263
0.319362
0.273096
0.265246
0.259917
0.21366
0.162521
0.137065
0.122843
0.121326
0.123507
0.109011
0.0851285
0.0744341
0.0959177
0.139435
0.166379
0.168389
0.173206
0.19833
0.251953
0.329932
0.415403
0.505073
0.546097
0.450179
0.266222
0.139359
0.11523
0.139027
0.142194
0.0924951
0.0298173
0.00260723
0
0
0
0
0
0
0
0
0
0
0
0
0
0
0
0
0
0
0
0
0
0
0
0
0
0
0
0
0
0
0
0
0
0
0
0
0
0
0
0
0
0
0
0
0
0
0
0
0
0
0
0
0.00535668
0.0389189
0.107048
0.16673
0.179074
0.158292
0.165147
0.270394
0.409042
0.396498
0.249668
0.142715
0.140241
0.225142
0.307341
0.298438
0.246948
0.209223
0.171376
0.142355
0.144488
0.176088
0.222677
0.259586
0.260828
0.220468
0.174163
0.161231
0.17969
0.219671
0.267625
0.280254
0.249564
0.259785
0.35975
0.44213
0.40981
0.331773
0.312404
0.371441
0.438905
0.426249
0.359467
0.316234
0.300771
0.29019
0.260704
0.205943
0.168228
0.157164
0.148157
0.151494
0.158558
0.136486
0.100099
0.089357
0.1198
0.177785
0.226488
0.233873
0.20581
0.183454
0.214485
0.304922
0.411733
0.486348
0.469785
0.335432
0.177813
0.111988
0.128456
0.151779
0.125631
0.0573117
0.0100118
0
0
0
0
0
0
0
0
0
0
0
0
0
0
0
0
0
0
0
0
0
0
0
0
0
0
0
0
0
0
0
0
0
0
0
0
0
0
0
0
0
0
0
0
0
0
0
0
0
0
0
0
0
0.000417157
0.0127043
0.0552733
0.122957
0.175803
0.179178
0.156842
0.179814
0.265701
0.30406
0.232432
0.153258
0.16802
0.273721
0.352896
0.318661
0.241496
0.195343
0.170807
0.153277
0.148726
0.165735
0.20873
0.258675
0.264809
0.209868
0.153722
0.145597
0.165668
0.199847
0.256646
0.293887
0.277191
0.284312
0.37072
0.432052
0.390772
0.327477
0.324264
0.378798
0.422797
0.386875
0.326815
0.322852
0.331072
0.300097
0.242198
0.188394
0.170352
0.172457
0.166796
0.181283
0.214182
0.206711
0.157676
0.125375
0.141521
0.197932
0.261254
0.28307
0.248265
0.20527
0.218941
0.294769
0.363362
0.353294
0.267388
0.165744
0.106849
0.112367
0.143246
0.139321
0.0848536
0.0246881
0.00121355
0
0
0
0
0
0
0
0
0
0
0
0
0
0
0
0
0
0
0
0
0
0
0
0
0
0
0
0
0
0
0
0
0
0
0
0
0
0
0
0
0
0
0
0
0
0
0
0
0
0
0
0
0
0
0.00250294
0.0198055
0.0733154
0.151324
0.193817
0.173812
0.138164
0.152054
0.206512
0.225265
0.209944
0.245535
0.333186
0.361297
0.290607
0.210892
0.184412
0.188119
0.185531
0.170105
0.163469
0.19156
0.236054
0.236822
0.18481
0.147731
0.161222
0.18462
0.199818
0.235703
0.272242
0.279818
0.317969
0.408918
0.453839
0.416361
0.37033
0.355199
0.364406
0.368719
0.335479
0.308535
0.327535
0.334531
0.290692
0.22626
0.178866
0.171461
0.18171
0.181814
0.210731
0.276338
0.297338
0.238888
0.168939
0.153561
0.190755
0.240529
0.259747
0.237211
0.211129
0.23047
0.288749
0.307966
0.243629
0.152841
0.101739
0.104033
0.137387
0.147408
0.101142
0.0379803
0.00577383
0
0
0
0
0
0
0
0
0
0
0
0
0
0
0
0
0
0
0
0
0
0
0
0
0
0
0
0
0
0
0
0
0
0
0
0
0
0
0
0
0
0
0
0
0
0
0
0
0
0
0
0
0
0
0
0.000151694
0.00491108
0.0372597
0.110509
0.180003
0.191276
0.150793
0.116501
0.142251
0.215831
0.294106
0.370949
0.416039
0.374465
0.272565
0.19796
0.189778
0.21221
0.218789
0.198273
0.179292
0.19412
0.219937
0.208361
0.166512
0.154689
0.191039
0.220809
0.224051
0.237486
0.258391
0.282491
0.353853
0.4423
0.465917
0.454076
0.457156
0.435294
0.37913
0.330028
0.298609
0.293508
0.311616
0.312232
0.280253
0.23284
0.187806
0.172201
0.18517
0.205715
0.256761
0.336333
0.367402
0.303036
0.206663
0.169792
0.191143
0.212712
0.211053
0.204966
0.216305
0.251546
0.286274
0.266602
0.192793
0.12966
0.114055
0.137889
0.160302
0.128958
0.0578521
0.0105427
0
0
0
0
0
0
0
0
0
0
0
0
0
0
0
0
0
0
0
0
0
0
0
0
0
0
0
0
0
0
0
0
0
0
0
0
0
0
0
0
0
0
0
0
0
0
0
0
0
0
0
0
0
0
0
0
0
0.000796391
0.0145436
0.0598715
0.126835
0.172864
0.166939
0.127129
0.11395
0.175614
0.297225
0.410209
0.4456
0.392032
0.297443
0.224687
0.203753
0.208711
0.20856
0.201525
0.198349
0.205677
0.20672
0.183322
0.151798
0.151893
0.191058
0.228488
0.249109
0.269711
0.282463
0.308999
0.387405
0.450615
0.446633
0.463082
0.52029
0.50659
0.407828
0.321258
0.289773
0.293129
0.298685
0.286018
0.263425
0.23759
0.202103
0.176628
0.189067
0.241278
0.320216
0.387588
0.395551
0.325336
0.231645
0.201714
0.223008
0.226611
0.212835
0.222184
0.255177
0.283487
0.276433
0.214485
0.138591
0.109371
0.129688
0.162824
0.153552
0.0862188
0.0230859
0.00180136
0
0
0
0
0
0
0
0
0
0
0
0
0
0
0
0
0
0
0
0
0
0
0
0
0
0
0
0
0
0
0
0
0
0
0
0
0
0
0
0
0
0
0
0
0
0
0
0
0
0
0
0
0
0
0
0
0
0
0.00281581
0.019322
0.0573781
0.109115
0.148129
0.145948
0.120454
0.130039
0.204445
0.305037
0.365581
0.36906
0.338599
0.29092
0.239694
0.198064
0.178818
0.187417
0.204824
0.206303
0.186545
0.15833
0.140525
0.145645
0.173054
0.213423
0.259206
0.292399
0.293451
0.310962
0.385756
0.429216
0.406358
0.428686
0.502314
0.494986
0.393569
0.313522
0.300789
0.306905
0.287166
0.249706
0.224668
0.218249
0.208105
0.189854
0.200842
0.269512
0.365733
0.420438
0.401363
0.323316
0.244568
0.231598
0.256116
0.257851
0.253233
0.274404
0.296855
0.280747
0.216476
0.131708
0.0850147
0.100165
0.146128
0.168124
0.119904
0.0419053
0.00439911
0
0
0
0
0
0
0
0
0
0
0
0
0
0
0
0
0
0
0
0
0
0
0
0
0
0
0
0
0
0
0
0
0
0
0
0
0
0
0
0
0
0
0
0
0
0
0
0
0
0
0
0
0
0
0
0
0
0
0
0
0.00262619
0.0122682
0.0419907
0.0988473
0.14262
0.137102
0.114614
0.125583
0.173225
0.221103
0.265208
0.317551
0.334891
0.287639
0.218401
0.17896
0.1786
0.192158
0.192802
0.172125
0.14848
0.146261
0.159288
0.175983
0.210636
0.265511
0.297632
0.281496
0.290455
0.368435
0.411714
0.375859
0.365895
0.408767
0.405307
0.340676
0.3006
0.301794
0.288919
0.243876
0.199524
0.182686
0.194462
0.210162
0.209991
0.219235
0.27887
0.378029
0.440612
0.411212
0.317779
0.243449
0.239552
0.267464
0.280415
0.292759
0.311227
0.291962
0.212627
0.116311
0.0620806
0.0690869
0.113211
0.158548
0.149399
0.0748797
0.0141265
0
0
0
0
0
0
0
0
0
0
0
0
0
0
0
0
0
0
0
0
0
0
0
0
0
0
0
0
0
0
0
0
0
0
0
0
0
0
0
0
0
0
0
0
0
0
0
0
0
0
0
0
0
0
0
0
0
0
0
0
0
1.68414e-20
0.000199098
0.0106849
0.0554345
0.1218
0.150651
0.128484
0.103095
0.0969416
0.0927985
0.116908
0.208265
0.300049
0.308545
0.258183
0.207365
0.173926
0.162189
0.173262
0.177064
0.165621
0.172305
0.189048
0.196462
0.220856
0.271152
0.299671
0.288986
0.309492
0.388146
0.428213
0.374665
0.31082
0.300752
0.302117
0.289915
0.284634
0.271465
0.232508
0.194471
0.178316
0.182212
0.205099
0.229209
0.236329
0.237163
0.272167
0.365619
0.45252
0.436498
0.331735
0.249195
0.245696
0.278727
0.301273
0.316224
0.309388
0.235409
0.122758
0.0530264
0.0494521
0.084645
0.132599
0.152158
0.103787
0.0327658
0.00243658
0
0
0
0
0
0
0
0
0
0
0
0
0
0
0
0
0
0
0
0
0
0
0
0
0
0
0
0
0
0
0
0
0
0
0
0
0
0
0
0
0
0
0
0
0
0
0
0
0
0
0
0
0
0
0
0
0
0
0
0
0
0
1.89617e-05
0.00271152
0.0271247
0.0985439
0.179747
0.188745
0.131101
0.0764915
0.0415545
0.0318462
0.0963443
0.216115
0.285573
0.271371
0.209934
0.128939
0.0918125
0.144166
0.202767
0.209669
0.216154
0.221017
0.204663
0.210844
0.254305
0.28964
0.305283
0.34131
0.408131
0.440964
0.376788
0.276461
0.231854
0.236092
0.252712
0.259557
0.235599
0.204853
0.211518
0.232774
0.242311
0.257945
0.273314
0.272859
0.257813
0.25986
0.330407
0.440632
0.473975
0.391615
0.297461
0.274423
0.295679
0.311275
0.305435
0.259358
0.161354
0.0728129
0.050258
0.0747091
0.116245
0.144924
0.117344
0.0492151
0.00715804
0
0
0
0
0
0
0
0
0
0
0
0
0
0
0
0
0
0
0
0
0
0
0
0
0
0
0
0
0
0
0
0
0
0
0
0
0
0
0
0
0
0
0
0
0
0
0
0
0
0
0
0
0
0
0
0
0
0
0
0
0
0
0
0
0.000255983
0.00815353
0.0634743
0.188602
0.274281
0.2177
0.107598
0.0503528
0.030917
0.049509
0.13277
0.210285
0.193258
0.114159
0.0431852
0.0199193
0.121194
0.24525
0.259462
0.249697
0.237192
0.195467
0.174978
0.206009
0.254807
0.292797
0.332323
0.391303
0.421613
0.358176
0.259945
0.216637
0.224933
0.245383
0.252257
0.237059
0.242558
0.299301
0.332986
0.318187
0.314821
0.325222
0.328056
0.313275
0.287497
0.30644
0.398604
0.472781
0.434317
0.334267
0.264677
0.246208
0.251299
0.235476
0.178382
0.107001
0.0694567
0.0836021
0.129129
0.161203
0.133225
0.0626684
0.012638
0
0
0
0
0
0
0
0
0
0
0
0
0
0
0
0
0
0
0
0
0
0
0
0
0
0
0
0
0
0
0
0
0
0
0
0
0
0
0
0
0
0
0
0
0
0
0
0
0
0
0
0
0
0
0
0
0
0
0
0
0
0
0
0
0
0
0.000730025
0.022005
0.117306
0.253442
0.273551
0.165128
0.0818386
0.066309
0.0717795
0.101701
0.131708
0.0853655
0.0170371
0
0
0.137273
0.290057
0.270517
0.24216
0.245298
0.218268
0.176751
0.172276
0.210816
0.252029
0.296343
0.359182
0.371507
0.309161
0.26461
0.271446
0.293906
0.305482
0.302467
0.293138
0.322785
0.393369
0.400518
0.354669
0.34679
0.366085
0.387056
0.392923
0.359627
0.324672
0.348564
0.389692
0.35648
0.248759
0.14409
0.114178
0.141824
0.148328
0.116813
0.0884752
0.097994
0.156567
0.210958
0.180781
0.0879443
0.020052
0.000815353
0
0
0
0
0
0
0
0
0
0
0
0
0
0
0
0
0
0
0
0
0
0
0
0
0
0
0
0
0
0
0
0
0
0
0
0
0
0
0
0
0
0
0
0
0
0
0
0
0
0
0
0
0
0
0
0
0
0
0
0
0
0
0
0
0
0
0
0.00197202
0.0295802
0.11559
0.196073
0.17897
0.121478
0.10409
0.110499
0.118008
0.106223
0.0452236
0
0
0.0115666
0.157135
0.276423
0.224317
0.211499
0.270488
0.296153
0.247412
0.195685
0.190992
0.203677
0.244255
0.302979
0.285932
0.242236
0.290768
0.37309
0.404936
0.398537
0.388041
0.381471
0.40723
0.440811
0.399494
0.3444
0.349994
0.373821
0.393863
0.406121
0.388137
0.349019
0.315456
0.271332
0.192556
0.0956238
0.0273333
0.0425974
0.101066
0.119051
0.106157
0.105294
0.144735
0.21276
0.217737
0.124351
0.0336949
0.00323297
0
0
0
0
0
0
0
0
0
0
0
0
0
0
0
0
0
0
0
0
0
0
0
0
0
0
0
0
0
0
0
0
0
0
0
0
0
0
0
0
0
0
0
0
0
0
0
0
0
0
0
0
0
0
0
0
0
0
0
0
0
0
0
0
0
0
0
0
0
0
0.018317
0.0696652
0.115809
0.124721
0.118785
0.119411
0.121251
0.101976
0.0416114
0
0
0.0115666
0.0947895
0.166664
0.156358
0.177794
0.265492
0.325942
0.287639
0.228422
0.195618
0.158984
0.168029
0.212826
0.204293
0.214153
0.319723
0.415526
0.428268
0.416911
0.424334
0.433957
0.441172
0.411212
0.330541
0.286653
0.305245
0.325544
0.327355
0.32598
0.32616
0.314878
0.269066
0.180705
0.0845691
0.0289545
0.0322254
0.0808337
0.122445
0.128627
0.126218
0.134675
0.157439
0.162189
0.109665
0.0387767
0.00512914
0
0
0
0
0
0
0
0
0
0
0
0
0
0
0
0
0
0
0
0
0
0
0
0
0
0
0
0
0
0
0
0
0
0
0
0
0
0
0
0
0
0
0
0
0
0
0
0
0
0
0
0
0
0
0
0
0
0
0
0
0
0
0
0
0
0
0
0
0
0
0
0
0.00944292
0.0386439
0.0716941
0.0901059
0.0985913
0.103493
0.0971312
0.0553397
0.0107228
0
0
0.0186299
0.0699212
0.111931
0.135358
0.189228
0.240832
0.231029
0.210484
0.190262
0.131404
0.103768
0.127991
0.151295
0.202862
0.286454
0.325439
0.31866
0.33475
0.368834
0.383387
0.363979
0.294172
0.216467
0.194414
0.219728
0.246274
0.246388
0.233485
0.228166
0.221729
0.194803
0.149105
0.0963443
0.0620806
0.0794021
0.114529
0.123981
0.126626
0.132656
0.12619
0.101938
0.0613316
0.0203364
0.00191513
0
0
0
0
0
0
0
0
0
0
0
0
0
0
0
0
0
0
0
0
0
0
0
0
0
0
0
0
0
0
0
0
0
0
0
0
0
0
0
0
0
0
0
0
0
0
0
0
0
0
0
0
0
0
0
0
0
0
0
0
0
0
0
0
0
0
0
0
0
0
0
0
0
0
0.00459821
0.0186204
0.0378096
0.0576151
0.0780463
0.0927701
0.0818292
0.047499
0.0216827
0.016582
0.0313152
0.0771172
0.116899
0.119212
0.125346
0.148489
0.163279
0.169679
0.157572
0.11212
0.0740454
0.0687456
0.0855267
0.126835
0.168342
0.175367
0.187635
0.237259
0.266868
0.248238
0.202634
0.153827
0.138363
0.15395
0.178354
0.201914
0.205971
0.190897
0.174144
0.163715
0.160482
0.15814
0.130542
0.0898974
0.0869867
0.103692
0.107257
0.106555
0.0967805
0.0685655
0.0331545
0.00914901
0.000986008
0
0
0
0
0
0
0
0
0
0
0
0
0
0
0
0
0
0
0
0
0
0
0
0
0
0
0
0
0
0
0
0
0
0
0
0
0
0
0
0
0
0
0
0
0
0
0
0
0
0
0
0
0
0
0
0
0
0
0
0
0
0
0
0
0
0
0
0
0
0
0
0
0
0
0
0
0.00137472
0.00706323
0.0206777
0.0449297
0.0723768
0.0852992
0.0716088
0.0420381
0.0285942
0.0502295
0.0934148
0.131025
0.147313
0.146555
0.148944
0.165858
0.173367
0.150888
0.112263
0.0742635
0.0458588
0.0362168
0.0501347
0.0701203
0.0791271
0.105218
0.148887
0.154841
0.118217
0.0832608
0.0878685
0.13551
0.180022
0.196111
0.200416
0.200728
0.193703
0.179681
0.16381
0.148944
0.12784
0.0932915
0.0658729
0.0691817
0.0846639
0.0861714
0.068812
0.0409288
0.0170181
0.00383026
0
0
0
0
0
0
0
0
0
0
0
0
0
0
0
0
0
0
0
0
0
0
0
0
0
0
0
0
0
0
0
0
0
0
0
0
0
0
0
0
0
0
0
0
0
0
0
0
0
0
0
0
0
0
0
0
0
0
0
0
0
0
0
0
0
0
0
0
0
0
0
0
0
0
0
0
0
0
0
0.000388715
0.00358376
0.0157098
0.0371649
0.0539744
0.0499735
0.0294949
0.0209432
0.0351739
0.056904
0.0898215
0.134363
0.16235
0.171556
0.186346
0.196121
0.179321
0.147958
0.114804
0.0848062
0.0683758
0.0683758
0.0720923
0.069305
0.0745574
0.0893854
0.0890915
0.0751736
0.0737515
0.103275
0.152433
0.188062
0.200709
0.201373
0.197382
0.187778
0.163734
0.124834
0.0828721
0.0511017
0.0401135
0.0470724
0.0576435
0.0610092
0.0492625
0.0258732
0.00746142
0.000872238
0
0
0
0
0
0
0
0
0
0
0
0
0
0
0
0
0
0
0
0
0
0
0
0
0
0
0
0
0
0
0
0
0
0
0
0
0
0
0
0
0
0
0
0
0
0
0
0
0
0
0
0
0
0
0
0
0
0
0
0
0
0
0
0
0
0
0
0
0
0
0
0
0
0
0
0
0
0
0
0
0
0
0.00224696
0.00904473
0.0162217
0.0155486
0.00913953
0.0184782
0.0429672
0.052704
0.0548467
0.0734955
0.094524
0.10592
0.122436
0.141729
0.146858
0.140155
0.128304
0.114595
0.106697
0.106953
0.10774
0.101777
0.0976432
0.102573
0.107655
0.10994
0.118179
0.137046
0.155457
0.163782
0.167005
0.161971
0.143464
0.115316
0.0784824
0.0420191
0.0167527
0.013842
0.0345861
0.0504002
0.0437731
0.0279306
0.0136809
0.00344155
0
0
0
0
0
0
0
0
0
0
0
0
0
0
0
0
0
0
0
0
0
0
0
0
0
0
0
0
0
0
0
0
0
0
0
0
0
0
0
0
0
0
0
0
0
0
0
0
0
0
0
0
0
0
0
0
0
0
0
0
0
0
0
0
0
0
0
0
0
0
0
0
0
0
0
0
0
0
0
0
0
0
0
0
0
0.000142213
0.000549889
0.000407676
0
0.0144583
0.0511681
0.0774964
0.0740264
0.0595207
0.0434223
0.0290303
0.0342733
0.0589614
0.080426
0.0908929
0.0915565
0.0844933
0.0783781
0.0812129
0.09131
0.0983827
0.102535
0.109722
0.115477
0.116652
0.120407
0.129357
0.129992
0.114908
0.0935949
0.0706797
0.0485135
0.028964
0.013605
0.0106944
0.014847
0.0236357
0.0365487
0.035373
0.0190091
0.0053946
0.000739506
0
0
0
0
0
0
0
0
0
0
0
0
0
0
0
0
0
0
0
0
0
0
0
0
0
0
0
0
0
0
0
0
0
0
0
0
0
0
0
0
0
0
0
0
0
0
0
0
0
0
0
0
0
0
0
0
0
0
0
0
0
0
0
0
0
0
0
0
0
0
0
0
0
0
0
0
0
0
0
0
0
0
0
0
0
0
0
0
0
0
0.00526187
0.0258163
0.0526566
0.0661478
0.0630192
0.0456408
0.0228014
0.019284
0.0407866
0.0645645
0.0791461
0.08291
0.0751547
0.0635596
0.0603076
0.067333
0.0719406
0.0715899
0.0742635
0.0783781
0.0807863
0.0872332
0.0977854
0.0962021
0.0727086
0.0397153
0.0150177
0.0074235
0.0104953
0.0177861
0.0264136
0.0263662
0.020033
0.0154538
0.00959461
0.00299595
0.00022754
0
0
0
0
0
0
0
0
0
0
0
0
0
0
0
0
0
0
0
0
0
0
0
0
0
0
0
0
0
0
0
0
0
0
0
0
0
0
0
0
0
0
0
0
0
0
0
0
0
0
0
0
0
0
0
0
0
0
0
0
0
0
0
0
0
0
0
0
0
0
0
0
0
0
0
0
0
0
0
0
0
0
0
0
0
0
0
0
0
0
0
0.000350791
0.00370701
0.01187
0.0219102
0.0290303
0.0277315
0.0206114
0.0224791
0.0357807
0.048997
0.0618625
0.07524
0.0800847
0.0734197
0.0654178
0.0641474
0.0641379
0.0620616
0.0632657
0.0670675
0.070765
0.0783402
0.0874513
0.0865696
0.0689068
0.0412891
0.0215594
0.0177576
0.0200141
0.0215026
0.0202037
0.0129508
0.00468354
0.000910161
8.53276e-05
0
0
0
0
0
0
0
0
0
0
0
0
0
0
0
0
0
0
0
0
0
0
0
0
0
0
0
0
0
0
0
0
0
0
0
0
0
0
0
0
0
0
0
0
0
0
0
0
0
0
0
0
0
0
0
0
0
0
0
0
0
0
0
0
0
0
0
0
0
0
0
0
0
0
0
0
0
0
0
0
0
0
0
0
0
0
0
0
0
0
0
0
0
0
0
0
0.000796391
0.00280633
0.00411469
0.00464561
0.00740454
0.011377
0.0140601
0.0194831
0.0314006
0.0417536
0.0416683
0.0340647
0.0302913
0.0370417
0.0465889
0.0531686
0.056174
0.0557474
0.0572738
0.0599853
0.0588476
0.0499925
0.0320927
0.0165346
0.0114149
0.00958513
0.00644697
0.00326141
0.000872238
0
0
0
0
0
0
0
0
0
0
0
0
0
0
0
0
0
0
0
0
0
0
0
0
0
0
0
0
0
0
0
0
0
0
0
0
0
0
0
0
0
0
0
0
0
0
0
0
0
0
0
0
0
0
0
0
0
0
0
0
0
0
0
0
0
0
0
0
0
0
0
0
0
0
0
0
0
0
0
0
0
0
0
0
0
0
0
0
0
0
0
0
0
0
0
0
0
0
0
0
0
0
0
0
0
0
0.000398195
0.00301491
0.00634268
0.00657971
0.00294854
0.000616255
0.00576435
0.0134818
0.0178809
0.0189048
0.0173689
0.0162312
0.0160605
0.0156244
0.0133964
0.00758468
0.00199098
0.000180136
6.63659e-05
0
0
0
0
0
0
0
0
0
0
0
0
0
0
0
0
0
0
0
0
0
0
0
0
0
0
0
0
0
0
0
0
0
0
0
0
0
0
0
0
0
0
0
0
0
0
0
0
0
0
0
0
0
0
0
0
0
0
0
0
0
0
0
0
0
0
0
0
0
0
0
0
0
0
0
0
0
0
0
0
0
0
0
0
0
0
0
0
0
0
0
0
0
0
0
0
0
0
0
0
0
0
0
0
0
0
0
0
0
0
0
0
0
0
0
0
0
0
0
0
0
0
0
0
0
0
0
0
0
0
0
0
0
0
0
0
0
0
0
0
0
0
0
0
0
0
0
0
0
0
0
0
0
0
0
0
0
0
0
0
0
0
0
0
0
0
0
0
0
0
0
0
0
0
0
0
0
0
0
0
0
0
0
0
0
0
0
0
0
0
0
0
0
0
0
0
0
0
0
0
0
0
0
0
0
0
0
0
0
0
0
0
0
0
0
0
0
0
0
0
0
0
0
0
0
0
0
0
0
0
0
0
0
0
0
0
0
0
0
0
0
0
0
0
0
0
0
0
0
0
0
0
0
0
0
0
0
0
0
0
0
0
0
0
0
0
0
0
0
0
0
0
0
0
0
0
0
0
0
0
0
0
0
0
0
0
0
0
0
0
0
0
0
0
0
0
0
0
0
0
0
0
0
0
0
0
0
0
0
0
0
0
0
0
0
0
0
0
0
0
0
0
0
0
0
0
0
0
0
0
0
0
0
0
0
0
0
0
0
0
0
0
0
0
0
0
0
0
0
0
0
0
0
0
0
0
0
0
0
0
0
0
0
0
0
0
0
0
0
0
0
0
0
0
0
0
0
0
0
0
0
0
0
0
0
0
0
0
0
0
0
0
0
0
0
0
0
0
0
0
0
0
0
0
0
0
0
0
0
0
0
0
0
0
0
0
0
0
0
0
0
0
0
0
0
0
0
0
0
0
0
0
0
0
0
0
0
0
0
0
0
0
0
0
0
0
0
0
0
0
0
0
0
0
0
0
0
0
0
0
0
0
0
0
0
0
0
0
0
0
0
0
0
0
0
0
0
0
0
0
0
0
0
0
0
0
0
0
0
0
0
0
0
0
0
0
0
0
0
0
0
0
0
0
0
0
0
0
0
0
0
0
0
0
0
0
0
0
0
0
0
0
0
0
0
0
0
0
0
0
0
0
0
0
0
0
0
0
0
0
0
0
0
0
0
0
0
0
0
0
0
0
0
0
0
0
0
0
0
0
0
0
0
0
0
0
0
0
0
0
0
0
0
0
0
0
0
0
0
0
0
0
0
0
0
0
0
0
0
0
0
0
0
0
0
0
0
0
0
0
0
0
0
0
0
0
0
0
0
0
0
0
0
0
0
0
0
0
0
0
0
0
0
0
0
0
0
0
0
0
0
0
0
0
0
0
0
0
0
0
0
0
0
0
0
0
0
0
0
0
0
0
0
0
0
0
0
0
0
0
0
0
0
0
0
0
0
0
0
0
0
0
0
0
0
0
0
0
0
0
0
0
0
0
0
0
0
0
0
0
0
0
0
0
0
0
0
0
0
0
0
0
0
0
0
0
0
0
0
0
0
0
0
0
0
0
0
0
0
0
0
0
0
0
0
0
0
0
0
0
0
0
0
0
0
0
0
0
0
0
0
0
0
0
0
0
0
0
0
0
0
0
0
0
0
0
0
0
0
0
0
0
0
0
0
0
0
0
0
0
0
0
0
0
0
0
0
0
0
0
0
0
0
0
0
0
0
0
0
0
0
0
0
0
0
0
0
0
0
0
0
0
0
0
0
0
0
0
0
0
0
0
0
0
0
0
0
0
0
0
0
0
0
0
0
0
0
0
0
0
0
0
0
0
0
0
0
0
0
0
0
0
0
0
0
0
0
0
0
0
0
0
0
0
0
0
0
0
0
0
0
0
0
0
0
0
0
0
0
0
0
0
0
0
0
0
0
0
0
0
0
0
0
0
0
0
0
0
0
0
0
0
0
0
0
0
0
0
0
0
0
0
0
0
0
0
0
0
0
0
0
0
0
0
0
0
0
0
0
0
0
0
0
0
0
0
0
0
0
0
0
0
0
0
0
0
0
0
0
0
0
0
0
0
0
0
0
0
0
0
0
0
0
0
0
0
0
0
0
0
0
0
0
0
0
0
0
0
0
0
0
0
0
0
0
0
0
0
0
0
0
0
0
0
0
0
0
0
0
0
0
0
0
0
0
0
0
0
0
0
0
0
0
0
0
0
0
0
0
0
0
0
0
0
0
0
0
0
0
0
0
0
0
0
0
0
0
0
0
0
0
0
0
0
0
0
0
0
0
0
0
0
0
0
0
0
0
0
0
0
0
0
0
0
0
0
0
0
0
0
0
0
0
0
0
0
0
0
0
0
0
0
0
0
0
0
0
0
0
0
0
0
0
0
0
0
0
0
0
0
0
0
0
0
0
0
0
0
0
0
0
0
0
0
0
0
0
0
0
0
0
0
0
0
0
0
0
0
0
0
0
0
0
0
0
0
0
0
0
0
0
0
0
0
0
0
0
0
0
0
0
0
0
0
0
0
0
0
0
0
0
0
0
0
0
0
0
0
0
0
0
0
0
0
0
0
0
0
0
0
0
0
0
0
0
0
0
0
0
0
0
0
0
0
0
0
0
0
0
0
0
0
0
0
0
0
0
0
0
0
0
0
0
0
0
0
0
0
0
0
0
0
0
0
0
0
0
0
0
0
0
0
0
0
0
0
0
0
0
0
0
0
0
0
0
0
0
0
0
0
0
0
0
0
0
0
0
0
0
0
0
0
0
0
0
0
0
0
0
0
0
0
0
0
0
0
0
0
0
0
0
0
0
0
0
0
0
0
0
0
0
0
0
0
0
0
0
0
0
0
0
0
0
0
0
0
0
0
0
0
0
0
0
0
0
0
0
0
0
0
0
0
0
0
0
0
0
0
0
0
0
0
0
0
0
0
0
0
0
0
0
0
0
0
0
0
0
0
0
0
0
0
0
0
0
0
0
0
0
0
0
0
0
0
0
0
0
0
0
0
0
0
0
0
0
0
0
0
0
0
0
0
0
0
0
0
0
0
0
0
0
0
0
0
0
0
0
0
0
0
0
0
0
0
0
0
0
0
0
0
0
0
0
0
0
0
0
0
0
0
0
0
0
0
0
0
0
0
0
0
0
0
0
0
0
0
0
0
0
0
0
0
0
0
0
0
0
0
0
0
0
0
0
0
0
0
0
0
0
0
0
0
0
0
0
0
0
0
0
0
